1 0.6478421149925768 0.2792475307526779 0.1542448439616777 0.14233404535327185
1 0.7487063314100633 0.46077988876508635 0.14551829715018094 0.18439427601845376
1 0.6582727611928181 0.5229702587523597 0.15243003844375363 0.16729768268618095
1 0.6934998530067892 0.3906486547580867 0.12709584577069996 0.19042610001590835
1 0.6401291915413999 0.3853429894175416 0.12734150723608922 0.19511360001590833
1 0.5765923139972087 0.4244231234086329 0.14420810266810502 0.1593942760184536
1 0.5622608983479479 0.5234146067393148 0.14980300542706698 0.1469670013526354
1 0.5280740061044356 0.6010941640674514 0.1463438127540133 0.17034995735199915
1 0.4646057276103045 0.7010754353914519 0.1460981512886239 0.16566245735199914
1 0.43660247908064254 0.5242947593889065 0.13704405585660825 0.20147268801718105
1 0.6543056354576491 0.6111515114178598 0.15087418249628842 0.13761018268618094
1 0.6792071381711826 0.6840532094207232 0.15638719810012064 0.12362040802036275