1 0.57421875 0.24609375 0.1234375 0.11484375
1 0.70703125 0.39921875 0.0984375 0.1640625
1 0.63125 0.48359375 0.1125 0.1421875
1 0.63984375 0.34453125 0.0765625 0.175
1 0.5875 0.35234375 0.0765625 0.18046875
1 0.5328125 0.40703125 0.10546875 0.13671875
1 0.53828125 0.5078125 0.11640625 0.1203125
1 0.5203125 0.59296875 0.10546875 0.14765625
1 0.478125 0.7078125 0.10546875 0.1421875
1 0.41640625 0.540625 0.08359375 0.1859375
1 0.64375 0.57109375 0.1203125 0.109375
1 0.68203125 0.63671875 0.13125 0.09296875