1 0.5803470719141194 0.21731705902442694 0.12568177693097127 0.12373847241038013
1 0.7109390626425414 0.36598917514865753 0.10252607806243948 0.1709476650834338
1 0.6340771016737611 0.4528550893275803 0.11646131303532492 0.1498096494796016
1 0.6442055597156752 0.313219379241672 0.08071471057599684 0.1807387449116174
1 0.5919027163315335 0.3229938489385186 0.08074198165323558 0.18542624491161738
1 0.5367475837197803 0.37980709294562487 0.108621541958086 0.14471271370395283
1 0.5412401618804156 0.4803836250578005 0.1194590480082102 0.1280984237898611
1 0.5221997912707149 0.5657822144969223 0.10868517447164336 0.155650213703953
1 0.47833213748352693 0.6821784984181203 0.10864881303532492 0.149400213703953
1 0.4187611738824681 0.517280516735486 0.0885908430895542 0.19208568068726617
1 0.6455236617822198 0.539781879241672 0.12252041549465283 0.11732469810012063
1 0.6834100020431034 0.6042228375185579 0.13336701190385652 0.10227290818602892