1 0.720846659969774 0.23949444471659787 0.02699885200509069 0.03811824905006951
1 0.6970909866327288 0.2662926808488895 0.026980670671545325 0.03655574905006951
1 0.6725540632956836 0.2930727331855908 0.025418170671545327 0.03651938145888885
1 0.6472358899586382 0.3198346017267019 0.023819308004454243 0.033358013867708355
1 0.6226898759548203 0.34739590406340326 0.025418170671545327 0.03651938145888885
1 0.5973807932845476 0.37337652260451437 0.028543170671545326 0.03659211664124999
1 0.5736342106142752 0.399393508736806 0.030105670671545327 0.03662848423243057
1 0.5490881966104572 0.4269548110735074 0.028597714672181595 0.041279616641249996
1 0.523760932606639 0.45449792961461843 0.028579533338636054 0.039717116641250175
1 0.5007865092695939 0.4813143495425004 0.028543170671545326 0.03659211664124999
1 0.6991705599538658 0.3562091660312506 0.03170453333863606 0.039789851823611146
1 0.675433067950366 0.3814449021635422 0.03174089600572696 0.04291485182361114
1 0.6501239852800934 0.4074255207046534 0.03175907733927232 0.04447735182361114
1 0.626368311943048 0.43422375683694503 0.03174089600572714 0.04291485182361114
1 0.6026217292727756 0.46024074296923667 0.03175907733927232 0.04447735182361114
1 0.5765132152689575 0.4877656777147575 0.03174089600572696 0.04291485182361114
1 0.552766632598685 0.5137826638470491 0.030178396005727137 0.04287848423243048
1 0.5282024372613214 0.5429064661837504 0.03017839600572696 0.04287848423243048
1 0.512922882598685 0.5128552902719449 0.033285214672181596 0.04138871941479181