1 0.66640625 0.18515625 0.0203125 0.03359375
1 0.6484375 0.21640625 0.0203125 0.03203125
1 0.6296875 0.24765625 0.01875 0.0328125
1 0.6109375 0.2796875 0.01796875 0.03046875
1 0.5921875 0.31171875 0.01953125 0.0328125
1 0.57265625 0.34296875 0.021875 0.0328125
1 0.5546875 0.3734375 0.0234375 0.03203125
1 0.53671875 0.40546875 0.021875 0.0375
1 0.5171875 0.4375 0.021875 0.03515625
1 0.5 0.46875 0.021875 0.03203125
1 0.66875 0.30390625 0.02421875 0.03515625
1 0.65078125 0.33359375 0.02421875 0.03828125
1 0.63125 0.36484375 0.02421875 0.03984375
1 0.61328125 0.39609375 0.02421875 0.0390625
1 0.5953125 0.4265625 0.025 0.0390625
1 0.57578125 0.459375 0.02421875 0.03828125
1 0.5578125 0.48984375 0.0234375 0.03828125
1 0.53984375 0.5234375 0.0234375 0.0390625
1 0.51875 0.496875 0.02578125 0.0359375