1 0.825 0.6640625 0.034375 0.021875
1 0.79296875 0.6453125 0.0328125 0.021875
1 0.7609375 0.62578125 0.034375 0.01875
1 0.72734375 0.60625 0.03125 0.01875
1 0.69375 0.58671875 0.034375 0.0203125
1 0.66171875 0.56640625 0.034375 0.0234375
1 0.6296875 0.54765625 0.0328125 0.025
1 0.59609375 0.52890625 0.0390625 0.0234375
1 0.5625 0.50859375 0.0375 0.021875
1 0.5296875 0.490625 0.0328125 0.0234375
1 0.7015625 0.66640625 0.0375 0.025
1 0.67109375 0.64765625 0.040625 0.025
1 0.63828125 0.628125 0.040625 0.025
1 0.60625 0.60859375 0.040625 0.025
1 0.5734375 0.58984375 0.040625 0.025
1 0.53984375 0.5703125 0.040625 0.025
1 0.5078125 0.55078125 0.040625 0.025
1 0.47265625 0.53203125 0.040625 0.025
1 0.50078125 0.51015625 0.0375 0.0265625