1 0.9699080200582596 0.12958864516594498 0.05491012351524986 0.17107878742738744
1 0.1014759879923131 0.668578717949296 0.1559557979675712 0.21167386228216234
1 0.2545053627612039 0.5038526302742395 0.14286476458147634 0.19077916542531542
1 0.7418833423072326 0.45852709016076504 0.14300115690134446 0.19546666542531543
1 0.5816468727903338 0.5759971881749036 0.13675115690134448 0.19517556699689215
1 0.2683141470052286 0.6459844722925222 0.1366147645814763 0.19048806699689197
1 0.46719924254465967 0.38003833292205474 0.1298646594086268 0.1730094685684686
1 0.7691371979423007 0.7552907741973303 0.14277383636823088 0.18765416542531543
1 0.32752664027480394 0.2734159594722406 0.13473401583511765 0.17947779238978614
1 0.7014642454476535 0.23883532837394075 0.13987615690134447 0.1953211162111037
1 0.1306302228821113 0.07332618403656528 0.1262395542357774 0.14665236807313056
1 0.1742341557142102 0.25949050827216763 0.14143865690134438 0.1953938908182096
1 0.5595829708370472 0.34218726840636204 0.13045569279472174 0.19332196856846853
1 0.4302421825028945 0.7921402266357485 0.14773412100796718 0.19724748924663302
1 0.49269230219071325 0.12060767494033735 0.1365693004748536 0.18892556699689197
1 0.16407396173235425 0.9036214979330854 0.14100073620994644 0.12671666542531562