0 0.700124778125 0.5640780078125001 0.6667987625 0.5630535734375 0.5878105171875 0.635500684375 0.540589865625 0.686261634375 0.52782868125 0.7381996625 0.54274825625 0.7730938734375 0.569274025 0.7732028421875 0.703634540625 0.658015453125 0.7170822578125 0.6009773546875 0.700124778125 0.5640780078125001
0 0.560716134375 0.3653052546875 0.533721921875 0.3772489375 0.498705928125 0.40695638437500004 0.44998217812499997 0.44213314375 0.4243176234375 0.47848749843749994 0.4331234015625 0.5073661656249999 0.45871207187499996 0.5315807343750001 0.56535936875 0.45939521250000004 0.5889859265624999 0.421035709375 0.5833622859375 0.385662046875 0.560716134375 0.3653052546875
0 0.3510194203125 0.7143988484375 0.3825905515625 0.6684545609375 0.4486861859375 0.571771128125 0.441722034375 0.5206394921874999 0.4136269078125 0.50647255625 0.39660431093750004 0.52148941875 0.312091384375 0.6606953328125 0.311829965625 0.68835356875 0.32426480625 0.71598988125 0.3510194203125 0.7143988484375
0 0.356094775 0.2823739171875 0.3234226578125 0.30220744375 0.2858348671875 0.4129075484375 0.260139478125 0.506581165625 0.2768681875 0.54518065625 0.2945447796875 0.5510217 0.3217895484375 0.5200725484375 0.3727367640625 0.3901949046875 0.38371050156250003 0.3172463234375 0.356094775 0.2823739171875
1 0.449967146875 0.158150971875 0.414867353125 0.24009129687500003 0.437949578125 0.274353434375 0.4989022515625 0.30159765156249996 0.5170798421875 0.2694279375 0.5477790031249999 0.1956729765625 0.47645110468749996 0.1254921484375 0.4580771390625 0.1334037765625 0.449967146875 0.158150971875
1 0.6094983112921568 0.2662723739556453 0.13350220258518863 0.1754695266917457
1 0.527258690625 0.28810646875 0.46102094375 0.3172683421875 0.42631091718749997 0.33509673125 0.37274761875 0.38154220156249996 0.36478134687499997 0.40643232500000004 0.3728681078125 0.46636924375 0.3891716125 0.4824105546875 0.41275485312500004 0.47866180625 0.543475546875 0.3733694171875 0.550079603125 0.3500267265625 0.527258690625 0.28810646875
0 0.36833451875 0.4657589625 0.344425534375 0.4813557453125 0.271147046875 0.5876813328125 0.262941096875 0.6229240296875 0.2842142546875 0.6534810328125 0.3096065390625 0.6534376156249999 0.39000035 0.5448320578125 0.3973016984375 0.5077366515625 0.387133703125 0.48040541875000004 0.36833451875 0.4657589625
0 0.6416230796875 0.390043025 0.61462878125 0.4019866953125 0.583853828125 0.53631059375 0.568357346875 0.5999962546875001 0.5794298578125 0.6291801859375 0.595057696875 0.64166873125 0.6345518578125 0.6054452171875 0.6621663015625 0.46031083749999996 0.6628962484375001 0.42059996093749996 0.6416230796875 0.390043025
1 0.5482995316346615 0.12790755232054615 0.08733285672980173 0.11431185079830275
1 0.6156780326232447 0.12985737148418733 0.08784219269935693 0.12681185079830276