1 0.115625 0.0296875 0.165625 0.059375
1 0.7453125 0.865625 0.2 0.134375
1 0.5625 0.73203125 0.178125 0.1234375
1 0.47734375 0.23046875 0.184375 0.121875
1 0.61171875 0.3796875 0.184375 0.115625
1 0.709375 0.69609375 0.18125 0.1171875
1 0.41796875 0.5296875 0.1625 0.1125
1 0.7828125 0.15546875 0.175 0.1234375
1 0.31875 0.6921875 0.16875 0.115625
1 0.253125 0.3078125 0.184375 0.11875
1 0.1109375 0.93125 0.16875 0.109375
1 0.31640625 0.8546875 0.184375 0.121875
1 0.3703125 0.43984375 0.184375 0.109375
1 0.846875 0.50390625 0.184375 0.1265625
1 0.14765625 0.54453125 0.178125 0.115625
1 0.9640625 0.7640625 0.071875 0.13125