1 0.95859375 0.1171875 0.0828125 0.159375
1 0.1453125 0.71875 0.128125 0.190625
1 0.2734375 0.54453125 0.11796875 0.17109375
1 0.75390625 0.4625 0.1171875 0.17578125
1 0.6109375 0.59140625 0.11015625 0.1765625
1 0.30859375 0.684375 0.11171875 0.17265625
1 0.4671875 0.40546875 0.10703125 0.1546875
1 0.82578125 0.7546875 0.11796875 0.16796875
1 0.31171875 0.3109375 0.11015625 0.16171875
1 0.6796875 0.2484375 0.1140625 0.17578125
1 0.0828125 0.1125 0.10390625 0.16015625
1 0.15625 0.30859375 0.115625 0.17578125
1 0.55390625 0.3609375 0.1046875 0.17578125
1 0.4921875 0.81640625 0.12109375 0.1765625
1 0.453125 0.146875 0.1109375 0.17109375
1 0.24296875 0.946875 0.12578125 0.10625