1 0.9890694762518895 0.2554961643196046 0.021861047496221177 0.17447421034428628
1 0.14507915465462218 0.643608645460829 0.1780017155873715 0.2182837524470706
1 0.29764417058081205 0.5054787068009072 0.16275614718563744 0.197480179126093
1 0.7863272389825461 0.5428150819281342 0.163029162970653 0.202167679126093
1 0.6255178125753649 0.633097797629898 0.1551256577089811 0.2003323606144388
1 0.31153090728545807 0.6502009297590652 0.15650614718563743 0.19726192431676956
1 0.5108428496188292 0.41780512512722706 0.14760158404557516 0.17823910580511532
1 0.813220751854377 0.8439237141421193 0.16101163666229362 0.19430061542376223
1 0.37153117868508134 0.2881944922802697 0.15118161035393457 0.18616073320977705
1 0.7450974813017999 0.31683293528617884 0.15981315770898127 0.20049605172143128
1 0.17546970783603805 0.06772075725639413 0.14156441567207606 0.1281299784004536
1 0.2179665629283007 0.24852681315417668 0.16137565770898113 0.20055061542376212
1 0.6038725128012438 0.3953249791182438 0.15034715244730917 0.19860616950744614
1 0.4736122202843459 0.8227083907363237 0.1662451682323248 0.2038393065307546
1 0.535761736704646 0.16294649953666385 0.1548526419239657 0.1956448606144387
1 0.2069322254754306 0.8890228383819201 0.15286593671876345 0.13476192431676956