0 0.687029853125 0.5402883 0.653934134375 0.5450637625 0.586334721875 0.63007889375 0.5470014937500001 0.688235953125 0.5419066640625 0.7415710765625 0.561709896875 0.7733266640625 0.587950059375 0.7688303375000001 0.7041032078125 0.6321378328125 0.7091382109375 0.573663778125 0.687029853125 0.5402883
0 0.520420065625 0.3688392203125 0.495462175 0.3852797578125 0.46514609062499995 0.4205966109375 0.4220700328125 0.46367567187500003 0.401961703125 0.503911840625 0.41484946875000006 0.5308076374999999 0.44365401562500006 0.550200071875 0.5386360984375 0.46064214843749995 0.5564392140625001 0.4187860953125 0.5457568609375001 0.38494528125 0.520420065625 0.3688392203125
0 0.3636596140625 0.7488304 0.388218653125 0.698130171875 0.439562178125 0.59149778125 0.42527256874999997 0.5423797109375 0.3954450875 0.5333117374999999 0.3807905546875 0.55104649375 0.31739685 0.7027283078125001 0.32114370625 0.729996509375 0.33743939218749996 0.75503968125 0.3636596140625 0.7488304
0 0.30611398125 0.322725690625 0.2766852609375 0.347917278125 0.2555554828125 0.4633981171875 0.2437173125 0.5600565640624999 0.2658457015625 0.595145121875 0.2841673171875 0.597826421875 0.3066206546875 0.5626361171875 0.338180890625 0.4259610921875 0.33846595625 0.352256384375 0.30611398125 0.322725690625
1 0.3809305390625 0.1841666359375 0.358095665625 0.2709086421875 0.385877271875 0.30062546874999996 0.45008274843749996 0.3168623921875 0.46339517656250007 0.28204436093749996 0.48306477187499997 0.20412259375000003 0.4023841265625 0.1474256125 0.38536464062500003 0.15840151875 0.3809305390625 0.1841666359375
1 0.5538643016224475 0.26285257133531204 0.10403403590796181 0.1586502610179168
1 0.47616328750000003 0.298662296875 0.4149011859375 0.3388607359375 0.3831673375 0.36243243281250004 0.336938584375 0.4174427203125 0.3326672703125 0.443323571875 0.34934186093749997 0.500913478125 0.367783134375 0.513872771875 0.390555553125 0.5060901375 0.5045431703125 0.37976855625 0.5076918390625 0.3556471921875 0.47616328750000003 0.298662296875
0 0.34477140624999997 0.501099615625 0.32339270937500003 0.5206003015625 0.2663442625 0.6379696499999999 0.26333518906250003 0.6740817 0.2887917265625 0.700465684375 0.31388921718749996 0.6960160906249999 0.3776419734375 0.5751677890625 0.3794884234375 0.537389190625 0.3654780078125 0.51225288125 0.34477140624999997 0.501099615625
0 0.6039901249999999 0.3791460625 0.579032146875 0.39558660625000003 0.5680588609375 0.5331369703125 0.561961034375 0.5985095078125 0.5771339859375 0.6253123703125001 0.5943927796875 0.6348920859375 0.6281925296875001 0.5923845531249999 0.634475709375 0.4447424 0.6294466640625 0.40552997968750004 0.6039901249999999 0.3791460625
1 0.4733551658874363 0.137399936076701 0.06778746369925485 0.10468880642076392
1 0.5405926628623743 0.12724237965593704 0.06629768657189175 0.1171524388295834