0 0.5612753265625 0.7876203171875 0.5875567109375 0.7841923625 0.705251403125 0.6522191609375 0.7109647406249999 0.5939452296875001 0.6892541296875 0.5596664625 0.65611684375 0.5630943515625 0.5875567109375 0.6453633812499999 0.5475633515625 0.701923334375 0.541850015625 0.7550554625 0.5612753265625 0.7876203171875
0 0.445865934375 0.5596664625 0.541850015625 0.47396954375 0.5601326765625 0.43283506093749996 0.5498486515625001 0.39855629531250003 0.5247100031249999 0.38141691093749996 0.49957135468749997 0.396842315625 0.4688571171875 0.4309273953125 0.4252979734375 0.47225563125000003 0.4047299234375 0.5116762015625 0.41729924843750005 0.5390991890625 0.445865934375 0.5596664625
0 0.3830192265625 0.55795255 0.31788721875000003 0.707065203125 0.32131516875 0.7344883203125 0.33731252968750003 0.76019733125 0.363593915625 0.7550554625 0.3887325625 0.705351225 0.44129524687500005 0.600801009375 0.4275832734375 0.5510967703125 0.3978739375 0.5408131671875 0.3830192265625 0.55795255
0 0.2858924953125 0.600801009375 0.30874584375 0.5665222421875 0.341883215625 0.43112108437499996 0.343025865625 0.3574217484375 0.31103123125 0.3265708703125 0.2813218078125 0.35056596875 0.2588571171875 0.465195975 0.2458991359375 0.561380440625 0.267609834375 0.59737325 0.2858924953125 0.600801009375
1 0.46871928125 0.2922921015625 0.48928733125 0.215164875 0.4093006109375 0.155177 0.3921606 0.1654606375 0.38742854531250004 0.1910473359375 0.363593915625 0.27686663125 0.39101795 0.30771750781249996 0.4550073078125 0.3265708703125 0.46871928125 0.2922921015625
1 0.559375 0.2765625 0.10078125 0.1546875
1 0.3704499015625 0.5202458937500001 0.39330325 0.5133901140625 0.5087126421875 0.3917005140625 0.5121406796875 0.3677053515625 0.48128860625 0.3094314859375 0.41958463593750006 0.34713814374999996 0.3875899125 0.3694193296875 0.340740565625 0.4225513921875 0.3361698796875 0.4482604671875 0.352167240625 0.5065343984374999 0.3704499015625 0.5202458937500001
0 0.31445918125 0.700209553125 0.37959127656249997 0.5819476484375 0.38187657656249996 0.54424105625 0.3681646015625 0.51853198125 0.347596553125 0.5065343984374999 0.3259999734375 0.5251659890625 0.267609834375 0.6402217109375 0.264181796875 0.676214259375 0.28932053125 0.7036373125 0.31445918125 0.700209553125
0 0.5955553484375 0.6505051828124999 0.6298354578125 0.6093707015625001 0.6378340953125 0.4619719625 0.6332634953125 0.4225513921875 0.608124759375 0.3951284046875 0.5829860234375001 0.4105538109375 0.5704167 0.54766888125 0.5635607125 0.612798590625 0.5784153375 0.6402217109375 0.5955553484375 0.6505051828124999
1 0.48046875 0.14765625 0.065625 0.1015625
1 0.54765625 0.140625 0.06328125 0.1140625