0 0.292730615474432 0.3328408128389331 0.2739820735222315 0.17184877068445542
0 0.1387612652203182 0.5990420088787947 0.2267415944277446 0.32620901775758926
0 0.24001368110415577 0.5004459484757484 0.1960684471009328 0.28229539129415604
0 0.4276270731692957 0.543710656026683 0.34631209983059075 0.18007942720211786
0 0.4698494544287432 0.8780482528286704 0.3674128260824803 0.24390349434265915
0 0.5545737939477519 0.8306010810875015 0.404214147044463 0.33879783782499684
0 0.6538927125330126 0.6606128514773694 0.25192360495108834 0.329479463502863
0 0.6895733363234753 0.5491395411725191 0.1813689102692299 0.2712760780624395
0 0.46097165223554776 0.4189470053627532 0.23317506299888785 0.16848742134838535
0 0.5350469180911505 0.3498702733167341 0.17245039462538864 0.11815107806243948
0 0.5597669260542455 0.27816344495970696 0.1888034367187636 0.13074198165323567
0 0.5912605787839034 0.1752566135776178 0.2065817418957307 0.2214397045258726
0 0.7425247600998206 0.4526054296380047 0.2088260523343699 0.31360902380771344
0 0.40909761007158585 0.4803430476154267 0.3050500629988878 0.16890557786604776
0 0.3748143443571574 0.401264080792914 0.22243498407381015 0.14499537919390768
0 0.8349482075536894 0.3633298270804809 0.22505872611071503 0.21686128883482797
0 0.798844836605824 0.2530008602579681 0.1824624314570915 0.12914312021691715
0 0.7996114050781452 0.19911733615566715 0.08598227360693614 0.08172269867214013
0 0.7460544945971538 0.1511656494855796 0.14955892619541977 0.1273897226762452
0 0.7092517155873714 0.21655430014950952 0.13188557878390342 0.1725840480082102
0 0.662893384102045 0.11788045081343945 0.08018729991529536 0.08949883723582164
0 0.6100413998870605 0.12225887860473243 0.09617632096198285 0.09583974082661784