0 0.28359375 0.7078125 0.128125 0.2609375
0 0.521875 0.93515625 0.3171875 0.1296875
0 0.4453125 0.81328125 0.2796875 0.134375
0 0.53359375 0.63125 0.115625 0.34375
0 0.89609375 0.69609375 0.2078125 0.3296875
0 0.8578125 0.5859375 0.284375 0.353125
0 0.70703125 0.42890625 0.31875 0.18125
0 0.6 0.35703125 0.2703125 0.1203125
0 0.41328125 0.5578125 0.134375 0.215625
0 0.35859375 0.45859375 0.090625 0.1625
0 0.290625 0.41171875 0.103125 0.175
0 0.19140625 0.34765625 0.2046875 0.1671875
0 0.5140625 0.27265625 0.3125 0.1375
0 0.4625 0.63046875 0.115625 0.2984375
0 0.37421875 0.64296875 0.109375 0.2109375
0 0.4421875 0.14921875 0.19375 0.1890625
0 0.32109375 0.15390625 0.1015625 0.16875
0 0.26484375 0.13515625 0.071875 0.071875
0 0.20234375 0.17734375 0.109375 0.13125
0 0.2609375 0.23671875 0.1671875 0.096875
0 0.14921875 0.2546875 0.0828125 0.0625
0 0.14140625 0.31171875 0.0875 0.08125