1 0.38488284882291773 0.46788470432015705 0.16328565128862388 0.1721693283578455
1 0.5161937245580868 0.37247927182386864 0.16641065128862387 0.17233310266810492
1 0.6195887194697042 0.44696693747312943 0.18787621551297526 0.16566702283992144
1 0.7704684667561705 0.36620385911528397 0.18803998982323478 0.1687920228399215
1 0.8765790258921392 0.43271525045428527 0.19593437697836436 0.1707639586155702
1 0.44201475463409745 0.7508300011316538 0.16739329715018095 0.19108310266810502
1 0.39411392243106474 0.9280376322938896 0.12908771370395292 0.1142815852552502
1 0.46581518204200323 0.9657999038906159 0.1200601944820761 0.03122342378986147
1 0.6418111160086296 0.915839768205824 0.19931832654882306 0.11640400723608905
1 0.5738899536387292 0.8904137222988385 0.17266065128862387 0.17266065128862423
1 0.5148148467867528 0.8394554098835096 0.17167136137453215 0.18351626413349428
1 0.9560407965843541 0.7962620940772787 0.08791840683129167 0.16296474672063965
1 0.8737018458822415 0.7963616706261017 0.20447721732199753 0.21484150723608905
1 0.8006870697629598 0.7484840926069406 0.20291471732199753 0.21475962008095947
1 0.7164039229968917 0.7098144182512526 0.17955910447712728 0.21509381275401332
1 0.6579839133859532 0.6713561058359236 0.2016864099950512 0.19132212008095947
1 0.17210612561956806 0.9819759390550091 0.10122830732694629 0.02867827792830404
1 0.14376204036431767 0.8596848592268257 0.12463258706427274 0.1779346494796016
1 0.21805827623082347 0.6928448400049488 0.20176829715018094 0.19288462008095947
1 0.2953057717082677 0.5673701272055071 0.12308337516934209 0.11864153663473136
1 0.4064004019659925 0.5944505263464245 0.1363203595655099 0.13335913387576942
1 0.5277807570089467 0.5935730218238687 0.16024918249628844 0.14396244120271576
1 0.9767350768875074 0.6583150367503323 0.04652984622498515 0.09644563206674714
1 0.999196575078485 0.5671610922682563 0.0016068498430300338 0.10788774310259512
1 0.9314496927288246 0.6134020064471791 0.13710061454235073 0.12200555404758581
1 0.8584166033454735 0.5644941949363613 0.15910276232447193 0.12208744120271575
1 0.7715816666653137 0.5369257948909327 0.13007700361804453 0.10342597241038014
1 0.16306315976790858 0.6001527289691009 0.13352955223856364 0.10983974672063965
1 0.07470666666531356 0.573447466078802 0.09405761646291486 0.09998006784239592
1 0.09050648631673172 0.7104970867255884 0.07119332654882311 0.10968926051544958
1 0.16633424468447472 0.4981398496158872 0.13122342378986115 0.12530097241038013
1 0.06802621946970407 0.4758731032339318 0.09101450361804461 0.10137879353213641
1 0.07228102951018381 0.5720077968114967 0.08937011646291486 0.09973440637700648
1 0.06245457089461359 0.38450779681149666 0.08920634215265535 0.09660940637700666
1 0.15977662822155986 0.40290923677101703 0.11749511646291486 0.10120837516934214
1 0.16505834972742886 0.5036904867710169 0.12703389077317437 0.10482469810012063
1 0.2617419199446739 0.4351684588427128 0.10878185775648763 0.08361143939369345
1 0.1474360012431954 0.24217645465884133 0.18335248982323468 0.1685463613745322
1 0.20873867141501196 0.2608987991863459 0.1728310696514182 0.1461800384437537
1 0.29549172094004217 0.2869046992317744 0.18269739258219672 0.15604636137453215
1 0.33774773575090483 0.8988724327234312 0.13509205223856363 0.10992163387576923
1 0.8951265507682254 0.23354408808438482 0.10672139077317411 0.10376016508343389
1 0.7922062686560499 0.24285489032294844 0.14388719810012063 0.12908106965141816
1 0.6734972122336148 0.24985956411280957 0.13073210085908257 0.11592597241038013
1 0.5610790993887446 0.25731793928215174 0.1466846494796016 0.1229948439616777
1 0.44438624434579044 0.25794978233931826 0.13451219810012063 0.12858974672063966
1 0.4704364099950512 0.15709328923672322 0.1317966338757694 0.13623847241038015
1 0.5900904907277459 0.15317267186929717 0.14635710085908257 0.1167448439616777
1 0.7011917650380053 0.1504836838550848 0.1591846494796016 0.12364994120271566
1 0.9279966044771273 0.15818223993883565 0.10638719810012062 0.12711577792830414
1 0.8417857875392425 0.0976785091607125 0.1359109237898611 0.12554663387576942
1 0.9267472857302202 0.048804955055326095 0.058529552238563556 0.09760991011065219
1 0.8652874853006789 0.017277194709218645 0.12744997060135788 0.03455438941843729
1 0.7375243334462281 0.04806020522466822 0.13245837516934209 0.09612041044933645
1 0.6512659288782439 0.023503940525347145 0.11503185775648764 0.04700788105069429
1 0.5369610894391219 0.006879684532453337 0.10829717887824372 0.013759369064906674
1 0.42466580732694637 0.013015698496605397 0.08362472749876279 0.026031396993210793
1 0.5162977866347314 0.09045134385013602 0.09841756784239593 0.09397572930778511
1 0.0810087398232347 0.15556724728646654 0.09603619629109834 0.07826884215265535
1 0.03267413839832518 0.2497576605608781 0.04307497060135784 0.07860967887824381
1 0.16811923620519006 0.05386090513381118 0.09924972749876285 0.05038950361804462
1 0.2792957536180446 0.08250380427472856 0.1768568283578454 0.1635313127540132
1 0.34368248021229625 0.1002811244919736 0.164193054047586 0.15975121551297516
1 0.40852290818602893 0.11176750113165376 0.16723616689245624 0.1583524898232347
1 0.591294464608464 0.1014054539814728 0.09529921189493056 0.06420634215265535
1 0.995265991632257 0.4023173422682563 0.009468016735485918 0.07820024310259507
1 0.03196040818602891 0.13150230551792397 0.05343926051544958 0.06824538896415207