1 0.4671875 0.33125 0.159375 0.15
1 0.3953125 0.49453125 0.159375 0.1515625
1 0.49921875 0.58984375 0.146875 0.178125
1 0.44609375 0.771875 0.1515625 0.178125
1 0.54296875 0.87109375 0.1515625 0.1859375
1 0.78671875 0.328125 0.18125 0.15
1 0.95859375 0.23125 0.08125 0.1171875
1 0.984375 0.50625 0.03125 0.203125
1 0.94453125 0.43828125 0.109375 0.1578125
1 0.89921875 0.38671875 0.171875 0.15625
1 0.94140625 0.90703125 0.1171875 0.134375
1 0.9828125 0.96953125 0.034375 0.0609375
1 0.9171875 0.78359375 0.165625 0.1859375
1 0.8671875 0.71640625 0.2015625 0.184375
1 0.80625 0.634375 0.20625 0.15625
1 0.75078125 0.58046875 0.1734375 0.1875
1 0.834375 0.01484375 0.178125 0.0296875
1 0.6734375 0.0984375 0.175 0.1875
1 0.55546875 0.2109375 0.109375 0.115625
1 0.609375 0.325 0.1234375 0.125
1 0.63671875 0.45703125 0.128125 0.1515625
1 0.8171875 0.95546875 0.084375 0.0890625
1 0.72421875 0.99140625 0.109375 0.0171875
1 0.753125 0.90078125 0.103125 0.153125
1 0.68203125 0.82109375 0.103125 0.15625
1 0.63125 0.73359375 0.0890625 0.125
1 0.55859375 0.06171875 0.0953125 0.1234375
1 0.45 0.0875 0.115625 0.1234375
1 0.4015625 0.0140625 0.09375 0.028125
1 0.30078125 0.021875 0.0875 0.04375
1 0.3453125 0.103125 0.0890625 0.1125
1 0.45546875 0.08515625 0.090625 0.1234375
1 0.40390625 0.20546875 0.071875 0.10625
1 0.16875 0.12578125 0.1515625 0.1734375
1 0.203125 0.18828125 0.128125 0.165625
1 0.25078125 0.27578125 0.1375 0.175
1 0.9234375 0.18046875 0.0953125 0.1296875
1 0.33125 0.9375 0.0953125 0.1
1 0.31796875 0.8234375 0.115625 0.1375
1 0.29765625 0.69375 0.103125 0.1234375
1 0.28046875 0.5703125 0.109375 0.140625
1 0.253125 0.44375 0.1171875 0.125
1 0.15078125 0.49453125 0.125 0.121875
1 0.17421875 0.62578125 0.1 0.14375
1 0.196875 0.746875 0.10625 0.15625
1 0.2578125 0.971875 0.121875 0.05625
1 0.171875 0.91015625 0.1125 0.128125
1 0.0484375 0.95078125 0.096875 0.0984375
1 0.0109375 0.8625 0.021875 0.11875
1 0.08125 0.81171875 0.10625 0.125
1 0.03125 0.7296875 0.0625 0.109375
1 0.0890625 0.5609375 0.084375 0.090625
1 0.059375 0.0734375 0.0671875 0.09375
1 0.146875 0.00859375 0.0734375 0.0171875
1 0.05 0.30390625 0.1 0.165625
1 0.06640625 0.3703125 0.13125 0.1515625
1 0.0875 0.43828125 0.14375 0.15625
1 0.11875 0.63828125 0.0515625 0.0953125
1 0.025 0.025 0.05 0.05