1 0.36595752327341186 0.426285338403832 0.1597397213558171 0.17205536661563361
1 0.523443306612048 0.3808243052862957 0.16130222135581712 0.17211903361182798
1 0.5909387945974123 0.4858354574537424 0.1831044960216353 0.16676037155854928
1 0.7606882205999577 0.46017758836665096 0.1831408586887262 0.16988537155854946
1 0.8329439339195037 0.5587477395455146 0.19097154002227157 0.17176620653952135
1 0.3095326112349136 0.7120437662744414 0.16308289735836246 0.19093270060802237
1 0.19202584321296007 0.8784738739928264 0.12663632001909003 0.1457183596955513
1 0.24445995253823316 0.935684196122217 0.11938634667409058 0.0595261917107738
1 0.42957983987114223 0.9312646570731815 0.19493178668045386 0.10945720752810431
1 0.37852641721041475 0.8896156679475965 0.16758858402290802 0.1754987015966055
1 0.3434161678867325 0.8199862588600675 0.16767949069063529 0.1833112015966055
1 0.7936877932050059 0.9125239969598884 0.14502269334818116 0.1152323636498842
1 0.8580133751989607 0.9544130666178212 0.10179885733609098 0.024450854752635108
1 0.6909446012094602 0.8839135187087181 0.19891130935708984 0.18302204152049342
1 0.6415900385503235 0.8304821125869388 0.19773061736154424 0.21577087452429886
1 0.5783093358927778 0.7659049594309087 0.17273061736154424 0.21475220258518862
1 0.5391382952339592 0.7097159678338658 0.197439716024817 0.19077087452429886
1 0.005365468610775298 0.8714611645247364 0.010730937221550597 0.09770267095052709
1 0.02682339262413832 0.7120397435742094 0.05364678524827664 0.17592051285158128
1 0.12519506858691276 0.5821201388215739 0.19745789735836244 0.19233337452429886
1 0.24495413259868495 0.4905626971108002 0.12007723734881744 0.1189011917107738
1 0.33715017592300356 0.5531807608372338 0.13275905068427196 0.13503552768032884
1 0.4491320079169584 0.5931279871112377 0.15628745735199914 0.14380303262324468
1 0.8728854918841872 0.8171531471501687 0.11671588001272681 0.09846135771838505
1 0.9253479678946868 0.7377083862757539 0.06686133068109043 0.10892401384016441
1 0.8229042205601867 0.7504723245264865 0.15448860001590825 0.12342686562705048
1 0.7651922652371408 0.6770785868837763 0.15605110001590852 0.12349053262324468
1 0.696342815245095 0.6213180182144267 0.1261454240133631 0.10353085969555131
1 0.11081548993477572 0.47572555878351785 0.12934314934754482 0.10990819368794007
1 0.04234948997454663 0.42162299060845987 0.08469897994909326 0.10050401878308027
1 0.01739439596595611 0.5546410790494729 0.03478879193191222 0.10946784190105419
1 0.15329443861395697 0.38185088338436646 0.12796246268299924 0.1254695266917457
1 0.06492282928868387 0.3261049021674468 0.10427042401336303 0.10263952174882984
1 0.04079608064131935 0.41934290760465426 0.0815921612826387 0.09881418479069151
1 0.09172223396722878 0.23755439673023931 0.10890338001272667 0.09814302273741297
1 0.18403645595959278 0.29001621045667303 0.11518974267981759 0.10152269072219058
1 0.15012398528009335 0.38588446737675525 0.12460110534690849 0.10502969269935694
1 0.2660671586171387 0.35382935965837026 0.10561474801081765 0.08395318874502422
1 0.23426481731381904 0.13413628357464688 0.18001585868872622 0.16975803756616065
1 0.2837921026416375 0.17272393969642635 0.16882382001909005 0.14743736859279988
1 0.3534500746340015 0.22610892486767872 0.17828972668681722 0.15563187056996625
1 0.1568337778883233 0.8158757149052974 0.1309056493475448 0.10997186068413436
1 0.9264137652769117 0.37767947026814264 0.10428860534690862 0.10420202174882984
1 0.8283217106142751 0.35200299102838933 0.14049882535009023 0.1291038626613008
1 0.7162671532861384 0.31830576475438555 0.1262908746817267 0.11603085969555131
1 0.6096358926241383 0.28829195399370133 0.1435692813494537 0.12454369665368965
1 0.5015512199634108 0.24896681022921152 0.13112382535009015 0.12872186068413446
1 0.5642426713080921 0.1628582138795331 0.12965223201781734 0.13647069368794007
1 0.6762699566359105 0.1988991901535369 0.14347837468172653 0.11673119665368965
1 0.7805029232972744 0.23369600140851268 0.1560692813494537 0.12505303262324477
1 0.9653677246180932 0.3183071288613801 0.06235564401654479 0.12435801285158128
1 0.929667129296638 0.23230330327194829 0.13264996268299925 0.12566052768032893
1 0.9668136879774101 0.12693271235947728 0.0637908746817267 0.11348417984777566
1 0.9191670759866369 0.060937639241503416 0.11811474801081764 0.08446252471457938
1 0.8565756219764558 0.13845248559118187 0.12945223734881744 0.11928319368794008
1 0.7949210539863187 0.06834291543895753 0.1137181493475449 0.10927152372599618
1 0.6931863786600913 0.02601076578014975 0.10694089067472685 0.0520215315602995
1 0.5825306893300456 0.012781901160273076 0.0817954400063634 0.025563802320546152
1 0.6327295893141373 0.11555744954507705 0.09478633601209037 0.09288251977166348
1 0.20657671666136385 0.03501831644503743 0.09462270401018136 0.07003663289007486
1 0.10818412265277337 0.0978870602663926 0.08057838534372679 0.07980951680591394
1 0.09434034599777283 0.014878242091334603 0.03944430800445433 0.029756484182669206
1 0.41568808732495494 0.0549700484033945 0.17174882535009015 0.109940096806789
1 0.4701028673217733 0.07286916697760387 0.15959427068745352 0.14573833395520774
1 0.5251625373170008 0.09885672228249007 0.16270108935390812 0.15812020060802232
1 0.6971278966422739 0.1511965192030098 0.09289657200827221 0.0646938527754691
1 0.9678365545830946 0.5758967943746998 0.038409066677272105 0.07965300790866543
1 0.1576579586648637 0.010861904144613122 0.07843408267027256 0.021723808289226244