1 0.534375 0.63984375 0.146875 0.1375
1 0.60078125 0.4890625 0.146875 0.140625
1 0.5046875 0.40078125 0.1359375 0.1640625
1 0.55390625 0.2328125 0.140625 0.1640625
1 0.4640625 0.140625 0.140625 0.171875
1 0.2390625 0.64296875 0.16875 0.1375
1 0.059375 0.73203125 0.11875 0.1078125
1 0.0109375 0.665625 0.021875 0.115625
1 0.03515625 0.478125 0.0703125 0.1875
1 0.071875 0.540625 0.14375 0.146875
1 0.13515625 0.5890625 0.1578125 0.14375
1 0.078125 0.1078125 0.1421875 0.125
1 0.0375 0.0390625 0.075 0.078125
1 0.10078125 0.22109375 0.1859375 0.171875
1 0.16484375 0.284375 0.1859375 0.1703125
1 0.22109375 0.36015625 0.190625 0.14375
1 0.271875 0.41015625 0.159375 0.175
1 0.03515625 0.9609375 0.0703125 0.078125
1 0.19453125 0.959375 0.1640625 0.08125
1 0.34375 0.8546875 0.1625 0.175
1 0.453125 0.75078125 0.1 0.10625
1 0.403125 0.64609375 0.1140625 0.115625
1 0.378125 0.52421875 0.11875 0.140625
1 0.2109375 0.05234375 0.078125 0.103125
1 0.29765625 0.01953125 0.1015625 0.0390625
1 0.2703125 0.1140625 0.096875 0.1421875
1 0.3359375 0.18671875 0.096875 0.14375
1 0.3828125 0.26796875 0.08125 0.115625
1 0.44921875 0.88984375 0.0875 0.11875
1 0.4953125 0.9671875 0.0859375 0.065625
1 0.353125 0.9796875 0.103125 0.040625
1 0.55 0.86484375 0.10625 0.1140625
1 0.5953125 0.96015625 0.0859375 0.0796875
1 0.496875 0.96875 0.0859375 0.0625
1 0.68828125 0.953125 0.0796875 0.09375
1 0.646875 0.85078125 0.08125 0.103125
1 0.5453125 0.8671875 0.084375 0.1140625
1 0.59296875 0.75625 0.065625 0.096875
1 0.81015625 0.8296875 0.140625 0.1609375
1 0.778125 0.771875 0.11875 0.1546875
1 0.734375 0.690625 0.125 0.1625
1 0.11328125 0.77890625 0.0875 0.1203125
1 0.66015625 0.0796875 0.0875 0.0921875
1 0.671875 0.18515625 0.10625 0.125
1 0.690625 0.3046875 0.096875 0.1140625
1 0.70703125 0.41875 0.1 0.1296875
1 0.73203125 0.5359375 0.1078125 0.115625
1 0.82734375 0.4890625 0.115625 0.1125
1 0.8046875 0.36796875 0.0921875 0.13125
1 0.784375 0.25625 0.096875 0.14375
1 0.72890625 0.0375 0.1109375 0.075
1 0.80703125 0.1046875 0.103125 0.11875
1 0.8421875 0.0140625 0.1 0.028125
1 0.92265625 0.05625 0.096875 0.1125
1 0.98984375 0.03203125 0.0203125 0.0640625
1 0.97265625 0.14921875 0.053125 0.109375
1 0.890625 0.19609375 0.096875 0.115625
1 0.953125 0.271875 0.0921875 0.1
1 0.9828125 0.38515625 0.034375 0.103125
1 0.98671875 0.50078125 0.025 0.078125
1 0.884375 0.428125 0.078125 0.084375
1 0.9109375 0.878125 0.0625 0.0859375
1 0.82890625 0.96484375 0.06875 0.0703125
1 0.934375 0.9921875 0.071875 0.015625
1 0.9921875 0.9828125 0.015625 0.034375
1 0.9890625 0.7703125 0.021875 0.0953125
1 0.93671875 0.66484375 0.125 0.1546875
1 0.9109375 0.603125 0.134375 0.140625
1 0.88515625 0.540625 0.13125 0.14375
1 0.85625 0.35625 0.046875 0.0875
1 0.465625 0.00703125 0.075 0.0140625
1 0.94765625 0.93515625 0.0578125 0.0703125