0 0.13515625 0.6578125 0.26875 0.684375
0 0.253125 0.70390625 0.334375 0.5921875
0 0.4234375 0.79296875 0.303125 0.4140625
0 0.85 0.58046875 0.3 0.7171875
0 0.7296875 0.26875 0.23125 0.5375
0 0.93984375 0.15078125 0.11875 0.3
0 0.53984375 0.31328125 0.275 0.6265625
1 0.06015625 0.21015625 0.11875 0.3640625
1 0.2546875 0.015625 0.159375 0.03125
1 0.05390625 0.046875 0.1078125 0.09375
1 0.85078125 0.18515625 0.165625 0.36875
1 0.95 0.6546875 0.1 0.434375
1 0.88203125 0.88125 0.1828125 0.2375
1 0.4953125 0.89375 0.15 0.2125
1 0.621875 0.62578125 0.2359375 0.36875
1 0.38828125 0.16953125 0.20625 0.3375
1 0.203125 0.215625 0.275 0.43125
1 0.6640625 0.85390625 0.26875 0.2921875