0 0.3359375 0.1296875 0.671875 0.259375
0 0.2921875 0.24375 0.584375 0.31875
0 0.2078125 0.40703125 0.41484375 0.28828125
0 0.4203125 0.828125 0.684375 0.3140625
0 0.73046875 0.6984375 0.5390625 0.2203125
0 0.84296875 0.9203125 0.3140625 0.159375
0 0.6875 0.515625 0.625 0.2625
1 0.77421875 0.05859375 0.34765625 0.11640625
1 0.97109375 0.2453125 0.0578125 0.153125
1 0.9421875 0.05234375 0.115625 0.1046875
1 0.81015625 0.8140625 0.3796875 0.1578125
1 0.35 0.93046875 0.41484375 0.13828125
1 0.1234375 0.84375 0.24609375 0.175
1 0.1109375 0.47421875 0.221875 0.1421875
1 0.3765625 0.5953125 0.353125 0.225
1 0.825 0.37265625 0.34921875 0.19765625
1 0.78046875 0.1953125 0.4390625 0.2625
1 0.15078125 0.63515625 0.29609375 0.25703125