0 0.32568285835322086 0.165625 0.6513657167064417 0.33125
0 0.29796458085063093 0.2716819066279563 0.5887972502048877 0.40351118674408737
0 0.23260506223938107 0.44597392930459223 0.43944791356328866 0.3486771413908155
0 0.5036497322128105 0.8109882126034575 0.7389770326698765 0.37558727609799547
0 0.7487629474760193 0.6554900012333228 0.5024741050479612 0.2998771094048148
0 0.8834911660444881 0.8578962912158236 0.2330176679110239 0.20468968936981646
0 0.6870377353176915 0.4811536199077315 0.6259245293646168 0.3543293467536323
1 0.7126305866415992 0.05004326396404711 0.36588617328319833 0.10008652792809422
1 0.9397282417278323 0.1711951752069149 0.08554800992479769 0.16028406667727224
1 0.8770548056243526 0.022625693944957077 0.13223461124870503 0.04525138788991415
1 0.8412094667064418 0.7575786652212324 0.3175810665871165 0.2134294373806341
1 0.45476493010311464 0.9194279686107754 0.4367466368892682 0.1565623667249973
1 0.2165906879609975 0.8909324406429102 0.278429022745079 0.21093968936981647
1 0.1394415672017798 0.5267886719844098 0.23769270678164428 0.17454765603118041
1 0.41989750868194314 0.6071643259468661 0.39391278163641913 0.27631124538508856
1 0.813415067720763 0.31955195389086866 0.3731698645584739 0.24809533871736136
1 0.7417980099247974 0.15647507729950155 0.48672101984959487 0.3129501545990031
1 0.20445875330525967 0.6808034626432284 0.34344190074300707 0.2991487613780889