0 0.90625 0.475 0.18671875 0.146875
0 0.6015625 0.41171875 0.2296875 0.13515625
0 0.4265625 0.4140625 0.115625 0.171875
0 0.33984375 0.4359375 0.1078125 0.171875
0 0.21796875 0.4265625 0.19375 0.13828125
0 0.06953125 0.6296875 0.13828125 0.1125
0 0.11171875 0.690625 0.2234375 0.10546875
0 0.04296875 0.7703125 0.0859375 0.08671875
0 0.10234375 0.85390625 0.2046875 0.07109375
0 0.91640625 0.95 0.1671875 0.1
0 0.9328125 0.8609375 0.134375 0.15390625
0 0.8671875 0.83828125 0.18671875 0.14375
0 0.72109375 0.9390625 0.1515625 0.121875
0 0.5265625 0.95703125 0.234375 0.0859375
0 0.5640625 0.9140625 0.2140625 0.12109375
0 0.3921875 0.90625 0.140625 0.15546875
0 0.23046875 0.97265625 0.19765625 0.0546875
0 0.2359375 0.92890625 0.215625 0.1125
0 0.18515625 0.8921875 0.22421875 0.12421875
0 0.06796875 0.94140625 0.13515625 0.1171875
0 0.98203125 0.584375 0.03515625 0.05703125
0 0.93671875 0.63203125 0.1265625 0.08828125
0 0.93203125 0.69375 0.1359375 0.08203125
0 0.846875 0.5671875 0.2 0.15546875
0 0.77421875 0.54296875 0.17265625 0.1515625
0 0.5765625 0.53046875 0.15390625 0.14140625
0 0.67578125 0.5265625 0.14296875 0.16953125
0 0.49921875 0.4890625 0.1234375 0.1671875
0 0.275 0.63828125 0.11796875 0.16171875
0 0.39921875 0.70703125 0.17109375 0.15546875
0 0.2546875 0.52109375 0.23203125 0.10390625
0 0.23515625 0.58203125 0.24375 0.1
0 0.18515625 0.628125 0.15625 0.07734375
0 0.61796875 0.8578125 0.14609375 0.15546875
0 0.709375 0.8171875 0.12734375 0.1609375
0 0.396875 0.57109375 0.12734375 0.15
0 0.8234375 0.7 0.13515625 0.1453125
0 0.73984375 0.6859375 0.121875 0.15859375
0 0.65546875 0.7109375 0.1140625 0.14375
0 0.5671875 0.709375 0.09765625 0.14140625
0 0.53203125 0.61953125 0.24921875 0.08125
0 0.56953125 0.7109375 0.11640625 0.15703125
0 0.49921875 0.8015625 0.12734375 0.1359375
0 0.37890625 0.82421875 0.1640625 0.1546875
0 0.209375 0.81015625 0.22734375 0.11328125
0 0.22890625 0.7578125 0.21875 0.103125
0 0.959375 0.7546875 0.08125 0.075