0 0.9113814772193273 0.5567467192425615 0.1772370455613455 0.17257212008095948
0 0.6232986677781657 0.45298879692303834 0.24602680653075487 0.16729812188998175
0 0.44861612630835335 0.430577129126071 0.13601688947037935 0.18804663387576942
0 0.36082594962933107 0.44001300486124 0.12820438947037935 0.18763719810012064
0 0.23983140335019537 0.41417644391624914 0.2100893065307547 0.16541471732199753
0 0.08705861133222893 0.5948864540930144 0.1371230324841376 0.13039790818602892
0 0.12916675497895944 0.6618183265488231 0.2168650961864685 0.13613665309764614
0 0.059074998988509674 0.7314480738352896 0.07046132213985135 0.09727114767057934
0 0.11684534817020302 0.822595374264831 0.17967263103285883 0.09831574852966192
0 0.9086385224869726 0.9839168130926975 0.17756449400955035 0.03216637381460501
0 0.9275087353827708 0.9290810275318193 0.14498252923445848 0.1418379449363613
0 0.8662749184959558 0.9125596279944173 0.20400299763774718 0.1697746687014785
0 0.7150150080590023 0.9602945273624772 0.16481152286549072 0.07941094527504547
0 0.5191940765706566 0.9619245471501809 0.24395338584218215 0.07615090569963812
0 0.5593999251193777 0.935109741632257 0.22829366950744615 0.1297805167354859
0 0.38829625143558044 0.9132087471728951 0.15896331614940157 0.17358250565420974
0 0.22371788546366406 0.9576464829258298 0.2040724303072194 0.08243844301173801
0 0.23078385179840008 0.9143468622790433 0.22958335099579194 0.1430417503386842
0 0.18249019553779783 0.8712652476251508 0.23939486061443876 0.15603307326946272
0 0.08304575624490382 0.9042647761192818 0.10759922359113017 0.13352955223856355
0 0.9865799012196106 0.6767560040682705 0.026840197560778732 0.06150406603337366
0 0.9389558949126748 0.7179265586816833 0.12208821017465041 0.10547979534115867
0 0.9330295598848746 0.77833179217334 0.13394088023025078 0.10120173111680746
0 0.860687084290387 0.6408893458822417 0.21850200725639404 0.1830116530976463
0 0.7893105920949353 0.6067356739014028 0.1917212524470706 0.17536957146044047
0 0.592180131750649 0.566771335932619 0.1710268065307547 0.1633675384437538
0 0.6915625728576416 0.5766586702833582 0.16414188947037936 0.18952060266810483
0 0.517078438829558 0.5152663896415206 0.1436656983633867 0.1837685696514182
0 0.2856424442718535 0.631807679216928 0.13725200725639414 0.17875352103089917
0 0.4056126930907271 0.7176367158516594 0.19032244355406328 0.17997518430531087
0 0.2713666347458739 0.5133066627085847 0.24493553248413757 0.13604812188998175
0 0.24841277358328098 0.5705902182265087 0.2557639050794759 0.13349633197589003
0 0.19595246169504862 0.6091713613745322 0.1656646947351897 0.09914126413349429
0 0.6169743229424596 0.8971548767512217 0.16521331614940155 0.17553998982323477
0 0.710387017044677 0.8700777996365717 0.14662700725639422 0.1792448439616777
0 0.41102190098794267 0.5822314823600029 0.14624506134007814 0.1683073439616777
0 0.8300869034350133 0.7695156348918222 0.15233137023308566 0.16394739258219673
0 0.7473190434535468 0.7441228092475103 0.1418303798517325 0.17587418249628844
0 0.6619817441791863 0.7568065157153738 0.13190974282842377 0.1597578595655099
0 0.5733731119652011 0.742804891450543 0.11461311542376222 0.15573210085908257
0 0.5435913535276806 0.6492253098133371 0.25828870435383655 0.11647260628614955
0 0.5757987075186974 0.7452714721832375 0.13552581614940157 0.17398413387576922
0 0.5005928655933982 0.82477086442675 0.1441914880191005 0.15416295680654812
0 0.37915437521204504 0.8308836663266292 0.1824553798517325 0.17800324852966193
0 0.21095744671892422 0.7932154907277458 0.2405754146981227 0.14517746042459248
0 0.23343015824433683 0.744484741632257 0.23081846878180673 0.13374863749381394
0 0.9588529772617364 0.8427594623451565 0.08229404547652734 0.08583568068726599