0 0.8499214680537703 0.3567226875557311 0.12407494135899881 0.19473891935425688
0 0.7456259614099056 0.5296401108389295 0.13197834802672617 0.20291529238978612
0 0.6388668840706331 0.49083878412212767 0.12438402402927143 0.22130141935425698
0 0.7440800007160886 0.32960372353537654 0.12870789735836255 0.1902697431755745
0 0.6514106953771344 0.2924911753546221 0.12223972135581711 0.17122864474715102
0 0.564964118037862 0.25274377874544424 0.09556813335454457 0.16061647642635143
0 0.49042664735836256 0.16163293527941955 0.09316929201145392 0.08866870181924558
0 0.1828146893698165 0.2603809201828264 0.168332924013363 0.10622438296032674
0 0.4007379860359529 0.24632261249155932 0.1823954240133631 0.10687935442427943
0 0.3973777233847704 0.3606034363128769 0.19484088001272665 0.10277405128112634
0 0.1832515887173613 0.36510480748637936 0.18056020401018133 0.08336907981717356
0 0.17366859806649695 0.48202047973612033 0.18546588001272668 0.10233740363849116
0 0.16793731341499624 0.5940667154680968 0.18542951734563579 0.09921240363849115
0 0.15204977876349554 0.7065859861462611 0.21208292401336304 0.10826207195929065
0 0.3856526194302683 0.6964874323839354 0.21682496801399936 0.11316789578060842
0 0.3842981100811326 0.5800811823839355 0.1823954240133631 0.10687935442427943
0 0.4010668920671333 0.47611927440221813 0.19958292401336308 0.10767987510244392
0 0.5547095127307242 0.4462947256022911 0.09264312802354446 0.1776584272121397