0 0.8317885804951667 0.38884614798895767 0.12957870653952136 0.19189917211208343
0 0.7134166293928527 0.5547276807583674 0.13770954152049342 0.19989351006798622
0 0.6106391392786845 0.5102893093674647 0.13066104547482596 0.21846167211208342
0 0.7293785049057349 0.3545458428024647 0.13407520555093821 0.18732077488562507
0 0.640568014297275 0.31212391309093696 0.1270612015966055 0.16842530452090293
0 0.5580711906850094 0.26799401301468706 0.10011669961943923 0.15843205547083342
0 0.4917060444490618 0.17275555461781206 0.09562551779449713 0.08652068787965286
0 0.17699494562792542 0.25344838905833317 0.17119852076024666 0.10232883225631957
0 0.3948045281374394 0.25228136008864543 0.18526102076024661 0.10265614057694457
0 0.3823443374152488 0.36652569804454826 0.1975700197716635 0.09825958130638908
0 0.16882300688290117 0.35822680803628454 0.18274351581733078 0.07918227298576408
0 0.14845481566641902 0.4749967339480901 0.18819501977166347 0.09804137575930572
0 0.13381004243471442 0.5853893732907638 0.18806768577927468 0.09491637575930571
0 0.10742855629346937 0.6976172695672915 0.21485711258693874 0.10334712480937505
0 0.3406264337277463 0.7007740646857983 0.21982702174882984 0.10814372758291686
0 0.35005712494422847 0.5842587119122566 0.1852610207602467 0.10265614057694457
0 0.37528922969686385 0.48220524943131904 0.2024485207602466 0.10305618407993081
0 0.5314901501530993 0.46061792410885366 0.09769203657757757 0.1755468202884723