0 0.846875 0.40234375 0.11796875 0.18671875
0 0.73828125 0.56796875 0.1265625 0.1953125
0 0.6328125 0.52265625 0.11796875 0.21328125
0 0.7421875 0.36796875 0.12265625 0.18203125
0 0.65078125 0.325 0.11796875 0.16328125
0 0.565625 0.2796875 0.09140625 0.1546875
0 0.49375 0.184375 0.09140625 0.08203125
0 0.18359375 0.26328125 0.165625 0.0953125
0 0.4015625 0.26328125 0.17890625 0.0953125
0 0.3953125 0.37734375 0.1921875 0.090625
0 0.18125 0.36796875 0.17890625 0.07265625
0 0.16796875 0.484375 0.18359375 0.090625
0 0.159375 0.5953125 0.18359375 0.08671875
0 0.13984375 0.70703125 0.209375 0.0953125
0 0.3734375 0.71171875 0.2140625 0.1
0 0.37578125 0.5953125 0.17890625 0.0953125
0 0.3953125 0.49296875 0.196875 0.0953125
0 0.55 0.47265625 0.0875 0.17265625