1 0.3078125 0.27265625 0.075 0.04375
1 0.2078125 0.30546875 0.08125 0.046875
1 0.1140625 0.34140625 0.084375 0.046875
1 0.0328125 0.378125 0.065625 0.05
1 0.0234375 0.46640625 0.046875 0.059375
1 0.10625 0.428125 0.0828125 0.05
1 0.1375 0.621875 0.1171875 0.05625
1 0.20703125 0.3875 0.09375 0.0515625
1 0.29609375 0.34296875 0.0703125 0.0359375
1 0.25859375 0.68046875 0.08125 0.04375
1 0.20625 0.73046875 0.10625 0.05625
1 0.34765625 0.77734375 0.090625 0.046875
1 0.421875 0.69921875 0.065625 0.04375
1 0.59765625 0.59765625 0.1015625 0.0515625
1 0.53828125 0.665625 0.1125 0.05625
1 0.8171875 0.57265625 0.096875 0.053125
1 0.75390625 0.6390625 0.109375 0.0546875
1 0.70546875 0.71640625 0.109375 0.059375
1 0.6515625 0.79375 0.1125 0.0640625
1 0.5890625 0.8796875 0.121875 0.065625
1 0.47578125 0.7453125 0.10625 0.059375
1 0.40625 0.8265625 0.128125 0.071875