1 0.6754725542747286 0.25816245849378416 0.07729284034363318 0.04549564437666671
1 0.7730126175945686 0.28788436645381876 0.08214411465389251 0.04872974715020843
1 0.8640979630265843 0.32165799477857565 0.08683161465389233 0.04883884992375007
1 0.9457264213034703 0.35721232865041586 0.0713703889641522 0.0516001740119445
1 0.9497344906162042 0.44451230689892274 0.05311171189493038 0.06053876291777769
1 0.8674066694944479 0.4074136568226729 0.08387038896415219 0.051891114741388876
1 0.8260436058359236 0.601109758646284 0.11849105042954129 0.0573787017473613
1 0.7694947919502567 0.3698974326582285 0.09645227611928178 0.053744555470833434
1 0.6827660758714545 0.32743913535552027 0.07219590456798422 0.03757404160312507
1 0.702660337518558 0.6625038131671869 0.08354284034363317 0.04564111474138901
1 0.7516433921319707 0.7105224326582286 0.10919793758467086 0.058722996200277856
1 0.6093430274780782 0.7606523320688884 0.0930816146538925 0.048984320288472286
1 0.5392186352345657 0.6842547926499648 0.06635534034363318 0.04524107123840295
1 0.3702816067404348 0.5875285290665969 0.10270227611928177 0.05389002583555573
1 0.4260945154922906 0.6541153106017357 0.11536605042954129 0.05730596656500016
1 0.15280085764494594 0.5684012418318749 0.09809666327441154 0.05534342306201392
1 0.21264284712949638 0.6325533543890624 0.11067855042954129 0.057196863791458344
1 0.2562866265281385 0.7080066428580553 0.11248671189493056 0.061920731382639004
1 0.3061394623492158 0.7840957109623261 0.11429487336031982 0.06664459897381966
1 0.3641766123946443 0.8677972573151038 0.12531426051544958 0.06846167211208361
1 0.4828967141582381 0.731603224545694 0.1092798247398008 0.06028549620027786
1 0.5481698320914911 0.8112348667381593 0.1318918091359686 0.07485714247680555