1 0.68984375 0.23403992697187864 0.075 0.04811825256024882
1 0.7890625 0.26029234285571623 0.0796875 0.05151626834526431
1 0.88203125 0.2908150297862412 0.084375 0.05178928413027979
1 0.965625 0.3234462482867973 0.06875 0.05400423151356133
1 0.97421875 0.4104457193476021 0.05 0.062287168373499215
1 0.88984375 0.376297503477882 0.08125 0.05473227360693613
1 0.85859375 0.571086358711319 0.115625 0.06142188936371688
1 0.78984375 0.3422780902248803 0.09375 0.05702281570031094
1 0.70078125 0.30293414014017567 0.0703125 0.040032736775233245
1 0.73828125 0.6366875138600513 0.08125 0.04848227360693613
1 0.78984375 0.6829030902248803 0.10625 0.06243835779368574
1 0.65 0.7379230611445108 0.090625 0.05215330517696728
1 0.57578125 0.6641208110739236 0.0640625 0.04748121572854576
1 0.4015625 0.5734866477503348 0.1 0.057386836746998425
1 0.4609375 0.6379971978068045 0.1125 0.06123987884037305
1 0.1828125 0.5620086343843937 0.0953125 0.05867632096198285
1 0.24609375 0.6239479212866839 0.1078125 0.06096686305535748
1 0.29375 0.6977347608056924 0.109375 0.0657453683170294
1 0.34765625 0.7719388292780136 0.1109375 0.07052387357870131
1 0.41015625 0.8534548688111396 0.121875 0.0727234104104042
1 0.521875 0.7133542426016024 0.10625 0.06400085779368574
1 0.59140625 0.7905545084572052 0.128125 0.07933743145709168