1 0.74140625 0.27109375 0.046875 0.08125
1 0.70703125 0.1640625 0.05 0.0859375
1 0.66875 0.0640625 0.05 0.090625
1 0.57578125 0.05625 0.053125 0.0875
1 0.36953125 0.08984375 0.059375 0.125
1 0.61875 0.1640625 0.0546875 0.1015625
1 0.6671875 0.25859375 0.0375 0.075
1 0.30703125 0.21875 0.046875 0.0875
1 0.25390625 0.16328125 0.0609375 0.1125
1 0.20390625 0.3140625 0.05 0.096875
1 0.2875 0.39296875 0.046875 0.06875
1 0.3953125 0.58046875 0.0546875 0.109375
1 0.32265625 0.51640625 0.059375 0.1203125
1 0.421875 0.8140625 0.05625 0.103125
1 0.35078125 0.746875 0.059375 0.115625
1 0.26875 0.6953125 0.0640625 0.11875
1 0.1859375 0.63828125 0.06875 0.11875
1 0.09453125 0.57109375 0.071875 0.1296875
1 0.23828125 0.45078125 0.0625 0.1125
1 0.15078125 0.3765625 0.078125 0.1375