1 0.5791046676120262 0.24853952355444492 0.22148881087432315 0.3409562275829169
1 0.5457326546230874 0.5288985175705212 0.23103536038785571 0.2615233007211808
1 0.5262419094910561 0.8439416361116324 0.20918763392680617 0.2625766544446527
1 0.7790598031636854 0.29536389142996594 0.18610468993316048 0.28234364057694467
1 0.732644093745469 0.678502393329827 0.18810356655636581 0.3073800081681252
1 0.9376126428552599 0.7646802019347925 0.12477471428948021 0.38906511284152784
1 0.3864104273512588 0.39399357465687534 0.19895924593951494 0.3029470813063891
1 0.41268300649282175 0.10956467648048647 0.1816160129856435 0.2041459053945835
1 0.21648193668674964 0.2330709924005557 0.16826262499835237 0.24444359707395852
1 0.8251869606327371 0.07465265434774375 0.17849892126547423 0.11504703780340293
1 0.1596680641174387 0.8675511759118055 0.2311990016215578 0.26489764817638883
1 0.3203112836786295 0.9421530920399654 0.21303756249917613 0.11569381592006919
1 0.18764346509366864 0.5494584053945835 0.17443080438150133 0.23990156743868063
1 0.366261163144504 0.7160497594023961 0.22936376623205437 0.2552369331300001
1 0.06428996550070575 0.37243935087368063 0.11990694561520339 0.24800370174736122
1 0.08119722727182856 0.13308656335461813 0.1608125892845374 0.17554812670923625