1 0.3859375 0.19296875 0.1890625 0.346875
1 0.46953125 0.49296875 0.2140625 0.253125
1 0.54453125 0.83359375 0.1890625 0.259375
1 0.1765625 0.2703125 0.1609375 0.2875
1 0.29296875 0.6796875 0.15625 0.3125
1 0.0609375 0.8 0.121875 0.4
1 0.61953125 0.3265625 0.171875 0.30625
1 0.54140625 0.06015625 0.16875 0.1203125
1 0.7765625 0.1296875 0.146875 0.246875
1 0.08671875 0.04296875 0.1703125 0.0859375
1 0.92109375 0.8234375 0.15625 0.2875
1 0.79140625 0.9328125 0.2109375 0.134375
1 0.8625 0.4703125 0.153125 0.240625
1 0.69609375 0.6734375 0.2140625 0.246875
1 0.95859375 0.26015625 0.08125 0.253125
1 0.91640625 0.04296875 0.1671875 0.0859375