1 0.6109375 0.2484375 0.1734375 0.31484375
1 0.534375 0.52109375 0.19609375 0.23046875
1 0.465625 0.83046875 0.1734375 0.23671875
1 0.80234375 0.31796875 0.146875 0.2609375
1 0.69609375 0.690625 0.14375 0.28515625
1 0.9265625 0.80625 0.146875 0.36953125
1 0.396875 0.36953125 0.15703125 0.27890625
1 0.46796875 0.090625 0.1546875 0.18125
1 0.253125 0.190625 0.134375 0.22421875
1 0.8875 0.07578125 0.15703125 0.1515625
1 0.09609375 0.82421875 0.1921875 0.2609375
1 0.2421875 0.93046875 0.19296875 0.1390625
1 0.175 0.5 0.140625 0.21796875
1 0.3265625 0.68515625 0.19609375 0.22421875
1 0.06171875 0.30859375 0.1234375 0.2296875
1 0.12578125 0.07578125 0.15703125 0.1515625