0 0.9296875 0.0734375 0.140625 0.134375
0 0.94921875 0.25859375 0.1015625 0.1125
0 0.78984375 0.16484375 0.203125 0.1109375
0 0.03828125 0.0875 0.0765625 0.08125
0 0.12265625 0.19765625 0.1125 0.13125
0 0.24375 0.1109375 0.14375 0.1359375
0 0.346875 0.16484375 0.115625 0.128125
0 0.2328125 0.3078125 0.134375 0.11875
0 0.4265625 0.290625 0.11875 0.06875
0 0.415625 0.31484375 0.0796875 0.053125
0 0.340625 0.37421875 0.1375 0.1171875
0 0.2546875 0.37890625 0.0859375 0.0875
0 0.3453125 0.45546875 0.0890625 0.10625
0 0.16875 0.45 0.0953125 0.1359375
0 0.2359375 0.4390625 0.0828125 0.14375
0 0.29921875 0.30078125 0.1125 0.071875