0 0.8578125 0.14609375 0.13125 0.153125
0 0.6765625 0.09296875 0.1109375 0.184375
0 0.76875 0.2921875 0.109375 0.2015625
0 0.95625 0.7484375 0.0875 0.1890625
0 0.9640625 0.91171875 0.071875 0.175
0 0.73671875 0.94765625 0.1296875 0.1046875
0 0.821875 0.83203125 0.134375 0.1421875
0 0.76875 0.7296875 0.125 0.1125
0 0.62890625 0.84296875 0.1171875 0.13125
0 0.6453125 0.65078125 0.0671875 0.115625
0 0.62109375 0.66171875 0.053125 0.078125
0 0.5625 0.7359375 0.115625 0.134375
0 0.55859375 0.82109375 0.0859375 0.084375
0 0.48359375 0.73125 0.1046875 0.0875
0 0.48828125 0.90546875 0.134375 0.09375
0 0.49921875 0.83984375 0.1421875 0.08125
0 0.63515625 0.7765625 0.071875 0.109375