1 0.3890625 0.23125 0.178125 0.325
1 0.46796875 0.5125 0.2015625 0.2375
1 0.53828125 0.83125 0.178125 0.24375
1 0.19296875 0.303125 0.15 0.26875
1 0.30234375 0.6875 0.146875 0.29375
1 0.0703125 0.803125 0.140625 0.38125
1 0.609375 0.35625 0.1609375 0.2875
1 0.53515625 0.08125 0.1578125 0.1625
1 0.75703125 0.171875 0.1375 0.23125
1 0.10703125 0.065625 0.1609375 0.13125
1 0.909375 0.821875 0.18125 0.26875
1 0.7703125 0.93125 0.196875 0.1375
1 0.8375 0.490625 0.14375 0.225
1 0.68125 0.68125 0.2015625 0.23125
1 0.94453125 0.29375 0.1109375 0.2375
1 0.8890625 0.065625 0.1609375 0.13125