1 0.71875 0.4390625 0.053125 0.0828125
1 0.7078125 0.5640625 0.053125 0.0890625
1 0.6546875 0.4234375 0.05 0.0984375
1 0.59375 0.39765625 0.053125 0.090625
1 0.64375 0.5453125 0.053125 0.090625
1 0.69296875 0.6765625 0.053125 0.090625
1 0.6359375 0.6546875 0.0390625 0.084375
1 0.68515625 0.81171875 0.05625 0.0921875
1 0.61875 0.8 0.053125 0.084375
1 0.64140625 0.9265625 0.05 0.0828125
1 0.5765625 0.9125 0.053125 0.103125
1 0.5109375 0.903125 0.05625 0.1
1 0.44296875 0.8890625 0.0546875 0.09375
1 0.37578125 0.884375 0.05625 0.096875
1 0.42109375 0.75234375 0.05625 0.0890625
1 0.37421875 0.7234375 0.0375 0.096875
1 0.5546875 0.78828125 0.05 0.0875
1 0.48046875 0.77109375 0.034375 0.0796875
1 0.43125 0.60546875 0.053125 0.096875