1 0.28125 0.56484375 0.05625 0.0875
1 0.29296875 0.43125 0.05625 0.09375
1 0.34921875 0.58125 0.053125 0.1046875
1 0.41328125 0.60859375 0.05625 0.096875
1 0.3609375 0.4515625 0.05625 0.096875
1 0.30859375 0.3125 0.05625 0.096875
1 0.36953125 0.3359375 0.040625 0.090625
1 0.3171875 0.16875 0.059375 0.0984375
1 0.3875 0.18125 0.05625 0.090625
1 0.36328125 0.046875 0.053125 0.0875
1 0.43203125 0.0625 0.05625 0.1109375
1 0.50234375 0.071875 0.059375 0.10625
1 0.5734375 0.08671875 0.0578125 0.1
1 0.6453125 0.0921875 0.0609375 0.103125
1 0.596875 0.23203125 0.059375 0.09375
1 0.646875 0.26328125 0.040625 0.103125
1 0.45546875 0.19375 0.053125 0.0921875
1 0.534375 0.21171875 0.0359375 0.084375
1 0.58671875 0.38828125 0.05625 0.103125