1 0.41640625 0.2984375 0.07890625 0.05078125
1 0.53515625 0.309375 0.084375 0.05
1 0.4015625 0.35859375 0.09296875 0.046875
1 0.3765625 0.41640625 0.08671875 0.05
1 0.5171875 0.36953125 0.08671875 0.05078125
1 0.64140625 0.32265625 0.08671875 0.05
1 0.6203125 0.3765625 0.08125 0.03671875
1 0.76953125 0.33046875 0.0875 0.05390625
1 0.75859375 0.39296875 0.08125 0.0515625
1 0.878125 0.371875 0.07734375 0.04765625
1 0.86484375 0.4328125 0.0984375 0.0515625
1 0.85625 0.4953125 0.09453125 0.05390625
1 0.84296875 0.559375 0.08984375 0.0515625
1 0.83828125 0.6234375 0.0921875 0.0546875
1 0.71328125 0.58046875 0.084375 0.053125
1 0.68515625 0.625 0.0921875 0.0359375
1 0.746875 0.45390625 0.08203125 0.046875
1 0.73046875 0.52421875 0.07578125 0.03203125
1 0.5734375 0.57109375 0.090625 0.0515625