0 0.6257693907615592 0.5556449283321455 0.25399506920082227 0.34213981029746476
0 0.5282511091268975 0.7003211205243424 0.2641340731551548 0.3614358418674959
0 0.4121419949827221 0.828597831450033 0.36250790615896056 0.34280433709993413
0 0.36697802810025837 0.679964575941306 0.3209623933073792 0.3023940418110261
0 0.2025136214841873 0.6226162655732541 0.21499623619701663 0.3414271787556686
0 0.11395514026726764 0.528184455134615 0.2164314022046278 0.3383931840173403
0 0.16577094414505064 0.27512734456891896 0.26892504942915874 0.24948187343752695
0 0.23595079296618704 0.20560307082080848 0.237009204562355 0.19306527346576183
0 0.40206127121735724 0.31864764434304 0.20804589923887828 0.3238756577089811
0 0.2680072647915666 0.34138094710093286 0.23547056228073995 0.30832625241907446
0 0.44457242338480396 0.3900367969315236 0.19720655832640724 0.28739212613894993
0 0.3049594836511966 0.4915398417969087 0.2683175543720746 0.2728283681758551