0 0.765625 0.190625 0.3359375 0.221875
0 0.69296875 0.39296875 0.315625 0.19375
0 0.68046875 0.53359375 0.34375 0.146875
0 0.68203125 0.64609375 0.3390625 0.165625
0 0.9390625 0.5109375 0.121875 0.2109375
0 0.9859375 0.38359375 0.028125 0.1
0 0.9609375 0.27890625 0.078125 0.253125
0 0.89296875 0.05546875 0.2140625 0.1109375
0 0.74140625 0.04609375 0.221875 0.090625
0 0.69296875 0.840625 0.390625 0.271875
0 0.925 0.74140625 0.15 0.334375
0 0.70703125 0.91796875 0.3640625 0.1640625
0 0.81796875 0.959375 0.296875 0.08125
0 0.96640625 0.8109375 0.065625 0.328125
0 0.9734375 0.9578125 0.053125 0.084375
0 0.490625 0.90703125 0.175 0.1859375
0 0.3828125 0.87734375 0.165625 0.2453125
0 0.29609375 0.834375 0.209375 0.33125
0 0.14296875 0.8515625 0.225 0.296875
0 0.18203125 0.640625 0.215625 0.303125
0 0.071875 0.5296875 0.14375 0.265625
0 0.2125 0.41953125 0.2890625 0.159375
0 0.015625 0.403125 0.03125 0.10625
0 0.25 0.290625 0.303125 0.171875
0 0.0734375 0.2375 0.146875 0.2359375
0 0.225 0.19453125 0.284375 0.153125
0 0.07734375 0.059375 0.1546875 0.11875
0 0.30703125 0.0625 0.26875 0.125
0 0.4640625 0.0859375 0.371875 0.171875
0 0.059375 0.0140625 0.11875 0.028125