0 0.7303344291791916 0.2610791571975353 0.3318547576807463 0.23241898860083357
0 0.6395820846102727 0.4357687262517366 0.3115576682323248 0.20542007750666688
0 0.6104266636765247 0.5602595799752089 0.3295950366905286 0.16683035619201406
0 0.5959630742986904 0.6608408082237158 0.327471094568919 0.18394512100965307
0 0.8734804005223451 0.5702937690891327 0.20098418927901207 0.20908797853284752
0 0.9299872767318822 0.45973878200691054 0.09470482622365459 0.0989479526972918
0 0.9144903503247009 0.363154069525973 0.14517380503579283 0.24211737765916688
0 0.8780501343138065 0.12917780660819517 0.24135158404557516 0.17881990349472243
0 0.7317134606080483 0.10308481924163256 0.2197650103821694 0.15647212480937517
0 0.5810829849914433 0.8357317054501742 0.3878919260542455 0.2836554867009724
0 0.8178087112433328 0.7739629765360772 0.21047955759604164 0.3185357137152085
0 0.5818649640153432 0.9069449034947225 0.355216662970653 0.18611019301055515
0 0.6754560693193673 0.9514229085287156 0.2830238735787013 0.09715418294256892
0 0.8615972376222792 0.8414784380670841 0.1708710260260105 0.3082515239356945
0 0.8460037877493362 0.9636709482319794 0.13036931043863903 0.0726581035360411
0 0.38819826400122565 0.8908101040078126 0.1897582629424182 0.2183797919843748
0 0.29631387186549857 0.8604403850679863 0.189727441839261 0.2791192298640276
0 0.22844310337905993 0.7923200122521876 0.23088306285771348 0.3205709924005557
0 0.1054034121493452 0.7953514804327084 0.2108068242986904 0.2974244331300001
0 0.15090047425633812 0.6058902433504862 0.23558597340929208 0.294153962765278
0 0.07556675280730385 0.4967314892664237 0.1511335056146077 0.2536367591180557
0 0.20685288459615517 0.4108329696991321 0.28143055247554416 0.17039046086541698
0 0.026886329101545658 0.3751279397795139 0.053772658203091316 0.10156380642076393
0 0.2578910108056924 0.300150696047778 0.29474959983059074 0.18474390159486137
0 0.09458867505646974 0.23446787860909732 0.18917735011293949 0.23081750816812513
0 0.24818905809015185 0.2115239539315627 0.2749075366905286 0.16555749050069463
0 0.11773426059393086 0.07393042211208344 0.18834841041040423 0.12609364057694458
0 0.34062572902389976 0.08850598765090308 0.26562354195220045 0.16690178495361133
0 0.4787858816829706 0.12066713706156292 0.36430323663405884 0.22693270801562532
0 0.11035367107492226 0.026037782769409816 0.14804265785015547 0.0502571859797918