1 0.27739252858843805 0.6474817199126104 0.137248039703264 0.12734741316955045
1 0.1731881525447919 0.2626771594086269 0.07663654160312508 0.07249477711788872
1 0.21563218531420167 0.3755552441275053 0.1260195989738195 0.11452916442319179
1 0.18866898860083361 0.32402383636823096 0.08444904160312508 0.07272209765100204
1 0.23729028618788234 0.4339587775136001 0.13259690729444457 0.1287735208496826
1 0.24523137917777818 0.5067968839400908 0.14451502583555564 0.10413723370266403
1 0.2625474721676741 0.5799077750063176 0.13070709897381952 0.11466555674305993
1 0.4196527637707991 0.6547439536152744 0.13604921561506952 0.1429269490629279
1 0.3887105818750699 0.5999738855894435 0.12620143692972227 0.12234166442319179
1 0.37110420136611155 0.5479340124699054 0.11500936379145835 0.11108591567683312
1 0.3476835787409379 0.4808912649771878 0.10690592306201392 0.09835859514371954
1 0.336944794071667 0.4220247303374517 0.1145729526972918 0.09233591567683308
1 0.3143054214464933 0.35500471489804547 0.11304682028847228 0.09385295157021041