1 0.301951919378847 0.6343938528952475 0.13763719810012062 0.12875352103089915
1 0.1727192842598822 0.2612197037543302 0.07704053482570909 0.07259869629109836
1 0.22306452227409457 0.3698234198331322 0.12604460085908267 0.11568031094499087
1 0.19227818973237762 0.32051613862546774 0.08485303482570909 0.07300813206674714
1 0.24788745985876565 0.42492699966131575 0.13294969810012064 0.1285078595655099
1 0.2610702125722991 0.49709192673053726 0.14562011646291487 0.1026823439616777
1 0.2820245217082677 0.5680661680241099 0.13221271370395282 0.1144453595655099
1 0.4432353386461524 0.624639315356005 0.1368935696514182 0.1442966338757694
1 0.4092011753717409 0.5731520584586001 0.12645403663473137 0.12349281094499087
1 0.3885710928300239 0.5233125107425922 0.11486143939369331 0.11041960085908258
1 0.3601318323145743 0.45899770522466826 0.1080382293077852 0.09915455223856355
1 0.34694575757477353 0.4017174717330116 0.11552318068726616 0.09331398801421234
1 0.3200689970593239 0.33732077905995783 0.11404256784239583 0.09479460085908258