1 0.30703125 0.696875 0.1125 0.0984375
1 0.115625 0.35234375 0.06328125 0.05546875
1 0.18359375 0.45 0.10390625 0.0875
1 0.1453125 0.40703125 0.07109375 0.05390625
1 0.21796875 0.5 0.10703125 0.10078125
1 0.24296875 0.56875 0.12890625 0.06875
1 0.2765625 0.63515625 0.109375 0.0859375
1 0.44453125 0.6625 0.10703125 0.115625
1 0.40234375 0.61796875 0.1015625 0.09609375
1 0.3734375 0.57265625 0.09296875 0.0859375
1 0.334375 0.5140625 0.0890625 0.075
1 0.3109375 0.46015625 0.0984375 0.06640625
1 0.2734375 0.4015625 0.09609375 0.06875