1 0.734375 0.7515625 0.1796875 0.159375
1 0.25703125 0.890625 0.1890625 0.153125
1 0.275 0.5640625 0.190625 0.16875
1 0.83828125 0.6421875 0.1734375 0.1609375
1 0.3859375 0.4546875 0.184375 0.165625
1 0.62578125 0.17421875 0.1921875 0.1765625
1 0.83671875 0.27890625 0.1921875 0.16875
1 0.5171875 0.28125 0.1953125 0.1765625
1 0.728125 0.3890625 0.190625 0.1671875
1 0.484375 0.67109375 0.1796875 0.159375
1 0.159375 0.30859375 0.20625 0.1671875
1 0.26640625 0.19765625 0.2 0.175
1 0.06796875 0.4109375 0.1359375 0.159375
1 0.36640625 0.7734375 0.184375 0.1546875
1 0.165625 0.675 0.196875 0.1640625
1 0.62578125 0.4921875 0.1875 0.165625
1 0.0734375 0.06640625 0.146875 0.13125
1 0.590625 0.91796875 0.1953125 0.1640625
1 0.07578125 0.78515625 0.1515625 0.1578125
1 0.7390625 0.07734375 0.190625 0.1546875
1 0.934375 0.534375 0.13125 0.15625
1 0.9296875 0.171875 0.140625 0.1765625
1 0.8546875 0.9609375 0.19375 0.078125
1 0.15234375 0.959375 0.190625 0.08125
1 0.4046875 0.0609375 0.2109375 0.121875
1 0.8484375 0.021875 0.1609375 0.04375
1 0.9328125 0.89296875 0.134375 0.1671875
1 0.47890625 0.97578125 0.178125 0.0484375
1 0.0203125 0.8953125 0.040625 0.1578125
1 0.01875 0.53359375 0.0375 0.146875
1 0.0140625 0.14921875 0.028125 0.15625
1 0.17109375 0.01171875 0.1625 0.0234375
1 0.98515625 0.77734375 0.0296875 0.140625
1 0.984375 0.40859375 0.03125 0.140625
1 0.984375 0.05078125 0.03125 0.1015625