1 0.7766539777940595 0.29429348076947287 0.16982170456235507 0.18063289734428026
1 0.8850566571847246 0.7502849264165509 0.16545253954332678 0.18841812626704132
1 0.5817114812912818 0.7047804871141847 0.18114120653952134 0.19007152985783762
1 0.6794513725471326 0.1898463544042356 0.16956703657757738 0.17438289734428025
1 0.4849717910633828 0.5925254059284872 0.1763263725471326 0.1869192587805987
1 0.2335698226608633 0.3458084454506863 0.1875185405319101 0.19323289129415605
1 0.34002411661563353 0.1597532916634984 0.1812685405319101 0.19319652985783758
1 0.3286833458925679 0.45649193627730406 0.18764587452429887 0.19635789129415607
1 0.43901205634924095 0.2696782583878153 0.17964237353571572 0.19162493949875792
1 0.6905413587441492 0.5195202188656162 0.16982170456235507 0.18063289734428026
1 0.3383699995800705 0.7900629603796051 0.1802153765014653 0.20568743949875792
1 0.23944572684265752 0.6817004936552882 0.18783687551288217 0.20104539129415605
1 0.43054952380035827 0.9054157704880638 0.16988537155854946 0.18219539734428025
1 0.7805044669568257 0.6379843934354554 0.16532520555093838 0.18529312626704134
1 0.6807312545229864 0.8154867038385015 0.17677204152049342 0.1978567587805987
1 0.5307140780980708 0.37331231849627383 0.17639003954332697 0.1884817587805987
1 0.10646076638598448 0.8683823613381225 0.14989120653952134 0.18988972267624504
1 0.9186584525851886 0.44358547452295694 0.16268309482962273 0.19633971057599683
1 0.777870192773719 0.9159805657657994 0.169503369581383 0.16803886846840116
1 0.14304829893486715 0.2328084757013073 0.17807987353571572 0.1916158491396783
1 0.5836202663116223 0.08072081839807799 0.1641155326232447 0.15560562626704139
1 0.24570643083635885 0.06860105083688055 0.18203786167271768 0.1354022105759968
1 0.964601010874415 0.20325591119304454 0.07079797825116999 0.18949883723582167
1 0.9470162045809456 0.8530150166774346 0.1059675908381088 0.18661018657189174
1 0.10321511368706507 0.5395351986721402 0.17103137749004843 0.21032039734428026
1 0.07931210969555132 0.12543179205628183 0.10480419961943914 0.15682269262201592
1 0.9150261279657496 0.11312581488203657 0.16994774406850083 0.16035675878059868
1 0.9703283819386727 0.552465570833965 0.05934323612265473 0.1723295179539809
1 0.8770053711386199 0.9717447524358869 0.15560801285158127 0.05651049512822617
1 0.5421210351690647 0.9582857195529872 0.1472516847906915 0.08342856089402559
1 0.1833853637242461 0.9352204033944045 0.15500051779449714 0.08525676483072289
1 0.0548744086675995 0.7524846505657341 0.054867866615633545 0.15809430113146822
1 0.8113805103801234 0.053927556003241985 0.13679434585538672 0.06015677088084712
1 0.4666436719391102 0.02770892700572608 0.13641234387822046 0.05078177088084712
1 0.12697633547526355 0.010892569085449036 0.1164526709505271 0.02098518657189171