1 0.73984375 0.73828125 0.171875 0.153125
1 0.28125 0.87265625 0.18125 0.146875
1 0.2984375 0.5578125 0.1828125 0.1625
1 0.8390625 0.63359375 0.165625 0.1546875
1 0.4046875 0.453125 0.178125 0.159375
1 0.63515625 0.1828125 0.184375 0.1703125
1 0.8375 0.284375 0.184375 0.1625
1 0.53046875 0.2859375 0.1875 0.1703125
1 0.73359375 0.38984375 0.184375 0.1609375
1 0.5 0.6609375 0.171875 0.153125
1 0.18671875 0.3125 0.196875 0.1609375
1 0.28984375 0.20546875 0.1921875 0.16875
1 0.08203125 0.4109375 0.1640625 0.153125
1 0.3859375 0.759375 0.178125 0.1484375
1 0.19375 0.66484375 0.190625 0.1578125
1 0.63515625 0.4890625 0.18125 0.159375
1 0.0875 0.07109375 0.175 0.1421875
1 0.6015625 0.90390625 0.1875 0.16875
1 0.08984375 0.77109375 0.1796875 0.1515625
1 0.74375 0.084375 0.184375 0.159375
1 0.934375 0.52890625 0.13125 0.1515625
1 0.9296875 0.18125 0.140625 0.1703125
1 0.85625 0.95078125 0.1875 0.0984375
1 0.18046875 0.94921875 0.184375 0.1
1 0.42265625 0.06640625 0.203125 0.1328125
1 0.8484375 0.02890625 0.1546875 0.0578125
1 0.9328125 0.87421875 0.134375 0.1609375
1 0.49375 0.96484375 0.171875 0.0703125
1 0.03671875 0.8765625 0.0734375 0.1515625
1 0.03515625 0.52890625 0.0703125 0.140625
1 0.03046875 0.159375 0.059375 0.15
1 0.1984375 0.01953125 0.15625 0.0375
1 0.9828125 0.76328125 0.034375 0.1359375
1 0.98203125 0.40859375 0.034375 0.134375
1 0.98203125 0.05703125 0.034375 0.1125