1 0.6888245006365468 0.26214482828979324 0.18194198535963507 0.20421560509226264
1 0.903601331914413 0.683524817554688 0.17890789202736243 0.21184609456891898
1 0.6014933919080497 0.7128358020520211 0.19458743602799872 0.21744364718563744
1 0.57091993264641 0.18257217840273268 0.1818874413589988 0.19952810509226265
1 0.48210813991886736 0.6261408969032887 0.18828289202736243 0.21239212613895014
1 0.18089217994113907 0.44442337613895005 0.20087379869508962 0.22093266823232477
1 0.23883359130331958 0.23515406292830066 0.19460561736154416 0.21900614718563743
1 0.2995143632638668 0.5295102786568465 0.2009101613621805 0.22405766823232476
1 0.35902736529282003 0.319550720707869 0.1914624360279987 0.2172616366622937
1 0.6609882126034574 0.5044387441030436 0.18352266669318062 0.20586911035393457
1 0.38953718988705066 0.8552830943571574 0.1947510680299077 0.23150614718563745
1 0.26854398456400475 0.7724034339467531 0.2025272053628168 0.22883617349399668
1 0.5042713045433238 0.9209704655873715 0.181814716024817 0.15805906882525705
1 0.7763763079249125 0.5987186360975963 0.17887152936027134 0.208721094568919
1 0.7232496658975501 0.7973234650932612 0.18997266136218052 0.22342063140062188
1 0.47223534261618416 0.399631604809914 0.1898635733609078 0.21404563140062188
1 0.1765821092059604 0.9411024131118273 0.1826863253500901 0.11779517377634541
1 0.8728353266231839 0.3713664517979073 0.19934766136218052 0.22396666297065293
1 0.8457235552196416 0.8873253807653374 0.1836862986950897 0.21993161035393455
1 0.08059492464990986 0.35477777623777207 0.16118984929981972 0.21580555247554417
1 0.4529971833227277 0.10456202851567216 0.17525563335454453 0.16635158404557523
1 0.12173754531350092 0.15328316567207606 0.194314716024817 0.19400614718563744
1 0.8693307079885461 0.13506493075121992 0.13321358402290784 0.1763944419804353
1 0.9605047652371408 0.7650170122365465 0.06477266669318063 0.19895271046687385
1 0.09836713062938808 0.6678616051628499 0.19673426125877616 0.23637565770898128
1 0.019248891987591478 0.26602681840173403 0.038497783975182956 0.16642863680346806
1 0.7799324006604094 0.0915508782050886 0.18388519867918127 0.10283511561560635
1 0.9483705812778662 0.4641069596198279 0.0958044906906352 0.18202281570031092
1 0.9328690192155055 0.9228904254189608 0.11538973734881744 0.12070588410204479
1 0.626563927872415 0.9589363207855148 0.15283519334818116 0.08212735842897026
1 0.27527360053314254 0.989645599901178 0.15819430800445433 0.020708800197644095
1 0.09517811521327826 0.8905178551628499 0.09720335868872625 0.16805132096198286
1 0.6631903433322728 0.04644423357969993 0.13924431333545434 0.023724468288794563
1 0.327534106659773 0.0698923549510883 0.13995338534372675 0.08466196828879458
1 0.02606251332750027 0.12342208944842144 0.05212502665500054 0.07496917889684288