1 0.14285528325909433 0.5494796229697574 0.13766472668681726 0.15081029788867967
1 0.4204139252069149 0.9387774967502939 0.12788973734881742 0.11627165665497756
1 0.31918723253505155 0.9720540523529063 0.0835215720082724 0.055891895294187324
1 0.18025254921232375 0.8947336217519414 0.10152723201781741 0.13299550649282174
1 0.6461257339274579 0.5457617025117669 0.10639654535327185 0.1487023271096728
1 0.5734507552514583 0.6132571197200513 0.1140817760184536 0.13790119480442442
1 0.7357234885821402 0.6356248177708868 0.11099313868554468 0.14097164772652385
1 0.6590877159055044 0.7077395511317952 0.12985222668681723 0.15067393019392786
1 0.5785366025620957 0.7805673506453278 0.13306813335454457 0.15854097727182861
1 0.5018553765515963 0.8565883340062364 0.11709768801718105 0.128580741882325
1 0.2098422412476403 0.6350410219140972 0.1250556386855446 0.14121710957707698
1 0.4912189632400043 0.6962138956946337 0.09195223734881744 0.11564436525911966
1 0.41773546256368654 0.7660394261334428 0.09818405601527207 0.11419095941492116
1 0.5420798398711423 0.9536507000794302 0.0918067866804538 0.09269859984113964
1 0.07899332527054834 0.4639727711033184 0.12338405068427191 0.13181483603812652
1 0.33088889588641435 0.8426643814911742 0.09491360534690844 0.10163641233702032
1 0.0738207358768693 0.9085040211033185 0.06851473734881748 0.11523526217486477
1 0.18774632853282433 0.9873557240254176 0.07376476400381797 0.025288551949164885