1 0.48984375 0.12265625 0.1390625 0.125
1 0.046875 0.3546875 0.09375 0.11875
1 0.02109375 0.240625 0.0421875 0.0734375
1 0.121875 0.10859375 0.1265625 0.0875
1 0.4203125 0.65234375 0.14375 0.090625
1 0.36015625 0.565625 0.13125 0.1
1 0.31171875 0.7328125 0.134375 0.096875
1 0.24765625 0.64140625 0.1421875 0.115625
1 0.18359375 0.54609375 0.15 0.11875
1 0.11484375 0.453125 0.11875 0.10625
1 0.390625 0.1796875 0.13125 0.1125
1 0.284375 0.46640625 0.109375 0.0796875
1 0.221875 0.378125 0.10625 0.0875
1 0.0234375 0.48046875 0.046875 0.08125
1 0.58984375 0.06875 0.121875 0.1125
1 0.15390625 0.275 0.09375 0.084375
1 0.12421875 0.0109375 0.115625 0.021875
1 0.015625 0.09765625 0.03125 0.0671875