1 0.14609375 0.49140625 0.11640625 0.13125
1 0.36484375 0.91484375 0.1125 0.0984375
1 0.25703125 0.95625 0.06953125 0.08671875
1 0.1328125 0.83828125 0.08203125 0.11953125
1 0.6453125 0.5578125 0.084375 0.13515625
1 0.56328125 0.6140625 0.09453125 0.1234375
1 0.72109375 0.659375 0.09140625 0.1265625
1 0.634375 0.71953125 0.10859375 0.13359375
1 0.54453125 0.78046875 0.1109375 0.140625
1 0.45703125 0.8453125 0.1 0.1125
1 0.2 0.58515625 0.10546875 0.1234375
1 0.46953125 0.68515625 0.075 0.10390625
1 0.38671875 0.74375 0.08203125 0.10078125
1 0.48203125 0.95390625 0.0765625 0.0921875
1 0.0953125 0.39765625 0.10546875 0.11484375
1 0.28984375 0.8078125 0.08046875 0.08828125
1 0.02578125 0.83671875 0.0515625 0.1078125
1 0.1234375 0.96171875 0.0625 0.0765625
1 0.0265625 0.9625 0.053125 0.075