1 0.12557838977297603 0.5209472046467282 0.13385502965749524 0.1421158693507266
1 0.36387163825292024 0.9203273972788206 0.12470552273741298 0.10921246268299925
1 0.25834187984996326 0.9613802059595928 0.07942751482874763 0.07120338534372692
1 0.12866365011591835 0.8668409599777283 0.09734452669174569 0.12763519867918127
1 0.6277802183281574 0.537749065245095 0.10110619665368965 0.143296561346272
1 0.5478897884803817 0.6011490412555945 0.11003552768032883 0.1324681493475449
1 0.7083033650583967 0.6312985232336409 0.10703786167271759 0.13555678668045382
1 0.6243156842220379 0.6994314525780041 0.12610619665368966 0.14358746268299924
1 0.5371393363894846 0.7691632445894581 0.12954953163466154 0.15143632535009016
1 0.4529606545645426 0.8419836739338212 0.11427735870696817 0.12158519334818116
1 0.18369995448799292 0.6085102919716832 0.1210366946765233 0.134157918682363
1 0.4579558551725649 0.6810643552673668 0.08883168973360753 0.11035679201145392
1 0.3779380913324005 0.7475893312778663 0.09501802273741307 0.10886701734563572
1 0.48306996581951844 0.9462711845958214 0.08825868676785795 0.09629429201145392
1 0.07061365855605636 0.4325665046546824 0.12065469269935691 0.12478291868236294
1 0.2835713260093613 0.8213091892902746 0.09138368676785787 0.09633065467854474
1 0.027037413498972235 0.8758988813255912 0.05407482699794447 0.11320907200827221
1 0.12430246087660253 0.9738722099777283 0.07072367688202616 0.04923747867599957
1 0.02960931517212742 0.9804500213240004 0.05921863034425484 0.03819089067472703