1 0.4128831984545772 0.46482228461172975 0.12438416558343128 0.14516814401654474
1 0.6663785710205928 0.3040280459102768 0.1165171185055307 0.14195223734881743
1 0.3917327215864904 0.6408853452816843 0.12276711850553061 0.14202496268299925
1 0.9372853603878557 0.24539574387336946 0.09582278896022559 0.11984088001272664
1 0.6874155941525061 0.47960021057450425 0.11514553327818292 0.15287155601527208
1 0.35624564041962786 0.35373988128582035 0.12306712743398433 0.15921246268299924
1 0.11770843505860126 0.9238182133195462 0.11511825973923262 0.1513090560152719
1 0.28018374675029384 0.42807735729631985 0.12454780681713337 0.15454314401654473
1 0.8219234131477993 0.21704457188895968 0.1148455243497292 0.13568405601527206
1 0.7973443786518002 0.10715195122536861 0.11158415665497756 0.1278351933481811
1 0.33516334739891696 0.5337091919557748 0.12438416558343128 0.1451681440165448
1 0.17728621225099958 0.800443800644501 0.10048301542127547 0.11833292401336308
1 0.644437566963403 0.1214337219128222 0.11369212743398442 0.15910337468172658
1 0.8232246347375849 0.38112525322250507 0.10059210957707672 0.12458292401336299
1 0.7083707966675683 0.6504848752387316 0.11975121266133204 0.14823860001590833
1 0.0793651351413268 0.6968744526575459 0.10059210957707687 0.12458292401336309
1 0.27311118100141146 0.7391603079646835 0.14033644805083528 0.16409995735199914
1 0.05751385998081866 0.42988694732654575 0.10280917451188501 0.16210110534690844
1 0.5156145064895264 0.5753683385980486 0.10522506249917622 0.12151246801399936
1 0.1270877946389734 0.5658238999840917 0.16086713636243805 0.17683631468808994
1 0.19572079220334143 0.6478546026416374 0.15160123051823943 0.1829772266868172
1 0.5970866489410446 0.5423825685869128 0.08612050649282174 0.1009817920114541
1 0.5909378348170152 0.63778597525464 0.07981595941492117 0.0977840666772721
1 0.5203213717486461 0.6659569759309577 0.08283186525911965 0.09157042934436319
1 0.8172491444768177 0.5312252505570051 0.09579551542127547 0.11827838001272681
1 0.7095901976405029 0.8098780565722772 0.06430005357072233 0.10385225334181776
0 0.9335638912304066 0.47986165054109675 0.10135576866768617 0.16833292401336303
0 0.9647012483751469 0.5044434798695514 0.07059750324970615 0.1696590666772721
0 0.8687491891190863 0.6165809478835508 0.07855346834337489 0.11495338534372693
0 0.9178276172844193 0.652736076543642 0.0826409504864671 0.0806329293443632
0 0.960031136564309 0.681151430537915 0.0799377268713819 0.07123974801081764
0 0.992896206572252 0.7275809878660515 0.014207586855496146 0.06280908267027244
0 0.9789916193163094 0.5777264385344152 0.04201676136738115 0.08497498400699968
1 0.3990802025150622 0.16648478194622973 0.12992505357072243 0.10461586935072646