1 0.391296503054359 0.46396207009726387 0.1335544945971538 0.15269696856846865
1 0.6858725266612951 0.39621175971540046 0.12703147881213822 0.14771837014004524
1 0.3091757058404866 0.6230780508668415 0.13180998407381014 0.14949919396136266
1 0.9448002056287251 0.4294224817985257 0.0727234104104042 0.12493153349844607
1 0.6436941899848839 0.5689386302697305 0.12619702090551305 0.16014559553293922
1 0.37656541609559907 0.3402869755977819 0.13437354195220044 0.16675946856846863
1 0.0071027845538028656 0.8083411929279055 0.014205569107605731 0.172932385855811
1 0.27916750035293586 0.38510286186787757 0.13410052616718496 0.16207196856846862
1 0.8623209055722555 0.36604487840770356 0.12363346302712301 0.14288532092583345
1 0.8774670344126285 0.2539451387467858 0.1200534367187636 0.13492727171162172
1 0.29426260835838314 0.5025279563673596 0.1335544945971538 0.1526969685684687
1 0.05328717530352482 0.7027675891227985 0.10657435060704964 0.12504284946188077
1 0.7276336343843937 0.21719850185751763 0.12490753669052843 0.16476032092583343
1 0.8062998767742346 0.5208928901945279 0.10884292093374777 0.12973034946188075
1 0.6041781217243243 0.7363059127347191 0.12904900512049747 0.1556036447471511
1 0.025055394978324524 0.5721682524811994 0.05011078995664905 0.12871150496239886
1 0.1643112558969564 0.6758669489237614 0.151834057737216 0.17224748924663302
1 0.0648389608198098 0.3124508041766104 0.12361805247554417 0.16937504631872757
1 0.449049547919744 0.60217485359571 0.11343941567207612 0.12838617328319835
1 0.08652570306847637 0.4646511590151746 0.17296560509226264 0.18725605913900925
1 0.12302537421398581 0.5642723234070328 0.16551712613895 0.19314218610347994
1 0.5378313268589391 0.5976928688971909 0.0935063472703419 0.10720037799792799
1 0.49822352431280786 0.685935577540862 0.08551183674699843 0.10371150496239885
1 0.4220327506352845 0.6894372590962279 0.0881818104386392 0.09604455417661058
1 0.7487996479620963 0.6607879900706933 0.10379139988706054 0.12326202564056317
1 0.550728356080483 0.8873568364322022 0.071722352532014 0.1077440334984459
0 0.8755364532096508 0.6502400959427149 0.11304457352223167 0.17511562406898662
0 0.9069915795603624 0.6885234999954908 0.10366957352223168 0.17467897642635144
0 0.7674215743692776 0.7580097464808342 0.0865128946253888 0.12089900496239885
0 0.8013191612574502 0.8081574497478219 0.08763577886860796 0.08666955417661049
0 0.8310297770848182 0.8494930791934919 0.08543624203690499 0.07565927956950488
0 0.868886821879616 0.9123591062817971 0.06623121572854558 0.06697348428423418
0 0.8979358270001135 0.7633051761741732 0.0784427893919517 0.08935790653397521
1 0.4815699764636511 0.17831997663123922 0.13752936305535748 0.11392556699689202