1 0.44375 0.59375 0.1375 0.1109375
1 0.3140625 0.31015625 0.134375 0.103125
1 0.62265625 0.6421875 0.134375 0.109375
1 0.2890625 0.0328125 0.115625 0.065625
1 0.49765625 0.31328125 0.146875 0.1
1 0.321875 0.63671875 0.153125 0.10625
1 0.88359375 0.959375 0.1625 0.08125
1 0.3875 0.72578125 0.146875 0.109375
1 0.24609375 0.13671875 0.128125 0.1015625
1 0.1296875 0.146875 0.1203125 0.1
1 0.50390625 0.684375 0.1375 0.1109375
1 0.7578125 0.88671875 0.1125 0.0890625
1 0.12265625 0.30625 0.153125 0.096875
1 0.4140625 0.159375 0.11875 0.0875
1 0.6765625 0.3171875 0.140625 0.10625
1 0.63671875 0.9640625 0.11875 0.071875
1 0.70703125 0.77734375 0.15625 0.125
1 0.35859375 0.95703125 0.1578125 0.0859375
1 0.571875 0.5046875 0.115625 0.09375
1 0.509375 0.90390625 0.165625 0.146875
1 0.603125 0.8453125 0.1734375 0.134375
1 0.54921875 0.41484375 0.096875 0.078125
1 0.646875 0.43515625 0.09375 0.0703125
1 0.6671875 0.51328125 0.0859375 0.0734375
1 0.56953125 0.1875 0.1125 0.084375
1 0.840625 0.33828125 0.1015625 0.053125
0 0.53203125 0.06015625 0.165625 0.0828125
0 0.5625 0.028125 0.16875 0.05625
0 0.6640625 0.146875 0.1125 0.065625
0 0.70859375 0.10078125 0.075 0.075
0 0.74296875 0.0609375 0.0640625 0.075
0 0.79921875 0.01953125 0.059375 0.0390625
0 0.640625 0.02265625 0.08125 0.0453125
1 0.13515625 0.565625 0.09375 0.1234375