1 0.048893823869131874 0.44407270774732643 0.09778764773826375 0.13502041549465282
1 0.6553991848620887 0.900870212815492 0.15293157095872498 0.1742919937534843
1 0.44682531534679343 0.6081913125443454 0.13637898801910037 0.14763859016268785
1 0.27316956053746994 0.6134322826865078 0.13514387023308555 0.15700449980360814
1 0.8178918497298475 0.11884402887587893 0.13717759618646852 0.12577268052176752
1 0.4970931885751039 0.4889282281371942 0.12996529691210804 0.1429147287263694
1 0.17043148485423956 0.46749254791001427 0.1350893065307547 0.1554419998036082
1 0.8383779314035277 0.33775765533931207 0.13588791469812272 0.13357609016268795
1 0.2708481139881818 0.7470396682251274 0.1535664880191005 0.14773858411256385
1 0.7997617984717523 0.7946570951326576 0.15471232576804858 0.1805510841125635
1 0.3772196873939775 0.40852713494944426 0.14230160580511536 0.13829995159900643
1 0.6368922654394605 0.7147872670702181 0.131855179126093 0.15229881908544912
1 0.49762389039705157 0.8765100413689109 0.134980179126093 0.15231699980360816
1 0.31854651480648843 0.835616354895215 0.15104168874473983 0.16490790339440445
1 0.1528223110856241 0.8151169816532355 0.1276587524470707 0.1663340480082102
1 0.07471964765344573 0.7021397378015557 0.12426093393541644 0.15850336729005096
1 0.18693939465822085 0.6660664032962086 0.12716767912609303 0.1522715480082102
1 0.022435472873339985 0.7283340782588311 0.04487094574667997 0.1784886143631848
1 0.5533307756910796 0.5791174117822198 0.14468256134007812 0.161746541958086
1 0.026675311529337227 0.594744873438371 0.053350623058674454 0.12853406615858276
1 0.062223431129450626 0.5285931534926004 0.12444686225890125 0.13038745764913068
1 0.2786333652541261 0.5017226230455876 0.120153787293461 0.13036018657189175
1 0.025438965701763856 0.38377555718159234 0.05087793140352771 0.1019261143631847
1 0.15987098548721174 0.34474993949875793 0.12015378729346105 0.13036018657189175
1 0.250022270333602 0.38121922550491555 0.1169196598887993 0.12721700585373252
1 0.33678814955236225 0.33562090007475476 0.12574902286549072 0.1116465480082102
1 0.7146824818590146 0.43393269769018145 0.12037204210278443 0.13661018657189175
1 0.846413631496195 0.4432945830324092 0.12856648801910034 0.14759313836728977
1 0.9362325888452563 0.3773973931408678 0.10140378729346082 0.13025110226293624
1 0.8996626609851077 0.2834155889843375 0.11243056733052796 0.0881363251355733
1 0.8714136646133047 0.19729628180274517 0.11626489546082901 0.10846700585373248
1 0.7873362757758976 0.2554127879510652 0.10618056733052797 0.08809996369925477
1 0.7402678136175128 0.3278099627172961 0.10828870435383635 0.10373405405833439
1 0.7005356802224013 0.25725202302214645 0.11459326805616729 0.10533291549465282
1 0.5596279380269497 0.28690718588452063 0.13259922359113024 0.12887040944452863
1 0.6106299320364998 0.2137514870159888 0.0976240228654909 0.1114829215447771
1 0.6882291423807863 0.1845094146108901 0.1061260036281972 0.08653746369925477
1 0.7737673382971021 0.17406733918072922 0.0983135036281972 0.08649201190385666
1 0.4091467883897694 0.27743621623333753 0.11648315027015248 0.11471700585373253
1 0.24072417060375448 0.2670794574527388 0.09444445916315994 0.10990224082661779
1 0.3244096898410482 0.24256124648395855 0.10343751324684387 0.09901928298109555
1 0.49281494945969506 0.2310384600850175 0.1020932680561673 0.10526019262201591
1 0.15560512613871735 0.24314198770335987 0.09529763103285878 0.0895988311856974
1 0.06856891760852961 0.2293516775949013 0.09729664065150563 0.10210792154477703
1 0.16554561052962072 0.18224993949875795 0.10472719473518963 0.09121587334017515
1 0.08010910753439585 0.14502667456983917 0.08554068511654278 0.07860678903121973
1 0.027378466334736035 0.12673067164297294 0.05475693266947207 0.07846134328594587
1 0.02211061297669144 0.06419431020665446 0.04422122595338288 0.06588862041330892
1 0.08407241043695349 0.07628576492891878 0.09151786660488852 0.07083065046753823
1 0.22316962677168953 0.12085389724608438 0.09647818511654283 0.07867042154477706
1 0.31663688457623784 0.15187261397040125 0.09814981252120454 0.08180451190385671
1 0.4106398557202973 0.18992712587425792 0.10267362141421188 0.07714428298109555
1 0.5471229927436059 0.1750929871141847 0.11097719473518967 0.09125223477649361
1 0.47340523974838095 0.13793789987836302 0.09524306733052797 0.08803633118569745
1 0.3869146682415018 0.10852258976990443 0.08683036660488855 0.07080337939029935
1 0.6933283593484945 0.10561680014950951 0.09179068511654265 0.0786431504675382
1 0.7441567385672545 0.05980939646051747 0.1108135036281972 0.08656473477649362
1 0.6118253882044349 0.06763501111828976 0.09647818511654283 0.07867042154477707
1 0.6181820264088698 0.13174750809322766 0.08107143992586607 0.0848295179539809
1 0.5365699278601486 0.09689071906200793 0.08866568511654264 0.07862496974937896
1 0.5110813437393977 0.04360663777811462 0.08214286660488845 0.0707761083130605
1 0.42807787078123977 0.048593598746894874 0.08554068511654282 0.07860678903121973
1 0.35000743448357063 0.04657658079291399 0.08354167549789597 0.06609769867214013
1 0.2955456237764646 0.08454875858420699 0.09022818511654282 0.07863406010845861
1 0.17380703303229178 0.07993346057599679 0.0951339399258662 0.08491133118569745
1 0.5825843215068792 0.03230149911623722 0.0879563569862416 0.05831246974937898
1 0.26655009373939775 0.04218399658215444 0.08359623920022674 0.06766019867214013
1 0.13861606669755572 0.03596983713762579 0.08762897477225653 0.04893746974937897
1 0.060409221144059465 0.0378590691836449 0.07512897477225652 0.04886474687674203