1 0.05546875 0.43046875 0.109375 0.1390625
1 0.70859375 0.9234375 0.1515625 0.153125
1 0.48671875 0.61875 0.134375 0.153125
1 0.3015625 0.61953125 0.134375 0.1625
1 0.8828125 0.10859375 0.1375 0.128125
1 0.540625 0.49375 0.128125 0.146875
1 0.1921875 0.46015625 0.134375 0.159375
1 0.9046875 0.34296875 0.134375 0.1375
1 0.29921875 0.76171875 0.153125 0.153125
1 0.8640625 0.82890625 0.153125 0.1859375
1 0.41171875 0.403125 0.1421875 0.140625
1 0.68984375 0.73828125 0.1296875 0.15625
1 0.540625 0.90703125 0.134375 0.15625
1 0.35 0.85859375 0.15 0.1703125
1 0.17265625 0.83125 0.125 0.171875
1 0.08984375 0.7078125 0.121875 0.165625
1 0.21015625 0.67265625 0.125 0.15625
1 0.02578125 0.73359375 0.0515625 0.1875
1 0.60078125 0.59140625 0.1421875 0.1671875
1 0.03125 0.58984375 0.0625 0.134375
1 0.0765625 0.521875 0.125 0.134375
1 0.30703125 0.5 0.11875 0.134375
1 0.03046875 0.3671875 0.059375 0.10625
1 0.18046875 0.32890625 0.11875 0.134375
1 0.27734375 0.37109375 0.115625 0.13125
1 0.3703125 0.325 0.1265625 0.1125
1 0.771875 0.440625 0.11875 0.140625
1 0.9125 0.4546875 0.1265625 0.153125
1 0.9796875 0.38671875 0.040625 0.134375
1 0.95625 0.28515625 0.0875 0.090625
1 0.93984375 0.19296875 0.115625 0.1109375
1 0.85078125 0.25234375 0.10625 0.090625
1 0.8 0.32890625 0.109375 0.10625
1 0.7578125 0.25234375 0.1140625 0.109375
1 0.6078125 0.2796875 0.13125 0.13125
1 0.66171875 0.20390625 0.096875 0.115625
1 0.74453125 0.17421875 0.10625 0.0875
1 0.8359375 0.16640625 0.1 0.0875
1 0.446875 0.265625 0.115625 0.11875
1 0.2671875 0.2484375 0.0921875 0.1125
1 0.35703125 0.22578125 0.103125 0.1
1 0.5359375 0.21796875 0.1015625 0.109375
1 0.17578125 0.2203125 0.096875 0.09375
1 0.0828125 0.20234375 0.096875 0.10625
1 0.1859375 0.15625 0.1046875 0.09375
1 0.0953125 0.11328125 0.084375 0.0796875
1 0.0328125 0.09140625 0.065625 0.0796875
1 0.028125 0.0296875 0.05625 0.059375
1 0.1 0.03984375 0.0921875 0.071875
1 0.2484375 0.09140625 0.096875 0.0796875
1 0.34765625 0.12734375 0.1 0.0828125
1 0.4484375 0.17109375 0.103125 0.078125
1 0.59453125 0.16015625 0.1125 0.09375
1 0.51484375 0.1171875 0.096875 0.090625
1 0.4234375 0.08359375 0.0875 0.071875
1 0.75 0.08984375 0.0921875 0.0796875
1 0.80234375 0.0421875 0.1109375 0.084375
1 0.6625 0.04609375 0.096875 0.0796875
1 0.6703125 0.115625 0.0796875 0.0875
1 0.5828125 0.07578125 0.0890625 0.0796875
1 0.55625 0.02734375 0.084375 0.053125
1 0.46640625 0.0296875 0.084375 0.059375
1 0.38203125 0.02421875 0.0859375 0.0484375
1 0.32578125 0.05546875 0.090625 0.0796875
1 0.19609375 0.04609375 0.096875 0.0875
1 0.63203125 0.01953125 0.0890625 0.0375
1 0.29375 0.021875 0.084375 0.04375
1 0.15859375 0.01171875 0.0890625 0.0234375
1 0.07578125 0.01171875 0.0765625 0.0234375