0 0.08153676077039879 0.6027449448044245 0.16307352154079757 0.177809174511885
0 0.23030944026723263 0.8392433267026357 0.20514106826055975 0.17215919236879246
0 0.48605891132803747 0.8523099370904916 0.1685665314288567 0.16059440097293481
0 0.37391522709893554 0.8308013555165917 0.1317945735222316 0.17243983603812651
0 0.6163155587254364 0.8850833011317952 0.15505006299888785 0.16972393912238176
0 0.8408675086689665 0.8295675068932683 0.1852234104104042 0.12498418344033872
0 0.7262512718231463 0.8236566517804184 0.16820251038216938 0.15434440097293453
0 0.6217835797015366 0.8046281879012703 0.15204688936371688 0.11816143912238175
0 0.5067501139024037 0.7924536960189451 0.15784186305535747 0.1104580332781829
0 0.2965406559957784 0.7762717682606493 0.1791708314853265 0.10146486282348768
0 0.1849800716678545 0.6507614793004235 0.12583299985882568 0.15048301542127546
0 0.2565974664344175 0.6832933356310894 0.12389106826055973 0.17074096834337488
0 0.7657757743833951 0.7492703064068009 0.143248742036905 0.07430234496658024
0 0.6647893980326834 0.7107515028360785 0.17962585779368573 0.10927736282348768
0 0.4799817585277923 0.6746798149315129 0.16369702090551302 0.15738758035608366
0 0.3426714743269253 0.6824496302733581 0.184388952503779 0.13745690990138842
0 0.23559399267218958 0.6008120722384088 0.15756884727034198 0.10577053327818291
0 0.336473224185751 0.5337530316533299 0.1560665314288568 0.16037621266133187
0 0.2012259689240791 0.5329563705341255 0.16419827886860797 0.08559440097293472
0 0.2691261004658753 0.4950393591700397 0.11536593671876343 0.13156937418757336
0 0.413126000423523 0.45297636444504547 0.1677783051769673 0.09346144805083548
0 0.4712878399425316 0.5016962824641087 0.11519933674699842 0.10190914772652385
0 0.5841672715407975 0.5239997508074836 0.15803928413027996 0.08704780681713338
0 0.593892340083706 0.6524247597359374 0.19267188936371688 0.11887055113509035
0 0.7926252426721895 0.610535088874205 0.16556335779368575 0.10903190097293472
0 0.7640066899848839 0.5513822313257231 0.1669438472703421 0.105934174511885
0 0.7345235873116958 0.507073123777241 0.15342737884037305 0.11506371266133186
0 0.616828582120611 0.5808770422033415 0.1831302893919517 0.08904668344033873
0 0.7024629742563381 0.6144356103845604 0.18510158404557514 0.17649213636243816
0 0.4208412479338614 0.6024814866040241 0.21131547355046648 0.14417056006354406