0 0.13500990201979352 0.7085540883819201 0.18532504922121246 0.20002482576804842
0 0.35400027975818515 0.8960714796663979 0.21809208511458972 0.1996081635169964
0 0.6050375940230924 0.8422743901881695 0.18326244404836292 0.18278276206571747
0 0.4898301311701109 0.8507639580668516 0.1474613363682309 0.18621529691210803
0 0.7403984325028945 0.8399629004397886 0.1709443004748536 0.18859625244707062
0 0.9126264366595296 0.726324530291521 0.13855769780928676 0.14844247840045366
0 0.82741035068701 0.7522843403656546 0.17991012351524951 0.17486113466105593
0 0.7207966378340285 0.7610740086071566 0.1616314849563052 0.1367609339354164
0 0.606097640341311 0.778965858337004 0.1645746285298145 0.13062006134007814
0 0.39928769919594187 0.8178844814804964 0.18475073620994645 0.12664188947037935
0 0.25335072506018935 0.7267634297590652 0.13905780298213619 0.1656299784004535
0 0.3319614583671419 0.7396751467267734 0.13960337226160835 0.18437997840045348
0 0.8430557342313894 0.671498131835467 0.14790395407749282 0.09413692431676957
0 0.7338853227111914 0.6606474226723071 0.18810305674305977 0.1345635168750409
0 0.545035771378408 0.673603746541439 0.17687605172849494 0.17787700725639405
0 0.4147428661264162 0.7167584910991434 0.19356344655564542 0.16128970798203354
0 0.2863965572717853 0.6661359538056824 0.16448370031656906 0.12749506134007813
0 0.36329768956252345 0.576540229666398 0.16910901583511767 0.17916668874473984
0 0.2324963189502678 0.6102926923729369 0.17018813103709698 0.10896331614940155
0 0.28723529473537296 0.556679108252186 0.1259667695960413 0.14488096878180662
0 0.4130369282797524 0.47973964073632364 0.17354045157021036 0.11688494355406327
0 0.48331232436054405 0.5103472891923776 0.12358591567683312 0.11670140507947586
0 0.5992783051602142 0.5026662531648609 0.16242109514371955 0.11025299763774718
0 0.6473855330568904 0.6232168553417792 0.2009213054894186 0.14593752649368774
0 0.8268122717741193 0.5309450537051659 0.1723871285298145 0.1308928798517325
0 0.7804972129194885 0.4831871107840747 0.17542120031656908 0.12787700725639403
0 0.7393099232651874 0.4473388908211417 0.16314852084968265 0.13525299763774723
0 0.6480053101747791 0.5481622916394484 0.18751202335696499 0.11425101687504088
0 0.7407694716949771 0.5584400819281342 0.20095004922121246 0.20057046279135698
0 0.46604460484364507 0.6200124658713999 0.22200669530200426 0.17320935462398895