0 0.92109375 0.6046875 0.1578125 0.178125
0 0.72421875 0.84375 0.196875 0.16875
0 0.44921875 0.83359375 0.1609375 0.159375
0 0.57265625 0.82109375 0.11875 0.175
0 0.30625 0.85625 0.1453125 0.1703125
0 0.0828125 0.77578125 0.165625 0.11875
0 0.196875 0.78125 0.159375 0.153125
0 0.3109375 0.7703125 0.1484375 0.1125
0 0.4359375 0.7671875 0.1546875 0.1046875
0 0.6625 0.7703125 0.178125 0.09375
0 0.79921875 0.646875 0.115625 0.153125
0 0.71796875 0.675 0.109375 0.175
0 0.165625 0.69765625 0.14375 0.06875
0 0.27890625 0.665625 0.18125 0.103125
0 0.48125 0.64453125 0.15625 0.15625
0 0.6265625 0.665625 0.18125 0.13125
0 0.75234375 0.5890625 0.15625 0.1
0 0.653125 0.50859375 0.146875 0.159375
0 0.7984375 0.5203125 0.1671875 0.0765625
0 0.73046875 0.4734375 0.10625 0.13125
0 0.5828125 0.41484375 0.16875 0.0859375
0 0.51484375 0.46171875 0.1109375 0.1
0 0.390625 0.47421875 0.159375 0.08125
0 0.3625 0.6109375 0.19375 0.1125
0 0.15546875 0.546875 0.1625 0.103125
0 0.19453125 0.4875 0.1671875 0.1
0 0.23203125 0.4421875 0.1515625 0.109375
0 0.34765625 0.53203125 0.184375 0.078125
0 0.2515625 0.559375 0.1765625 0.175
0 0.55390625 0.5734375 0.209375 0.1375