0 0.11796875 0.628125 0.15 0.165625
0 0.30234375 0.8515625 0.184375 0.1578125
0 0.56015625 0.8421875 0.15 0.15
0 0.44453125 0.83046875 0.1109375 0.1625
0 0.69453125 0.86328125 0.1359375 0.159375
0 0.9125 0.7875 0.171875 0.1125
0 0.796875 0.79296875 0.15 0.14375
0 0.68984375 0.7828125 0.140625 0.10625
0 0.57265625 0.7796875 0.1453125 0.096875
0 0.36015625 0.7828125 0.16875 0.0875
0 0.23203125 0.66640625 0.109375 0.14375
0 0.3078125 0.69296875 0.103125 0.1625
0 0.8265625 0.71484375 0.134375 0.0625
0 0.7203125 0.684375 0.16875 0.096875
0 0.53046875 0.66484375 0.146875 0.146875
0 0.39375 0.684375 0.16875 0.1234375
0 0.27578125 0.6125 0.146875 0.09375
0 0.36875 0.53671875 0.1375 0.15
0 0.23203125 0.5484375 0.15625 0.071875
0 0.29609375 0.50390625 0.1 0.1234375
0 0.43515625 0.44921875 0.1578125 0.08125
0 0.49921875 0.49296875 0.103125 0.09375
0 0.615625 0.50546875 0.1484375 0.075
0 0.6421875 0.6328125 0.18125 0.1046875
0 0.8359375 0.57265625 0.153125 0.096875
0 0.79921875 0.5171875 0.15625 0.09375
0 0.7640625 0.475 0.1421875 0.103125
0 0.65546875 0.559375 0.175 0.075
0 0.7453125 0.58515625 0.165625 0.1625
0 0.4625 0.59765625 0.1953125 0.128125