1 0.6701835583448533 0.20151510742929774 0.09415179328391084 0.05678633118569747
1 0.6683705764010206 0.30617079117251905 0.10596231252120454 0.08184996369925476
1 0.5651290145127883 0.3469679871141847 0.10703373920022692 0.06779655405833437
1 0.6606796166897065 0.39907590865896175 0.12901786660488845 0.07104881908544902
1 0.5435938096107977 0.4460412913689108 0.10256449400955034 0.07401928298109546
1 0.564072489918017 0.5180208304983264 0.1306349303072194 0.07262040944452863
1 0.698983203257528 0.5117758965587134 0.13737600362819719 0.08671927088084708
1 0.5304192309323423 0.6279589118804155 0.14406251324684388 0.09925563231716553
1 0.653948500169636 0.6536725050681655 0.11938989546082901 0.10848518657189174
0 0.46900801577873263 0.5916714330558502 0.06758929328391083 0.05663179508134384
0 0.7244395602437698 0.5697247519449076 0.07707342068857255 0.05981133723582168
1 0.8325223895551973 0.5109906222600207 0.05821429328391083 0.056577252926866176