1 0.5506752991032002 0.5726359857584523 0.09897506249917623 0.12087610226293641
1 0.5565280584386911 0.4155547387835144 0.10053756249917604 0.12088519262201594
1 0.6115489748361965 0.21052635031802872 0.09587733603812651 0.12242042154477702
1 0.6013514090873142 0.5215547539088249 0.10525233603812652 0.12247496369925485
1 0.4405656879012703 0.6654734464326449 0.10368983603812651 0.12246587334017515
1 0.7438798283241935 0.5402587812325796 0.09900233603812651 0.12243860226293642
1 0.4495434472367612 0.5083740187395478 0.10223643019392785 0.12870678298109545
1 0.7005780673671449 0.43190592574818953 0.09587733603812651 0.12242042154477702
1 0.696287808031654 0.5889780823640478 0.10056483603812652 0.12244769262201594
1 0.543232766228759 0.7281638230924699 0.10385347727182861 0.13184087334017516
1 0.653740023535655 0.47905818170011794 0.1037443831160271 0.12559087334017516
1 0.3953583279171564 0.7165228620254936 0.09598643019392786 0.128670421544777
1 0.5662734310047067 0.2576695159108774 0.09892051542127547 0.11775110226293632
1 0.5006849817327602 0.6182439224285399 0.10059210957707698 0.12401019262201593
1 0.40047074756107276 0.5617899102300956 0.08477619480442442 0.11298178903121983
1 0.4870060856277941 0.7745893711988758 0.08803756249917623 0.12081246974937905
1 0.5026724013766766 0.463529151351301 0.10059210957707698 0.12401019262201593
1 0.6080263287312306 0.3668127117543472 0.10368983603812651 0.12246587334017515
1 0.5924009232907738 0.680216681601922 0.10533415665497756 0.12716246369925485
1 0.6446395332748878 0.629126359393215 0.10212733603812651 0.12245678298109546
1 0.512404137173217 0.30486267847866405 0.09911143019392785 0.12868860226293624
1 0.6595518725627204 0.31963318472518 0.09579551542127547 0.11773292154477702
1 0.35223384496328497 0.6183262565411035 0.05758640340856669 0.07688975292686617