1 0.52265625 0.5828125 0.075 0.10625
1 0.56640625 0.43203125 0.07578125 0.10625
1 0.66953125 0.2453125 0.07109375 0.109375
1 0.584375 0.5453125 0.08203125 0.10625
1 0.39296875 0.64765625 0.07890625 0.10625
1 0.71796875 0.59609375 0.075 0.1078125
1 0.43984375 0.49765625 0.07578125 0.1140625
1 0.70234375 0.48125 0.071875 0.1078125
1 0.66015625 0.63203125 0.0765625 0.1078125
1 0.47734375 0.73203125 0.07734375 0.1171875
1 0.6453125 0.515625 0.07890625 0.109375
1 0.33671875 0.68671875 0.06953125 0.115625
1 0.6140625 0.28125 0.075 0.103125
1 0.4625 0.615625 0.0765625 0.109375
1 0.37890625 0.5375 0.06171875 0.1015625
1 0.41171875 0.7640625 0.06328125 0.109375
1 0.50234375 0.46640625 0.0765625 0.109375
1 0.628125 0.39609375 0.0796875 0.10625
1 0.5375 0.696875 0.0796875 0.1109375
1 0.6 0.659375 0.078125 0.10625
1 0.55 0.3140625 0.0734375 0.1140625
1 0.68984375 0.3625 0.07265625 0.103125
1 0.31875 0.58125 0.0421875 0.06953125