1 0.55234375 0.60546875 0.0828125 0.1171875
1 0.6 0.43828125 0.084375 0.1171875
1 0.71328125 0.2328125 0.078125 0.121875
1 0.61953125 0.5640625 0.090625 0.1171875
1 0.40859375 0.67734375 0.0875 0.1171875
1 0.76796875 0.6203125 0.0828125 0.11875
1 0.46015625 0.51171875 0.084375 0.1265625
1 0.75 0.49296875 0.078125 0.11875
1 0.70390625 0.659375 0.084375 0.11875
1 0.5015625 0.7703125 0.0859375 0.1296875
1 0.68671875 0.53125 0.0875 0.121875
1 0.34609375 0.7203125 0.0765625 0.128125
1 0.653125 0.271875 0.0828125 0.1140625
1 0.48515625 0.6421875 0.084375 0.121875
1 0.39296875 0.55546875 0.06875 0.1125
1 0.42890625 0.80625 0.0703125 0.121875
1 0.52890625 0.47734375 0.084375 0.121875
1 0.66796875 0.39921875 0.0875 0.1171875
1 0.56796875 0.73125 0.0875 0.121875
1 0.6375 0.690625 0.0875 0.1171875
1 0.58203125 0.30859375 0.08125 0.1265625
1 0.7359375 0.3625 0.08125 0.1140625
1 0.3265625 0.603125 0.046875 0.078125