1 0.47421875 0.60078125 0.08125 0.115625
1 0.42734375 0.43828125 0.08125 0.115625
1 0.31640625 0.2375 0.0765625 0.11875
1 0.40859375 0.5609375 0.0875 0.115625
1 0.61484375 0.67109375 0.084375 0.115625
1 0.26328125 0.615625 0.08125 0.115625
1 0.5640625 0.509375 0.08125 0.1234375
1 0.28125 0.49140625 0.078125 0.115625
1 0.32578125 0.65390625 0.0828125 0.115625
1 0.52421875 0.76171875 0.084375 0.1265625
1 0.34296875 0.52890625 0.084375 0.11875
1 0.675 0.71328125 0.075 0.125
1 0.37578125 0.27578125 0.08125 0.1109375
1 0.53984375 0.63671875 0.0828125 0.11875
1 0.6296875 0.55234375 0.065625 0.109375
1 0.59453125 0.796875 0.06875 0.11875
1 0.496875 0.47578125 0.0828125 0.11875
1 0.3609375 0.4 0.0875 0.115625
1 0.45859375 0.72421875 0.0875 0.11875
1 0.39140625 0.684375 0.084375 0.115625
1 0.4453125 0.31171875 0.078125 0.1234375
1 0.29453125 0.3640625 0.078125 0.1109375
1 0.69453125 0.59921875 0.046875 0.075