0 0.27421875 0.28125 0.078125 0.159375
0 0.3546875 0.28125 0.0875 0.15625
0 0.4390625 0.27890625 0.0828125 0.15625
0 0.521875 0.27890625 0.071875 0.15
0 0.60703125 0.28125 0.0828125 0.1453125
0 0.68671875 0.28671875 0.06875 0.15
0 0.271875 0.45390625 0.078125 0.165625
0 0.3640625 0.44921875 0.0828125 0.159375
0 0.446875 0.44921875 0.0828125 0.165625
0 0.5265625 0.44921875 0.0828125 0.15625
0 0.6046875 0.4515625 0.078125 0.165625
0 0.68203125 0.45625 0.0828125 0.165625
0 0.6890625 0.63125 0.0875 0.159375
0 0.6046875 0.62890625 0.06875 0.165625
0 0.51953125 0.61640625 0.0875 0.159375
0 0.43671875 0.62109375 0.078125 0.16875
0 0.34921875 0.61875 0.078125 0.165625
0 0.259375 0.61875 0.0828125 0.159375
0 0.26953125 0.79609375 0.0828125 0.15625
0 0.35703125 0.80078125 0.071875 0.159375
0 0.43671875 0.79375 0.0828125 0.15625
0 0.52421875 0.80859375 0.078125 0.15625
0 0.6046875 0.7984375 0.071875 0.15
0 0.68203125 0.803125 0.078125 0.15625