0 0.7006873286427291 0.33221739975182335 0.0804294945971538 0.14812958279171565
0 0.627249828642729 0.33093554342115744 0.08796897881213823 0.14357845048646728
0 0.5497695707502213 0.3272417532431156 0.08328147881213824 0.1434966298696163
0 0.47398832075022135 0.3259189866040241 0.07363346302712266 0.1386454886359143
0 0.39678107864272905 0.32691269642598225 0.082826452503779 0.1356841298696163
0 0.3235710917969087 0.3295370900953163 0.07050846302712266 0.13859094155801355
0 0.7122226100715858 0.4900708100602489 0.08061150512049746 0.15125458279171564
0 0.6275745942865703 0.4839105389569305 0.0835544945971538 0.1481841298696164
0 0.5517933442865702 0.482587772317839 0.08373650512049746 0.1513091298696164
0 0.47835584428657024 0.4813059159871731 0.08328147881213824 0.1434966298696164
0 0.40739860217907803 0.4824087199649326 0.08061150512049746 0.15125458279171564
0 0.33653236533325764 0.4850740239426921 0.08373650512049746 0.1513091298696164
0 0.33961040465462217 0.6451211797868908 0.0882419945971538 0.14826595048646746
0 0.4168176467621144 0.6441274699649326 0.07123650512049746 0.15109094155801356
0 0.49430560993041145 0.6345536469124496 0.0882419945971538 0.14826595048646746
0 0.570359875715427 0.6405639135515411 0.08097552616718495 0.15750458279171564
0 0.6499108678229193 0.6396111140380085 0.08061150512049746 0.15125458279171564
0 0.7319421178229193 0.6410429748329014 0.0835544945971538 0.1481841298696164
0 0.7328129150367916 0.8033929703686745 0.08328147881213824 0.14349662986961614
0 0.6533529281909712 0.8059082698822071 0.07417949459715381 0.1480204886359143
0 0.5795514071442838 0.7983764135515411 0.08328147881213824 0.1434966298696164
0 0.4998562018684945 0.8102530762955986 0.08015647881213823 0.14344208279171547
0 0.42587267029846343 0.7995962199649327 0.07363346302712266 0.1386454886359143
0 0.3550519360834789 0.8030427739426923 0.08015647881213823 0.14344208279171572