0 0.68203125 0.3203125 0.07109375 0.146875
0 0.60859375 0.3203125 0.0796875 0.1421875
0 0.53125 0.31796875 0.07578125 0.1421875
0 0.45546875 0.31796875 0.06640625 0.1375
0 0.378125 0.3203125 0.07578125 0.13359375
0 0.3046875 0.32421875 0.0625 0.1375
0 0.684375 0.478125 0.07109375 0.15078125
0 0.6 0.4734375 0.07578125 0.146875
0 0.52421875 0.4734375 0.07578125 0.15078125
0 0.45078125 0.4734375 0.07578125 0.1421875
0 0.3796875 0.47578125 0.07109375 0.15078125
0 0.30859375 0.4796875 0.07578125 0.15078125
0 0.30234375 0.63984375 0.0796875 0.146875
0 0.3796875 0.6375 0.0625 0.15078125
0 0.4578125 0.6265625 0.0796875 0.146875
0 0.53359375 0.63125 0.07109375 0.15546875
0 0.61328125 0.62890625 0.07109375 0.15078125
0 0.6953125 0.62890625 0.07578125 0.146875
0 0.68671875 0.79140625 0.07578125 0.1421875
0 0.60703125 0.7953125 0.06640625 0.146875
0 0.53359375 0.7890625 0.07578125 0.1421875
0 0.453125 0.80234375 0.07109375 0.1421875
0 0.3796875 0.79296875 0.06640625 0.1375
0 0.30859375 0.79765625 0.07109375 0.1421875