0 0.8754080243968886 0.157610945413614 0.2482203731437834 0.24274838792272552
0 0.6374040303488169 0.12226766325595695 0.2716760538619427 0.2445353265119139
0 0.3806591266598248 0.09606801716350777 0.29180674668035034 0.19213603432701554
0 0.33908872931554457 0.24819763565092307 0.2701771863755001 0.2578297324222074
0 0.5966194281840764 0.28462732547845665 0.26537151170746504 0.23729890860088992
0 0.8688529764868743 0.3445844065384845 0.2591851442210221 0.24794531017246646
0 0.302923449457707 0.4232725643108049 0.2936692285299777 0.2682963515287954
0 0.5650780158126816 0.47042143031702083 0.2857567345801019 0.25074497849326605
0 0.8327422387835144 0.5102843351983662 0.29983741529826097 0.2545249499572188
0 0.26289282621572774 0.5914981794884513 0.27639082493918143 0.2518708308506309
0 0.5102400040070207 0.6330884042621729 0.2732840056573408 0.25485028163641915
0 0.7754968444642962 0.6839979710541771 0.266979463502863 0.24518418320799587
0 0.22826277528065134 0.7711878335412272 0.28107832493918156 0.25208915467194826
0 0.4740610886105638 0.8105070829220548 0.26856014422102226 0.24838195781510147
0 0.7268906519404762 0.8494988465709058 0.274791963502863 0.2455480562435252