0 0.86875 0.090625 0.2625 0.18125
0 0.590625 0.09765625 0.253125 0.1953125
0 0.3078125 0.0953125 0.271875 0.190625
0 0.3078125 0.28828125 0.246875 0.2125
0 0.590625 0.27734375 0.246875 0.190625
0 0.8859375 0.28359375 0.228125 0.2046875
0 0.31328125 0.4796875 0.271875 0.21875
0 0.60390625 0.47734375 0.26875 0.2
0 0.87578125 0.4671875 0.2484375 0.2
0 0.31328125 0.66328125 0.2578125 0.2046875
0 0.5859375 0.659375 0.253125 0.209375
0 0.87578125 0.659375 0.2484375 0.2
0 0.32109375 0.859375 0.2625 0.2046875
0 0.590625 0.85234375 0.246875 0.2046875
0 0.87109375 0.85 0.253125 0.2125