0 0.7596664486791813 0.12309782665237708 0.2693328973583625 0.19526205634924093
0 0.5053607566836356 0.14553260627269124 0.2603397053628168 0.2276925543720746
0 0.2424067706874536 0.1629297174139363 0.2807249306969986 0.23477022532260167
0 0.27033341804581607 0.3483552228511438 0.257341974697635 0.23850272037968576
0 0.52837263737268 0.3112358607213156 0.25398061736154426 0.218062886387297
0 0.8108215107017711 0.2915095870325004 0.25254538669636234 0.22893671939110263
0 0.30126688673613317 0.52375181228074 0.2824328813653622 0.247333892318796
0 0.567999853397497 0.4955763686299809 0.2744203866963623 0.2298280573378241
0 0.8362044133911336 0.45965209197541623 0.2885010680299076 0.23196356030357368
0 0.3274492207590412 0.693488650721753 0.26508174936345325 0.23257105536065764
0 0.576994687420405 0.6646128701128557 0.26199311203054415 0.2355687213682689
0 0.8468890167488599 0.6396897604544854 0.25563402402927127 0.22593905338349138
0 0.3615622334499946 0.8737000741437381 0.26976924936345326 0.23276205634924096
0 0.6087366781110404 0.8423850430405493 0.2556885680299077 0.2306265533834914
0 0.8661128261059498 0.8153900974126238 0.2620476560311804 0.2402562213682689