1 0.603125 0.4230178951563549 0.08125 0.10080163354437932
1 0.6421875 0.45774824782192197 0.0765625 0.09910274122451135
0 0.60859375 0.1684895195295343 0.103125 0.1217506310370969
0 0.41328125 0.17686900620169915 0.1203125 0.12068823620994644
0 0.2921875 0.2561580379384414 0.1203125 0.11131323620994645
0 0.47890625 0.09049724867985176 0.109375 0.12193248746358769
0 0.30625 0.1800047148980455 0.1296875 0.12252352084968252
1 0.91953125 0.6806618767474479 0.1078125 0.12813702335696497
1 0.74453125 0.9169761468057075 0.1 0.12322220282385174
0 0.17578125 0.15355221199505162 0.1296875 0.12564852084968253
0 0.1625 0.22347826708875881 0.1203125 0.11912573620994645
1 0.76875 0.6559620904583591 0.10625 0.11715405925034225
1 0.78671875 0.8635161776845199 0.1078125 0.12344952335696498
1 0.50625 0.8326991205457487 0.0859375 0.09625052586424729
0 0.3234375 0.10394232007089499 0.13125 0.11475648495630524
1 0.8765625 0.7348803638153241 0.1125 0.12827341567683312
0 0.46953125 0.14334946404011567 0.0953125 0.11214831050398355
1 0.63515625 0.8301999093421198 0.1015625 0.10920516693047437
1 0.65078125 0.3345608004083467 0.1015625 0.09358016693047429
1 0.67421875 0.7782115120076869 0.115625 0.12367684389007856
0 0.1953125 0.09318301332783514 0.1359375 0.09458037727617326
0 0.83671875 0.7977835290964457 0.1125 0.11733591567683313
1 0.72421875 0.7163851134196128 0.1125 0.12202341567683313
0 0.3359375 0.057431032923876434 0.134375 0.07578491316955058
1 0.62265625 0.35952369648913846 0.084375 0.10401756175762475