1 0.54375 0.39765625 0.08203125 0.1046875
1 0.50234375 0.8796875 0.09140625 0.11796875
1 0.53125 0.58671875 0.08359375 0.096875
1 0.553125 0.31953125 0.0796875 0.09921875
1 0.3921875 0.475 0.08203125 0.1046875
1 0.5203125 0.67109375 0.08203125 0.10703125
1 0.53671875 0.4921875 0.0765625 0.1125
1 0.515625 0.77734375 0.08359375 0.12265625
1 0.346875 0.8640625 0.1046875 0.15703125
1 0.4078125 0.38515625 0.08359375 0.1046875
1 0.37734375 0.5734375 0.08125 0.10234375
1 0.415625 0.30625 0.078125 0.10703125
1 0.359375 0.7578125 0.08125 0.10703125
1 0.56796875 0.0828125 0.06484375 0.08359375
1 0.56484375 0.1546875 0.06796875 0.07890625
1 0.559375 0.2421875 0.053125 0.08671875
1 0.42109375 0.22890625 0.06171875 0.096875
1 0.4328125 0.14921875 0.06328125 0.08125
1 0.43515625 0.0796875 0.06796875 0.08125
1 0.365625 0.6625 0.06796875 0.1046875