1 0.58828125 0.5671875 0.109375 0.0875
1 0.08203125 0.52421875 0.1234375 0.0953125
1 0.38984375 0.55390625 0.1015625 0.0875
1 0.6703125 0.57734375 0.1046875 0.084375
1 0.50703125 0.4078125 0.109375 0.0875
1 0.30078125 0.54296875 0.1125 0.0875
1 0.4890625 0.56015625 0.11875 0.08125
1 0.18984375 0.5375 0.128125 0.0875
1 0.09921875 0.3609375 0.165625 0.109375
1 0.6015625 0.425 0.109375 0.0875
1 0.40390625 0.39296875 0.10625 0.084375
1 0.684375 0.4328125 0.1125 0.08125
1 0.21015625 0.37421875 0.1125 0.084375
1 0.91875 0.59296875 0.0875 0.06875
1 0.84375 0.58984375 0.08125 0.071875
1 0.7515625 0.584375 0.090625 0.05625
1 0.76484375 0.4390625 0.1015625 0.065625
1 0.84921875 0.4515625 0.084375 0.065625
1 0.921875 0.45390625 0.084375 0.071875
1 0.31015625 0.38046875 0.109375 0.071875