1 0.53359375 0.403125 0.0875 0.109375
1 0.48984375 0.91171875 0.096875 0.125
1 0.5203125 0.60234375 0.0875 0.103125
1 0.54375 0.3203125 0.084375 0.1046875
1 0.3734375 0.48515625 0.0875 0.109375
1 0.509375 0.6921875 0.0875 0.1125
1 0.5265625 0.503125 0.08125 0.11875
1 0.50390625 0.80390625 0.0875 0.1296875
1 0.32578125 0.8953125 0.109375 0.165625
1 0.390625 0.38984375 0.0875 0.109375
1 0.3578125 0.58828125 0.084375 0.1078125
1 0.3984375 0.30625 0.08125 0.1125
1 0.3390625 0.7828125 0.084375 0.1125
1 0.559375 0.0703125 0.06875 0.0875
1 0.55625 0.14609375 0.071875 0.0828125
1 0.55078125 0.2390625 0.05625 0.090625
1 0.4046875 0.225 0.065625 0.103125
1 0.4171875 0.140625 0.065625 0.0859375
1 0.41953125 0.06796875 0.071875 0.0859375
1 0.3453125 0.68203125 0.071875 0.109375