0 0.8768612296464694 0.33877035894489654 0.10885710085908258 0.11177526101791671
0 0.66308641395178 0.517944793406077 0.165025213703953 0.11152199430041669
0 0.4554952419709413 0.44288632275701423 0.1527708751693421 0.1159185535709724
0 0.6031238364984459 0.38623954530593796 0.14800813206674696 0.0845958183886113
0 0.2778748530067892 0.3888131525447919 0.13484639077317437 0.10145601006798621
0 0.4057774457252714 0.28332883159072947 0.13024742198083886 0.07325827488562506
0 0.2906061471047524 0.27440581363895855 0.1317280348257091 0.07173214247680564
0 0.2100621540021574 0.24131925028434043 0.12070200361804462 0.09956620174736122
0 0.05194311680159913 0.32113077080156255 0.07407930913596858 0.07351154160312508
0 0.038248029737326425 0.14914666802802085 0.0648680834462281 0.07641833605604172
0 0.3597445714604405 0.19408384042444474 0.1293400192218769 0.08572190729444454
0 0.4606796296918979 0.2440312486688198 0.08773237336031983 0.06602634992375007
0 0.4436625480546921 0.21710507275701424 0.058297178878243726 0.04037173328250008
0 0.5685706948207603 0.26292867866468794 0.0981785504295413 0.05690592306201401