0 0.88828125 0.390625 0.08671875 0.0953125
0 0.63359375 0.52890625 0.146875 0.08203125
0 0.446875 0.42109375 0.13203125 0.08828125
0 0.60625 0.390625 0.1359375 0.05703125
0 0.284375 0.3390625 0.11640625 0.07734375
0 0.43671875 0.2578125 0.11953125 0.04765625
0 0.325 0.2296875 0.12109375 0.046875
0 0.253125 0.18359375 0.10234375 0.07890625
0 0.0546875 0.23046875 0.10859375 0.0515625
0 0.09375 0.0640625 0.07578125 0.0609375
0 0.4125 0.16328125 0.115625 0.06171875
0 0.5 0.22890625 0.07578125 0.05
0 0.48984375 0.19921875 0.05078125 0.03046875
0 0.60234375 0.26484375 0.0890625 0.03828125