0 0.7170673543053664 0.49499627820751757 0.33954906412073405 0.38787374648395867
0 0.2892700422132273 0.7919864703385542 0.3111786022701809 0.3736476200205255
0 0.8587872500032953 0.4762048507108122 0.27211610227018107 0.37342036104353493
0 0.5402184821463878 0.5124297387835144 0.34440020535443594 0.3972760175611974
0 0.36940142167580653 0.5423268379231927 0.29538996103647885 0.36418171642972935
0 0.49020129667745416 0.7822246091968232 0.2765854139585782 0.36094763212077385
0 0.19429232752000516 0.54959495814011 0.2734876874975285 0.36249195140261464
0 0.6445840227281715 0.12776969467462423 0.24819558684890541 0.25553938934924847
0 0.6645155040637805 0.7757422841594459 0.32354223457542924 0.36590784289316236
0 0.09492494196505069 0.36584264773706365 0.18984988393010138 0.2870647045258726
0 0.8546865365311845 0.7558878055312723 0.2395763376596843 0.388854463502863
0 0.4446134760573079 0.3059757265850701 0.27420470779006795 0.3140635417616943
0 0.5927742865278891 0.2762104376520463 0.29665245210802504 0.34700330678880886
0 0.18097549026076737 0.14985909943426592 0.2755490194784653 0.29971819886853185
0 0.30620731534184525 0.1362142350710812 0.2750853693163095 0.2724284701421624
0 0.4868806168839728 0.12396369906492358 0.26998876623205437 0.24792739812984715
0 0.7522583806836904 0.2690332210259252 0.25995129301741554 0.30304422852997764
0 0.23514301867098167 0.31266258470173885 0.3069626607121673 0.31112943930236625