0 0.71953125 0.4484375 0.2640625 0.33515625
0 0.37421875 0.83046875 0.2375 0.32734375
0 0.8734375 0.39453125 0.23984375 0.32578125
0 0.5515625 0.50390625 0.2671875 0.34453125
0 0.3921875 0.5703125 0.22265625 0.3203125
0 0.56796875 0.77734375 0.20390625 0.321875
0 0.22265625 0.61640625 0.2 0.32421875
0 0.56015625 0.1078125 0.2 0.215625
0 0.73671875 0.73203125 0.25234375 0.31484375
0 0.0734375 0.4625 0.146875 0.259375
0 0.9171875 0.67109375 0.1546875 0.36171875
0 0.40859375 0.325 0.2125 0.271875
0 0.5453125 0.26328125 0.22890625 0.3015625
0 0.10859375 0.2109375 0.20859375 0.3
0 0.2265625 0.16328125 0.21015625 0.28828125
0 0.4015625 0.12109375 0.21640625 0.24140625
0 0.69921875 0.221875 0.2 0.2640625
0 0.20546875 0.37734375 0.25 0.26015625