1 0.80546875 0.9421875 0.1359375 0.115625
1 0.9453125 0.903125 0.109375 0.140625
1 0.8671875 0.61953125 0.1171875 0.165625
1 0.82578125 0.85390625 0.11875 0.15
1 0.06171875 0.11484375 0.09375 0.103125
1 0.203125 0.11875 0.09375 0.103125
1 0.84609375 0.73359375 0.1359375 0.146875
1 0.8703125 0.10078125 0.1203125 0.1375
1 0.7421875 0.5703125 0.1203125 0.15625
1 0.7140625 0.690625 0.128125 0.153125
1 0.04765625 0.228125 0.090625 0.10625
1 0.06796875 0.02734375 0.09375 0.0546875
1 0.12734375 0.17265625 0.090625 0.1
1 0.5140625 0.91171875 0.19375 0.175
1 0.9125 0.03125 0.13125 0.0625
1 0.66953125 0.91796875 0.121875 0.146875
1 0.4875 0.79921875 0.20625 0.15625
1 0.96640625 0.14765625 0.0671875 0.15625
1 0.6953125 0.80703125 0.1265625 0.178125
1 0.75546875 0.06953125 0.109375 0.1375
1 0.1359375 0.06015625 0.09375 0.096875
1 0.284375 0.0109375 0.090625 0.021875
1 0.9375 0.9671875 0.125 0.065625
1 0.10234375 0.728125 0.128125 0.1625
1 0.790625 0.009375 0.1203125 0.01875
1 0.6328125 0.46328125 0.121875 0.14375
1 0.2796875 0.06640625 0.0921875 0.10625
1 0.43203125 0.01328125 0.0953125 0.0265625
1 0.228125 0.86171875 0.125 0.15
1 0.76640625 0.4421875 0.1359375 0.153125
1 0.01640625 0.05703125 0.0328125 0.1140625
1 0.2 0.6171875 0.121875 0.16875
1 0.36328125 0.0390625 0.0921875 0.078125
1 0.21171875 0.034375 0.0890625 0.06875
1 0.33671875 0.75703125 0.1234375 0.125
1 0.30703125 0.5453125 0.0984375 0.1375
1 0.4421875 0.6359375 0.1109375 0.159375
1 0.55 0.55703125 0.0921875 0.128125
1 0.5046875 0.33984375 0.08125 0.121875
1 0.41171875 0.44453125 0.09375 0.115625