1 0.2578019814608123 0.9376262232654204 0.1279806440165447 0.12261131908544912
1 0.11511449478831257 0.8954846959416656 0.12965223201781734 0.13199540944452864
1 0.1964077587523597 0.6301500665513663 0.11119313335454448 0.1568863251355733
1 0.23722530478194925 0.8478961027539157 0.11257382001909004 0.14127041549465283
1 0.9409351773551808 0.15547419419314976 0.088609061346272 0.09582156010845858
1 0.8097306306890445 0.16014403435583763 0.08862724267981754 0.09738406010845861
1 0.21717533943344997 0.736286437062871 0.12816245735199913 0.13823631908544912
1 0.18765563602004454 0.14657449726952548 0.11399086935072651 0.12877950585373243
1 0.3122776594127691 0.5833790847999347 0.11420904535327185 0.14752950585373234
1 0.04473179201145402 0.0841204699457707 0.08899086935072646 0.1286340601084586
1 0.3393588747612684 0.6949478438751211 0.12196700135263541 0.14288745764913066
1 0.9554436673694984 0.260865676140973 0.08553860534690863 0.10049087939029935
1 0.9349840746737723 0.04975299766230895 0.08871814934754454 0.0995059953246179
1 0.8806249333624987 0.20973496819725485 0.08546588001272681 0.09424087939029935
1 0.5285139234563581 0.9032365459651068 0.1832135840229082 0.16980448165323594
1 0.148310778007636 0.05599774253554061 0.12318405601527202 0.11199548507108122
1 0.38401903612344884 0.9072024041799714 0.11409995735199914 0.1381545058537327
1 0.5522594114417223 0.7952786002198329 0.19389654535327186 0.14799311416679295
1 0.07333005402608972 0.1917738886618774 0.1157715453532718 0.14753859621281212
1 0.35860031810944953 0.8042183047457054 0.1206772213558172 0.1663158672900508
1 0.29500451201463573 0.10610351249303188 0.10334427068745367 0.15371587334017517
1 0.8715942840149538 0.10509291999265291 0.08855451734563573 0.09113406010845858
1 0.7332488520050907 0.03549103064340448 0.08524770401018138 0.07098206128680896
1 0.135418451463994 0.9617773164531703 0.11806020401018139 0.07568177693097126
1 0.9100804547660409 0.7267861128110605 0.12049540802036277 0.15069086729005096
1 0.26135567067154525 0.03534208148028504 0.11333634134309048 0.07068416296057008
1 0.4126765540658607 0.4827882114597596 0.11562609468490823 0.13503859621281222
1 0.738064168682363 0.11133889569396024 0.08708292401336308 0.09893746974937896
1 0.5949948740054088 0.03785322180198728 0.08997156667727228 0.07570644360397456
1 0.7943383707829037 0.851686639742032 0.11724313868554467 0.13973518657189174
1 0.28823053739654253 0.46397964500658917 0.12823518268618095 0.14448631908544912
1 0.9838528340030226 0.09740261895938065 0.03229433199395473 0.11737839754067196
1 0.8182554867520416 0.6241883536376784 0.11433631468809002 0.15846700585373236
1 0.6602204320098631 0.06882011846840132 0.08877269334818116 0.1098840601084586
1 0.8015903193427724 0.06487244097169591 0.08552042401336309 0.09892837939029935
1 0.6916486281030861 0.7554025130822071 0.11698860001590834 0.11786018657189175
1 0.7174827800763601 0.5583638866187739 0.0936783693507266 0.1286613311856975
1 0.5926742314210414 0.6426894105246832 0.10487040802036277 0.15059996369925485
1 0.49104754941117823 0.5706194886853184 0.0873192813494537 0.11924996974937904
1 0.5308714760502704 0.36724904899016886 0.07787155601527189 0.1129454275949013
1 0.6195078093968608 0.4643962388817102 0.08877269334818116 0.10988406010845857
1 0.8659068106699543 0.021809804843901305 0.0755636213399086 0.04361960968780261