1 0.246875 0.9390625 0.1265625 0.121875
1 0.1046875 0.89609375 0.128125 0.13203125
1 0.1890625 0.63125 0.109375 0.15546875
1 0.22734375 0.84921875 0.1109375 0.140625
1 0.9390625 0.1609375 0.08671875 0.0953125
1 0.8078125 0.16484375 0.08671875 0.096875
1 0.20859375 0.7375 0.1265625 0.1375
1 0.1859375 0.14765625 0.1125 0.12890625
1 0.30546875 0.58515625 0.1125 0.14609375
1 0.04375 0.084375 0.0875 0.12890625
1 0.33125 0.696875 0.1203125 0.1421875
1 0.95234375 0.26640625 0.08515625 0.09921875
1 0.934375 0.05234375 0.0875 0.1046875
1 0.878125 0.21484375 0.08515625 0.09375
1 0.51796875 0.90625 0.18046875 0.16953125
1 0.14765625 0.05625 0.121875 0.1125
1 0.3734375 0.909375 0.11328125 0.1375
1 0.54296875 0.7984375 0.1921875 0.14609375
1 0.07109375 0.1921875 0.1140625 0.14609375
1 0.34921875 0.80625 0.11796875 0.165625
1 0.29375 0.1078125 0.1015625 0.15234375
1 0.8703125 0.11015625 0.08671875 0.090625
1 0.7328125 0.0375 0.08515625 0.075
1 0.12421875 0.9625 0.1171875 0.075
1 0.9015625 0.73203125 0.11875 0.15078125
1 0.2609375 0.0359375 0.1125 0.071875
1 0.40703125 0.48515625 0.1140625 0.134375
1 0.73671875 0.115625 0.0859375 0.0984375
1 0.59453125 0.03984375 0.0890625 0.07890625
1 0.784375 0.85625 0.11640625 0.1390625
1 0.2828125 0.465625 0.1265625 0.14375
1 0.98359375 0.103125 0.0328125 0.1171875
1 0.8109375 0.62890625 0.11328125 0.1578125
1 0.659375 0.07265625 0.08671875 0.11015625
1 0.80078125 0.06953125 0.084375 0.0984375
1 0.6828125 0.759375 0.115625 0.1171875
1 0.7109375 0.5625 0.0921875 0.12734375
1 0.58515625 0.64609375 0.103125 0.14921875
1 0.484375 0.5734375 0.0859375 0.11875
1 0.5265625 0.3703125 0.0765625 0.1125
1 0.6140625 0.46796875 0.08671875 0.10859375
1 0.865625 0.02421875 0.075 0.0484375