1 0.2140625 0.93359375 0.140625 0.1328125
1 0.06328125 0.88671875 0.1265625 0.1453125
1 0.14921875 0.59375 0.121875 0.171875
1 0.1921875 0.83515625 0.1234375 0.15625
1 0.965625 0.0734375 0.06875 0.10625
1 0.834375 0.078125 0.096875 0.10625
1 0.17109375 0.7109375 0.140625 0.153125
1 0.14609375 0.065625 0.125 0.13125
1 0.27890625 0.54296875 0.125 0.1625
1 0.30703125 0.66640625 0.1328125 0.15625
1 0.9734375 0.190625 0.053125 0.109375
1 0.91171875 0.134375 0.09375 0.103125
1 0.51328125 0.8984375 0.2 0.1875
1 0.353125 0.9015625 0.125 0.153125
1 0.54140625 0.77890625 0.2125 0.1625
1 0.04140625 0.10859375 0.08125 0.1625
1 0.3265625 0.7875 0.13125 0.1828125
1 0.26484375 0.04921875 0.1125 0.0984375
1 0.9015625 0.03359375 0.096875 0.0671875
1 0.078125 0.959375 0.1296875 0.08125
1 0.9359375 0.7046875 0.128125 0.165625
1 0.390625 0.4328125 0.1265625 0.15
1 0.7546875 0.0390625 0.0953125 0.078125
1 0.8078125 0.84296875 0.128125 0.153125
1 0.253125 0.4109375 0.140625 0.159375
1 0.83671875 0.59140625 0.125 0.175
1 0.6703125 0.01875 0.096875 0.0375
1 0.82578125 0.0140625 0.09375 0.028125
1 0.69609375 0.73515625 0.128125 0.1296875
1 0.7265625 0.51796875 0.1015625 0.140625
1 0.58828125 0.6109375 0.115625 0.165625
1 0.4765625 0.5296875 0.0953125 0.13125
1 0.5234375 0.30546875 0.084375 0.125
1 0.61953125 0.41328125 0.096875 0.11875