1 0.31813117491233156 0.9369310197344823 0.14239778003177211 0.1072925296574951
1 0.17254593952282815 0.9272270503805607 0.1460682508107789 0.1386698636498842
1 0.21869068790127036 0.6595328730042431 0.13104326866768634 0.17240819368794008
1 0.2872300024290414 0.8686094426621759 0.12923530681713338 0.15828202669174551
1 0.8964540344959989 0.07370689467871087 0.1002648271096728 0.10869852076024666
1 0.7671074537328783 0.09852250536284538 0.10029210064862308 0.11026102076024666
1 0.2533032414719928 0.7613208660841609 0.144833033278183 0.15735619665368966
1 0.14859896144351598 0.1823602193539216 0.1306068920444809 0.14740819368794006
1 0.32781054342115745 0.5956693497725386 0.13246940097293472 0.16465936068413461
1 0.026714278813956105 0.14198191155898693 0.05086484496658026 0.14103617688202613
1 0.3687412808392557 0.7011089248676787 0.14022735389503396 0.16185269566510635
1 0.9240353380667214 0.1757813892415034 0.09878414772652384 0.11332235376405228
1 0.8770806972400564 0.01284757950658345 0.10103639448011278 0.0256951590131669
1 0.8436114525150622 0.1368409060474174 0.09711255357072242 0.10700868676785787
1 0.5829106952048709 0.8776701303814359 0.2033273717519414 0.1987743755128819
1 0.09788016680124727 0.09842822973404493 0.13658415665497753 0.13203786167271767
1 0.44031013798070057 0.9045894105332227 0.13230575973923261 0.15528436068413462
1 0.592706660708872 0.7670363779099779 0.21075804220663663 0.17721771049385407
1 0.05509046915415372 0.24480582262368228 0.10434440097293467 0.16351335475263545
1 0.401859518257354 0.8068668349437911 0.14060918344033874 0.1837276956651066
1 0.2500290478886796 0.12584628110318896 0.12161372158978574 0.16890119171077375
1 0.8214988989443398 0.0432586269399853 0.09862050649282175 0.0865172538799706
1 0.675477286931631 0.01454668376492731 0.09470457386326192 0.02909336752985462
1 0.19991300892186317 0.9722384614452562 0.12570911201270887 0.04571835969555131
1 0.9345265760937277 0.6434954712567258 0.13094684781254456 0.16960152866891215
1 0.20745003571381498 0.06034595650234033 0.12178527110331834 0.08927735870696815
1 0.41492298538620814 0.4803215809894582 0.1322512126613319 0.15215936068413444
1 0.6898494784896446 0.061798438176370554 0.09875687418757337 0.11175985376405226
1 0.5373869517042833 0.028349198593674928 0.09977390340856669 0.056698397187349855
1 0.8400725844099781 0.7851019925112641 0.1354580332781829 0.1569741946765232
1 0.2890599147693571 0.4807592741831067 0.14650462743398435 0.16366986364988403
1 0.9321773003243117 0.03462973760552927 0.048729600648623264 0.06925947521105855
1 0.8345145109537533 0.5562594095074586 0.1342228157455871 0.17566052768032883
1 0.6072591209411626 0.04647977467739832 0.10201824188232518 0.09295954935479664
1 0.7468710458600847 0.030301676350553503 0.09686709172016936 0.060603352701107005
1 0.7261134500761349 0.7060922662372603 0.13195120373287814 0.13497186068413444
1 0.7265423238599666 0.5067143487467743 0.10865007142762977 0.1418293557412186
1 0.613416806813838 0.6098313729670621 0.12312167451188501 0.16583985870696819
1 0.5037866623337252 0.5548812292025722 0.10223643019392785 0.13219968775644092
1 0.5173604184228051 0.347149642244434 0.09116256249917623 0.12394151878308027
1 0.6173115998345489 0.4298573714841873 0.10207278896022594 0.12282468775644109