1 0.4265625 0.628125 0.109375 0.06875
1 0.39609375 0.775 0.10625 0.065625
1 0.46328125 0.49453125 0.0875 0.0765625
1 0.40625 0.70234375 0.096875 0.071875
1 0.30234375 0.7359375 0.1046875 0.0828125
1 0.44375 0.559375 0.0953125 0.06875
1 0.3328125 0.6609375 0.096875 0.078125
1 0.34765625 0.5953125 0.103125 0.0765625
1 0.36796875 0.52265625 0.09375 0.071875
1 0.3953125 0.45546875 0.09375 0.075
1 0.2453125 0.67265625 0.1 0.084375
1 0.2625 0.603125 0.0828125 0.06875
1 0.28203125 0.53359375 0.0953125 0.0796875
1 0.3046875 0.4609375 0.103125 0.071875
1 0.3234375 0.39375 0.084375 0.0734375
1 0.24296875 0.34296875 0.0875 0.065625
1 0.228125 0.41484375 0.09375 0.071875
1 0.2046875 0.47890625 0.09375 0.06875
1 0.184375 0.54609375 0.0828125 0.06875
1 0.1609375 0.6203125 0.1 0.0734375
1 0.29140625 0.81015625 0.08125 0.040625