1 0.3985569244672297 0.5494246313893786 0.07448210085908266 0.11297803482570892
1 0.25545869968200036 0.5843429432388806 0.07275582654882315 0.10977114767057934
1 0.52960885063194 0.5088704732033497 0.081148180687266 0.09151247060135788
1 0.3268833203287867 0.571982384102912 0.07695200361804462 0.10064180913596861
1 0.2970497354122206 0.6753873450933314 0.0882989393936934 0.1090275192218769
1 0.4664880529159321 0.5301965965636695 0.07530761646291495 0.09899742198083886
1 0.36975357304232015 0.6425914552246683 0.08320200361804461 0.10096935775648745
1 0.4346825322237173 0.6258709447092187 0.0818851650834338 0.10557497060135787
1 0.5047526927845954 0.602613829150815 0.07670634215265544 0.09595430913596861
1 0.5706299983025194 0.5740926814802356 0.07983134215265544 0.09611808344622812
1 0.36097611657445655 0.7292249960432711 0.08961577792830404 0.10442190637700666
1 0.4297294386007239 0.7107372676399971 0.0730900192218769 0.0864155348257091
1 0.49749679273916686 0.6883842328142882 0.08468261646291494 0.09948874491161738
1 0.5682663161449153 0.6635236736783195 0.07719766508343398 0.10532930913596843
1 0.6337718074384879 0.642855969585305 0.07785940637700665 0.08822369629109836
1 0.6856043023501053 0.7200459113538475 0.07177318068726599 0.09102114767057934
1 0.616028786746273 0.7377933333346864 0.07670634215265544 0.09595430913596861
1 0.5538530133405247 0.7622035131174414 0.07514384215265543 0.09587242198083885
1 0.4884703527796466 0.7852149672104558 0.0746525192218769 0.08649742198083885
1 0.41691957937389823 0.8101164699239893 0.07867827792830422 0.10384869629109836
1 0.22488480834299907 0.688570097806865 0.04480124491161739 0.08181656603337348