1 0.8483009913928434 0.7931049439053995 0.2645486611547437 0.38652684712916763
1 0.6818426668907394 0.7176513756448399 0.24654768402023458 0.49619027346576167
1 0.816366455913481 0.8767678338691074 0.2628720553496283 0.2464643322617853
1 0.4778198218853973 0.8930351813865045 0.21610618275429014 0.21392963722699107
1 0.557998395206375 0.8823437287062574 0.17172126569391466 0.23531254258748505
1 0.6294294511041576 0.8619664628859484 0.18353178493120836 0.2760670742281032
1 0.40286446190393077 0.9127183498305907 0.16307046279135698 0.17456330033881856
1 0.31917894266663704 0.935170202503779 0.17069942431676957 0.129659594992442
1 0.254491449290059 0.8830392841302798 0.24132443756361352 0.2339214317394404
1 0.17805792406231555 0.8329636894201865 0.20095738710812655 0.33407262115962694
1 0.10417654619431768 0.8060602842008671 0.20835309238863536 0.387879431598266
1 0.2036978195231446 0.7352072708349258 0.27221731741534594 0.42751586817585513
1 0.3657340280533323 0.7579530680487983 0.3083185085223386 0.43429648919430763
1 0.5383282798674308 0.7249493942018657 0.2980307945498552 0.3183074681476203
1 0.5349007234214941 0.5540908626318346 0.2769891190519592 0.251590405007558
1 0.7492186837657805 0.536825580850042 0.23417168039203737 0.4097067418957307
1 0.8831373267795387 0.6025555386154928 0.20764389672677339 0.3645006577089811
1 0.8295659265942043 0.38806883341029075 0.2993750397405318 0.312148473409292
1 0.7713789482785687 0.193667115050909 0.26349210344286256 0.3116178523908396
1 0.8431894608924404 0.22211760971864997 0.2292460782151192 0.35796223137238703
1 0.6467559157944311 0.31009720990217665 0.29313001814098527 0.44588643657758914
1 0.5280431213293939 0.27969780738428013 0.21996533665263965 0.44942168927901227
1 0.4269419235989794 0.3278252232681177 0.2660218811176767 0.4287143471291677
1 0.3222246525475872 0.38983312862861164 0.23424609146196307 0.4564907366340588
1 0.21880204138499426 0.3250965234657618 0.1880555938242158 0.2947495998305908
1 0.15294637369164663 0.41755006299888786 0.22292664554564706 0.4449161998023559
1 0.07146079383206498 0.49352175782192054 0.14292158766412996 0.4026685156438411
1 0.06616814782308175 0.2883337288827254 0.1323362956461635 0.3704174577654508
1 0.1932911538135315 0.1365121656014889 0.24818950725639413 0.18598081555913662
1 0.36743798194383265 0.12630124964706416 0.2713740361123347 0.22475488922254247
1 0.5707539549019907 0.13266318366440455 0.28661709019601866 0.21472744183926099
1 0.69904513520921 0.06811410722898839 0.17690972958158008 0.06488008930724712
1 0.8298487019067657 0.11096030184025962 0.15905259618646853 0.13400952090551305
1 0.9043352589008566 0.48871284649388314 0.16732145317271013 0.1921860419522005
1 0.9210366308632227 0.6157226675264531 0.12584328130301117 0.21004139988706055