1 0.8396508116247178 0.7421875 0.26888285649119403 0.371875
1 0.6739573451231637 0.6765625 0.25217485359570996 0.4828125
1 0.8067055709303427 0.82890625 0.2656036910658788 0.234375
1 0.4675488715922964 0.88125 0.21887424028009034 0.2375
1 0.5478913430562491 0.8671875 0.17479890860089 0.2640625
1 0.6196957225019192 0.83515625 0.18690080231458364 0.2890625
1 0.39234766439636737 0.90234375 0.16534682588823219 0.1953125
1 0.3083707706826736 0.92734375 0.17239303846084475 0.1453125
1 0.24425692080650813 0.878125 0.24416533870851378 0.24375
1 0.16838793362678972 0.8296875 0.20492736434907693 0.340625
1 0.1006163143108049 0.80546875 0.2012326286216098 0.3890625
1 0.19528438151709387 0.721875 0.2770249962759464 0.4125
1 0.35716579735669407 0.73515625 0.3131808200972639 0.4171875
1 0.5302608490521051 0.6921875 0.30154549917143053 0.3015625
1 0.5288182812266436 0.521875 0.27973896567298445 0.2359375
1 0.7434822487616548 0.4921875 0.23879725020488785 0.396875
1 0.8767270882987382 0.55 0.21175956120592368 0.353125
1 0.8256141602580289 0.3390625 0.30281690074300716 0.2953125
1 0.7696489123249435 0.1484375 0.26695217535011295 0.296875
1 0.8411771559148027 0.17265625 0.23327068817039454 0.3453125
1 0.6435872183635809 0.271875 0.2981380169541108 0.4296875
1 0.5251475874701687 0.2484375 0.22506438998963993 0.4375
1 0.4234181135250166 0.30234375 0.2708477708830522 0.4140625
1 0.3179086681159118 0.3703125 0.23941798841806347 0.44375
1 0.21516896588238144 0.31171875 0.19136997849326604 0.284375
1 0.14819332754537123 0.4078125 0.22797106616832247 0.4328125
1 0.06975807423560233 0.4890625 0.13951614847120467 0.39375
1 0.0655671879655067 0.284375 0.1311343759310134 0.3625
1 0.19183428143153142 0.125 0.2501927067816443 0.171875
1 0.36621785132390755 0.1046875 0.2738142973521849 0.209375
1 0.569597562448778 0.09921875 0.28892987510244394 0.1984375
1 0.6987264443756475 0.02734375 0.17754711124870504 0.0546875
1 0.8291202657157657 0.0625 0.1605094685684687 0.125
1 0.8992635219210185 0.43515625 0.16945212903138512 0.1828125
1 0.9144989160489972 0.5609375 0.12821069892376152 0.203125