1 0.6635472699252457 0.7310635237830455 0.07502874373179384 0.05810790653397539
1 0.874959794535852 0.8182231137344136 0.08793792069139812 0.0727526033908223
1 0.582044868829889 0.806831965263209 0.07994356426490726 0.0661387303552928
1 0.6646300482967756 0.7951624110865984 0.06569920783841657 0.059233758891340214
1 0.6649219018202726 0.6707617245688338 0.08155152837152997 0.06777400496239885
1 0.5040335290964457 0.8143769456185017 0.08155152837152997 0.06777400496239885
1 0.9606655130967259 0.7011019261831917 0.07866897380654833 0.08263702564056316
1 0.8050049957103509 0.7800189464470714 0.08655727711788863 0.07892982878371627
1 0.3957196092629776 0.5870760450803825 0.08582985141192578 0.05392982878371626
1 0.4301748287798766 0.6957768029382654 0.08467652837152997 0.06791955417661058
1 0.34593622109974465 0.7043941317219817 0.07663670783841656 0.059743181141081084
1 0.34343700989611586 0.833591480150405 0.07838106426490725 0.06606595574818712
1 0.9256895687507468 0.7603164143963673 0.09129024122451135 0.08071065260503385
1 0.6532880683550354 0.6204535095150219 0.09317098997087019 0.09172092721213972
1 0.10637464977520843 0.4026283862700956 0.09147209765100213 0.08696065260503386
1 0.0809417069139797 0.6846617903228716 0.10084709765100211 0.08739730024766885
1 0.20380724241164558 0.5248244098437442 0.09280727711788872 0.07922092721213972
1 0.5122120904583591 0.7459351606723137 0.07650031551854859 0.05505568114108108
1 0.9876269982841404 0.6450680959517332 0.024746003431719288 0.07703768899896399
1 0.42680343936300247 0.8218855386702417 0.07539245658477522 0.07060790653397539
1 0.1911755471096414 0.3595632828792735 0.08811977711788868 0.07900260339082213
1 0.24393448574772805 0.4251668581483331 0.10071070533113406 0.08270980024766902
1 0.1551364102000497 0.4652888980569199 0.08692098997087014 0.09142982878371626
1 0.2879178179593239 0.484920693756475 0.09000052586424748 0.09001287799792798
1 0.3335318463308538 0.546945504757511 0.08669366943775678 0.08361732878371626
1 0.25406330667655286 0.5850683970234626 0.08361413354437941 0.08503427956950453
1 0.17238506083318797 0.7085658631107318 0.1132561694377567 0.08485449710451576
1 0.16925771232425604 0.7892893242356024 0.09317098997087014 0.09172092721213972
1 0.08098482251167045 0.7668022022335304 0.0821425617576248 0.08808650496239867
1 0.4248484827782272 0.7546980386702418 0.07833560015828453 0.06450345574818694
1 0.3595189994712745 0.7679108221686877 0.05632420783841656 0.058797111248705035
1 0.5846122761934518 0.6799783668347855 0.07052310015828453 0.06413958271265763
1 0.42527672862159205 0.6349848521524771 0.07194920783841656 0.05952485731976367
1 0.34117451326132814 0.6482896809361934 0.07681856426490725 0.06599318114108108
1 0.50632214014179 0.6241693225829724 0.09083560015828454 0.06508565260503403
1 0.5804499619285446 0.6175875287454442 0.07971624373179384 0.05832623035529281
1 0.6601565308123054 0.4801003372652809 0.09092652837152997 0.06821065260503385
1 0.5819920783841652 0.5361555922276796 0.11463681301126591 0.0786772717116218
1 0.7493697949980703 0.5080198219637999 0.09409699247815269 0.06991870181924557
1 0.6803530220368168 0.5558259292835636 0.10306281551854841 0.056292849461880755
1 0.851851251978557 0.7230754336267897 0.08655727711788863 0.07892982878371627
1 0.9033395441401406 0.6643510969851907 0.08338681301126627 0.07722177956950453
1 0.9511489068348375 0.6136211968613561 0.08311402837152997 0.06784677956950454
1 0.9778057174053281 0.5610933562908155 0.044388565189343865 0.07783820967712848
1 0.5073821864600087 0.6874869598865254 0.08780152837152996 0.0680651033908223
1 0.5871211622451138 0.7393169795312325 0.08146060015828453 0.06464900496239867