1 0.778125 0.38046875 0.05 0.06875
1 0.89453125 0.1796875 0.0625 0.08125
1 0.84375 0.47109375 0.05625 0.075
1 0.84296875 0.38671875 0.0515625 0.059375
1 0.71875 0.371875 0.059375 0.075
1 0.840625 0.55 0.0578125 0.075
1 0.78984375 0.06953125 0.071875 0.09375
1 0.846875 0.2453125 0.06875 0.0796875
1 0.59765625 0.63203125 0.04375 0.08125
1 0.7109375 0.61015625 0.059375 0.078125
1 0.70859375 0.69609375 0.0515625 0.071875
1 0.8375 0.71328125 0.0578125 0.0734375
1 0.8421875 0.121875 0.071875 0.084375
1 0.665625 0.37734375 0.08125 0.084375
1 0.3734375 0.90078125 0.078125 0.0828125
1 0.653125 0.95625 0.0765625 0.0875
1 0.51015625 0.8171875 0.06875 0.0859375
1 0.7734375 0.53359375 0.046875 0.071875
1 0.7390625 0.02734375 0.0703125 0.0546875
1 0.8375 0.628125 0.0625 0.06875
1 0.3421875 0.81015625 0.06875 0.08125
1 0.41484375 0.765625 0.0703125 0.09375
1 0.44296875 0.85859375 0.08125 0.078125
1 0.48125 0.728125 0.0796875 0.08125
1 0.5484375 0.68984375 0.0734375 0.078125
1 0.5765625 0.7734375 0.0765625 0.075
1 0.68984375 0.86953125 0.071875 0.10625
1 0.7703125 0.88203125 0.08125 0.084375
1 0.7359375 0.965625 0.0796875 0.06875
1 0.7703125 0.62265625 0.05625 0.0734375
1 0.77421875 0.68984375 0.053125 0.05
1 0.71640625 0.45390625 0.05625 0.065625
1 0.65 0.6078125 0.0515625 0.065625
1 0.65234375 0.69375 0.05625 0.071875
1 0.65078125 0.525 0.0546875 0.084375
1 0.653125 0.45078125 0.0484375 0.075
1 0.52578125 0.3546875 0.0578125 0.0859375
1 0.571875 0.43984375 0.065625 0.109375
1 0.56640625 0.26875 0.059375 0.0875
1 0.6046875 0.34296875 0.04375 0.1
1 0.7953125 0.19140625 0.06875 0.078125
1 0.74375 0.1328125 0.06875 0.0765625
1 0.6984375 0.0796875 0.0578125 0.078125
1 0.65234375 0.03203125 0.0703125 0.0640625
1 0.7140625 0.53125 0.0578125 0.08125
1 0.77578125 0.45859375 0.0546875 0.0765625