0 0.7324799659963193 0.24407987562362737 0.334598431230139 0.2953213025772479
0 0.5716541816113887 0.1317264159321742 0.3581086664125003 0.2634528318643484
0 0.48207796286218707 0.375027739711693 0.39531903210381963 0.35624551447217845
0 0.8481886996600689 0.6031948467908121 0.2800564015948613 0.2987052521477066
0 0.7380538995075691 0.44042260911528397 0.23819490349472225 0.24345118611433314
0 0.5520559692273604 0.7544861883776406 0.39175762100965306 0.33733174016191897
0 0.24569751966420075 0.7416707643606368 0.29836999050069474 0.2809378980092635
0 0.5031677935998953 0.5752391016520522 0.3317280043684031 0.3060950282669884
0 0.2576267427818054 0.1956179579382017 0.25392769984750013 0.18185194482076034
0 0.2148008503049997 0.3258310803940104 0.23619599240055572 0.2246192989592032
0 0.2465197097280551 0.505197675826026 0.2889222553183336 0.27732157507848515