1 0.18203125 0.22265625 0.159375 0.1109375
1 0.85 0.26171875 0.1109375 0.1125
1 0.43671875 0.27734375 0.134375 0.115625
1 0.32109375 0.46015625 0.1421875 0.125
1 0.3671875 0.33203125 0.1375 0.103125
1 0.60078125 0.38125 0.1484375 0.14375
1 0.5234375 0.5140625 0.14375 0.1125
1 0.290625 0.16640625 0.1484375 0.125
1 0.58203125 0.76953125 0.140625 0.13125
1 0.19609375 0.43828125 0.16875 0.1
1 0.16796875 0.59375 0.190625 0.115625
1 0.75546875 0.52890625 0.11875 0.10625
1 0.3484375 0.68828125 0.1640625 0.10625
1 0.165625 0.34921875 0.1609375 0.10625
1 0.28046875 0.37109375 0.1921875 0.128125
1 0.48671875 0.896875 0.1625 0.1484375
1 0.9 0.41796875 0.1296875 0.109375
1 0.61015625 0.24453125 0.1390625 0.0984375
1 0.28203125 0.58515625 0.146875 0.11875
1 0.325 0.24453125 0.1484375 0.10625
1 0.39609375 0.2 0.134375 0.1
1 0.76484375 0.625 0.14375 0.125
1 0.7953125 0.46328125 0.109375 0.1
1 0.44296875 0.61015625 0.1765625 0.1265625
1 0.51015625 0.35703125 0.1421875 0.10625
1 0.4953125 0.4328125 0.1515625 0.1375
1 0.85234375 0.5265625 0.115625 0.1046875
1 0.7734375 0.3234375 0.10625 0.103125
1 0.40859375 0.48984375 0.14375 0.115625
1 0.53984375 0.20078125 0.10625 0.078125
1 0.4796875 0.16328125 0.1390625 0.09375
1 0.71171875 0.303125 0.1265625 0.1125
1 0.7390625 0.37578125 0.109375 0.103125
1 0.6765625 0.38046875 0.11875 0.1
1 0.45546875 0.721875 0.146875 0.0953125
1 0.68203125 0.525 0.10625 0.1
1 0.52890625 0.69765625 0.1171875 0.115625
1 0.67734375 0.6484375 0.134375 0.1625
1 0.5796875 0.61015625 0.1265625 0.121875
1 0.5765625 0.296875 0.153125 0.084375
1 0.25859375 0.28671875 0.13125 0.096875
1 0.6 0.48984375 0.1 0.096875
1 0.67734375 0.45859375 0.10625 0.1
1 0.73203125 0.43984375 0.1 0.0828125