1 0.83671875 0.76640625 0.159375 0.1109375
1 0.16484375 0.728125 0.1125 0.1140625
1 0.58046875 0.71171875 0.1359375 0.115625
1 0.696875 0.528125 0.14375 0.125
1 0.65 0.65703125 0.1375 0.1046875
1 0.415625 0.60703125 0.15 0.1453125
1 0.49296875 0.4734375 0.14375 0.1125
1 0.7265625 0.8234375 0.15 0.125
1 0.434375 0.2171875 0.140625 0.1328125
1 0.821875 0.55 0.16875 0.1
1 0.85078125 0.39375 0.190625 0.115625
1 0.26015625 0.459375 0.11875 0.1078125
1 0.66875 0.2984375 0.165625 0.10625
1 0.85234375 0.6390625 0.1625 0.10625
1 0.7375 0.6171875 0.19375 0.1296875
1 0.53046875 0.0890625 0.1625 0.15
1 0.11484375 0.5703125 0.13125 0.109375
1 0.40625 0.74453125 0.140625 0.1
1 0.7359375 0.40234375 0.146875 0.11875
1 0.69296875 0.74453125 0.15 0.1078125
1 0.62109375 0.7890625 0.134375 0.1
1 0.25078125 0.36171875 0.14375 0.125
1 0.2203125 0.525 0.109375 0.1
1 0.5734375 0.37734375 0.178125 0.128125
1 0.50625 0.63203125 0.14375 0.10625
1 0.52109375 0.55546875 0.153125 0.1375
1 0.1625 0.46171875 0.115625 0.1046875
1 0.24140625 0.665625 0.10625 0.1046875
1 0.60859375 0.4984375 0.14375 0.115625
1 0.4765625 0.7890625 0.1078125 0.078125
1 0.5375 0.8265625 0.140625 0.0953125
1 0.30390625 0.6859375 0.128125 0.1125
1 0.27578125 0.6125 0.109375 0.103125
1 0.3390625 0.6078125 0.11875 0.1015625
1 0.56171875 0.26484375 0.146875 0.0953125
1 0.33359375 0.46328125 0.10625 0.1
1 0.4875 0.2890625 0.11875 0.115625
1 0.33828125 0.3390625 0.1359375 0.1640625
1 0.43671875 0.37734375 0.128125 0.121875
1 0.43984375 0.6921875 0.153125 0.084375
1 0.75859375 0.70234375 0.13125 0.096875
1 0.41640625 0.4984375 0.1 0.096875
1 0.33828125 0.52890625 0.10625 0.1
1 0.28359375 0.5484375 0.1 0.084375