1 0.24609375 0.81484375 0.10703125 0.15390625
1 0.2828125 0.16796875 0.109375 0.1078125
1 0.29921875 0.56875 0.11171875 0.13046875
1 0.47578125 0.68046875 0.12109375 0.1375
1 0.3515625 0.6359375 0.10078125 0.13359375
1 0.39921875 0.409375 0.13984375 0.14375
1 0.528125 0.48359375 0.10859375 0.13828125
1 0.190625 0.709375 0.12109375 0.14375
1 0.775 0.42734375 0.12734375 0.13515625
1 0.4546875 0.8015625 0.09609375 0.1625
1 0.60546875 0.82890625 0.11171875 0.184375
1 0.5421875 0.259375 0.10390625 0.1140625
1 0.696875 0.65390625 0.1015625 0.159375
1 0.36875 0.83046875 0.1015625 0.15546875
1 0.38984375 0.71953125 0.125 0.1859375
1 0.89921875 0.5203125 0.14375 0.15703125
1 0.43515625 0.11953125 0.10546875 0.12578125
1 0.26640625 0.4 0.0953125 0.13515625
1 0.596875 0.71796875 0.1140625 0.14140625
1 0.26640625 0.6765625 0.10390625 0.14375
1 0.2234375 0.6078125 0.09765625 0.12890625
1 0.6359375 0.25078125 0.12109375 0.1390625
1 0.47890625 0.22109375 0.096875 0.1046875
1 0.62109375 0.56171875 0.12265625 0.17109375
1 0.37578125 0.496875 0.103125 0.1375
1 0.44921875 0.51171875 0.13203125 0.146875
1 0.53984375 0.165625 0.1015625 0.11171875
1 0.34296875 0.24140625 0.10078125 0.103125
1 0.5046875 0.5953125 0.1125 0.13828125
1 0.22421875 0.46875 0.07578125 0.10390625
1 0.1875 0.5265625 0.09140625 0.134375
1 0.3234375 0.3015625 0.10859375 0.12265625
1 0.39453125 0.275 0.1 0.10625
1 0.3984375 0.3359375 0.09765625 0.115625
1 0.7296875 0.55 0.0921875 0.14140625
1 0.53828125 0.33046875 0.096875 0.103125
1 0.70625 0.47890625 0.11171875 0.11328125
1 0.6578125 0.33515625 0.1578125 0.13125
1 0.62109375 0.43046875 0.11875 0.12265625
1 0.31796875 0.4328125 0.08203125 0.14765625
1 0.3078125 0.740625 0.09296875 0.12734375
1 0.5046875 0.41015625 0.09375 0.09765625
1 0.47421875 0.33515625 0.09609375 0.103125
1 0.45625 0.2828125 0.08046875 0.096875