1 0.08374672346181214 0.3750624553577313 0.09256929508134393 0.06723413879807012
1 0.4229910306434045 0.3378940974055075 0.1192863311856975 0.09426028896022584
1 0.5689938770526084 0.3509690215136508 0.11612496974937905 0.08795574188232518
1 0.4964058047457055 0.34051849107484156 0.07220225292686636 0.05750458279171564
1 0.4891109343323965 0.385953722000118 0.07058521077238851 0.04810230925276535
1 0.4771512898167867 0.42756452354224556 0.06904089149054773 0.05120003571381489
1 0.4124302596643615 0.40760262540868475 0.12239315046753826 0.09118983603812651
1 0.28168425371243316 0.4575362159110381 0.09406816256778665 0.05632391233702041
1 0.2151547629840112 0.6141504545469524 0.11929542154477701 0.09582278896022575
1 0.3013377026791609 0.5704629099046837 0.1443772347764936 0.11032166558343129
1 0.3696064345287883 0.5177140109603439 0.11773292154477702 0.09579551542127547
1 0.21373718784843793 0.7235390913164276 0.08158634328594587 0.059230724025417555
1 0.41401846809905896 0.8059719415613088 0.07848861436318462 0.06386367694751698
1 0.6565423113850049 0.7439320430240063 0.11932269262201593 0.10051028896022593
1 0.592666163746137 0.7130190081209701 0.08162270472226432 0.06548072402541756
1 0.5184155974893583 0.7197832512211113 0.0753636143631848 0.0638091298696164
1 0.4686110402095701 0.6870622544675221 0.11300906010845857 0.08946369480442443
1 0.5593269438003663 0.6698553892084025 0.12082156010845857 0.08960006249917604
1 0.528345109393215 0.6243071099874091 0.08631929508134384 0.06712504464226861
1 0.5864348653451433 0.5756417390462467 0.12395565046753809 0.09121710957707681
1 0.6327649646812133 0.5342121696472116 0.07062157220870695 0.05435230925276535
1 0.6750979104264874 0.5084757840955525 0.06438975292686636 0.05736821509696401
1 0.6275280188377437 0.4944638770335379 0.0800420240041051 0.06232845048646744
1 0.5352632507855669 0.5093542658316078 0.16326359016268785 0.13408644805083547
1 0.6624757114597596 0.3954263591766303 0.1757090480082102 0.12492963636243806
1 0.32582864257070226 0.6575265332814783 0.27151242739850956 0.21096832223840883
0 0.7963502208295334 0.613379698057426 0.08474770472226431 0.06553527110331832
0 0.7226081938003663 0.6670053043880919 0.16012040944452863 0.13090690097293453
0 0.4541167481532883 0.7615264663180752 0.1366465480082102 0.12424779788867948
0 0.350287766205465 0.7500589066582728 0.19276019262201594 0.10179214529089187
0 0.17559735929501913 0.5656271797901861 0.15546018052176752 0.13551258035608366
0 0.32605187724900003 0.48488392005095343 0.18202268052176757 0.13597623051823948
0 0.44467461222188537 0.5046861310907276 0.10545109016268786 0.1330773271096728
0 0.5224228832009283 0.43380484091268573 0.18670109016268785 0.13449555113509054
0 0.5832467537124332 0.45227242289362246 0.09882838544042372 0.06890573295387128
0 0.799208096998379 0.39069617451847555 0.171121541958086 0.1420353157455871
0 0.7926581151487516 0.44236776867427696 0.19457722267624505 0.14556941882984215
0 0.7166677868899204 0.47962803531336845 0.16794199980360833 0.13260576866768634
0 0.7310479285768599 0.5590564366933402 0.17883404800821018 0.12498418344033872
0 0.6798076154433392 0.6388490767092263 0.2087215359079618 0.1598773806803953
0 0.5552813558771736 0.29105823336420383 0.19277837334017517 0.10491714529089187
0 0.4473950912428424 0.5741628340128269 0.20077268052176755 0.1363035129856435
0 0.4673576124182771 0.6339645280064724 0.09259656615858276 0.07192163879807012
0 0.6033496545727548 0.622216730117793 0.10673178903121965 0.08466710064862326
0 0.7882246243221338 0.5330609525216528 0.0987920240041051 0.06265573295387146