1 0.75703125 0.39609375 0.06875 0.0953125
1 0.75234375 0.28203125 0.06875 0.084375
1 0.69453125 0.209375 0.1125 0.09375
1 0.646875 0.31875 0.08125 0.0859375
1 0.65078125 0.2609375 0.10625 0.08125
1 0.50859375 0.2390625 0.0734375 0.1203125
1 0.5515625 0.35390625 0.15625 0.15625
1 0.6875 0.43984375 0.06875 0.071875
1 0.68125 0.353125 0.103125 0.103125
1 0.76328125 0.45234375 0.084375 0.1125
1 0.70859375 0.52109375 0.0640625 0.0734375
1 0.77578125 0.521875 0.0640625 0.059375
1 0.734375 0.6140625 0.125 0.1640625
1 0.6765625 0.7046875 0.0875 0.0953125
1 0.590625 0.7609375 0.090625 0.0953125
1 0.5625 0.68984375 0.0734375 0.08125
1 0.471875 0.7546875 0.128125 0.15625
1 0.50703125 0.65546875 0.05625 0.065625
1 0.6375 0.625 0.103125 0.1078125
1 0.6125 0.5015625 0.125 0.140625
1 0.51328125 0.58203125 0.18125 0.10625
1 0.453125 0.51328125 0.0734375 0.084375
1 0.51328125 0.48515625 0.0953125 0.10625
1 0.42421875 0.396875 0.153125 0.1203125
1 0.43984375 0.290625 0.0734375 0.1125
1 0.38203125 0.25234375 0.0640625 0.06875
1 0.4375 0.20234375 0.115625 0.0859375
1 0.27578125 0.334375 0.13125 0.1640625
1 0.32734375 0.421875 0.0734375 0.1
1 0.30390625 0.52421875 0.0953125 0.0953125
1 0.23125 0.50234375 0.084375 0.184375
1 0.33671875 0.75703125 0.13125 0.1578125
1 0.346875 0.6765625 0.0953125 0.103125
1 0.36484375 0.6015625 0.0953125 0.090625
1 0.39921875 0.54296875 0.078125 0.0859375
1 0.3578125 0.47421875 0.084375 0.0875
1 0.16328125 0.534375 0.065625 0.1625
1 0.1703125 0.4078125 0.05 0.096875
1 0.20078125 0.32578125 0.065625 0.0875
1 0.2515625 0.403125 0.0734375 0.0609375
1 0.7375 0.7625 0.1125 0.109375
1 0.63359375 0.82109375 0.103125 0.0734375
1 0.48515625 0.84921875 0.153125 0.04375
1 0.81015625 0.64453125 0.1125 0.146875
1 0.83671875 0.51875 0.075 0.0734375
1 0.81875 0.36875 0.084375 0.0859375
1 0.8359375 0.45 0.0640625 0.08125
1 0.30546875 0.60546875 0.059375 0.0734375
1 0.2453125 0.603125 0.071875 0.103125
0 0.5640625 0.2375 0.0953125 0.1375
0 0.2265625 0.67734375 0.146875 0.190625