1 0.570851435589933 0.7706532334102237 0.10202610831306061 0.08086928668045398
1 0.6818525681034904 0.7828816080919504 0.0910795179539809 0.07917951734563573
1 0.7597094025106417 0.7376969247692226 0.10695904800821018 0.12311133068109026
1 0.6601361285065366 0.6756049100890869 0.0958397408266178 0.09173406134627218
1 0.715668511020094 0.6871878474299502 0.09440450585373235 0.11359088001272681
1 0.7555117401392468 0.5532855621021316 0.12707156010845858 0.08897268801718106
1 0.6376929810640604 0.5776941214194506 0.17444652985783762 0.17545562802354447
1 0.5368258935336512 0.6960435847389966 0.07857042759490121 0.07747156667727229
1 0.6220230501495095 0.7040657174172235 0.11472609621281205 0.11538973734881744
1 0.5145923452308534 0.7684362054025877 0.12243860226293624 0.09829314401654479
1 0.45563498086766874 0.7052544053946336 0.08010565651766247 0.07280224801081765
1 0.4450747307694728 0.7699708860598153 0.06603406615858276 0.07107611600890884
1 0.36117190856076586 0.7158731847151341 0.17739881303532493 0.1458044906906352
1 0.28108897794080245 0.6469771867043164 0.10526019262201594 0.0996556493475449
1 0.2368071919346449 0.555061859365044 0.10527837334017516 0.10278064934754472
1 0.3101401528052293 0.53794763204168 0.08954428903121973 0.08384883601209037
1 0.2587998457218328 0.4412629887014529 0.17115790339440445 0.14729426535645357
1 0.3512646016737611 0.4899919373806342 0.07224770472226431 0.06489884134309047
1 0.36373785147736937 0.6198157973822249 0.11941359621281204 0.1154442813494537
1 0.4863577400410509 0.6149930320655425 0.15394313231716553 0.14240677068745367
1 0.42166800526455733 0.5064350973901792 0.12767152380771338 0.19209768801718105
1 0.49560495413308914 0.4588612107335878 0.09110678903121965 0.08386701734563573
1 0.514714023316734 0.5207981367361332 0.11625223477649378 0.10915791868236298
1 0.6127197312604522 0.44772481074949616 0.13845448770335977 0.16566245735199914
1 0.714454948082965 0.47859409742995007 0.12081246974937905 0.08733746268299925
1 0.7594720114128773 0.428340106102768 0.07541815651766245 0.07274770401018138
1 0.8004515354169826 0.4897503207749495 0.10071813836728997 0.12460110534690845
1 0.6931788700205255 0.3127327400938593 0.1790067648307229 0.15363517202418073
1 0.601214083817976 0.3499412914146781 0.10830337939029935 0.08562951201463562
1 0.504906710379605 0.3121043894016332 0.10686814441741391 0.10748633068109026
1 0.5357658249391815 0.24528051607254212 0.1912431444174139 0.10846812269254427
1 0.2744379603796051 0.30942264270368014 0.17118517447164328 0.15198176535645355
1 0.3511231802271799 0.3314072780474069 0.113118144417414 0.10755905601527208
1 0.4215993066906131 0.3603504380569519 0.10217155405833438 0.10586928668045399
1 0.47418395120622286 0.40236576273072433 0.09425906010845857 0.08859088001272664
1 0.5458771440246306 0.37195210407381485 0.09742042154477701 0.09487724267981754
1 0.5134772136010589 0.1739322274029059 0.16612496974937904 0.0878647213558171
1 0.6347118641667929 0.19956003075267786 0.1019170240041051 0.0621192866804539
1 0.7107340086824028 0.24184807542963194 0.0957579275949012 0.07767156134627218
1 0.6297067224798536 0.2791838960852688 0.07077610831306061 0.08050566000954502
1 0.2173219146108901 0.6970130020289533 0.12260222872636942 0.12641814401654478
1 0.17372138465485665 0.5879192653564534 0.08657382513557321 0.11037497334499946
1 0.16583109572183277 0.440181199355499 0.06495335518980254 0.1538704346753633
1 0.3217326795398089 0.7849408107097253 0.15856699980360833 0.13152381468808994
1 0.44073720959403817 0.8300725920591792 0.08173178903121983 0.08375792934436319
1 0.5891883451326576 0.8341435687459964 0.09585792154477701 0.094859061346272
1 0.507974706568976 0.8394481394016331 0.08792724687674199 0.07445565467854465
1 0.42594137304558755 0.30102998205758824 0.08007838544042353 0.06811474801081766
1 0.4365425297596417 0.24334475139240636 0.10985678903121983 0.08408519334818117
0 0.7495708123479539 0.60633783676795 0.14752041549465283 0.11264654535327168
0 0.3660664032962086 0.21440159138286136 0.20723175878059868 0.17114993602799872