1 0.5981498999338869 0.7693065157153739 0.10573874491161739 0.0850101650834338
1 0.7085894329505736 0.7547261165744565 0.09471935775648746 0.0828744549975255
1 0.7753099434660232 0.6924175463572114 0.11263719810012063 0.12744332654882307
1 0.6644886301461831 0.6544904211878693 0.1000619549975255 0.09562011646291495
1 0.7202030416115723 0.6527099151949756 0.09964587516934209 0.11741322930778501
1 0.72991663557325 0.5122077459276702 0.131148180687266 0.09413285956551007
1 0.6206368108334492 0.5644519193788471 0.1825269742194024 0.1825269742194024
1 0.548300386139077 0.7040223524409623 0.08213747060135787 0.08065685775648763
1 0.6335761448455042 0.6912567588179689 0.12004026232447203 0.12004026232447185
1 0.5427663591152839 0.7797217152858325 0.12695200361804454 0.10326219810012063
1 0.471621699458917 0.7321230189947342 0.0834543091359686 0.07605124491161738
1 0.47521368894346744 0.7981165111928181 0.06930992198083885 0.0737517605154494
1 0.38215640773580295 0.7650373383074681 0.18409611827193723 0.1530032485296619
1 0.28831455450187116 0.7170325282669884 0.10984639077317437 0.10392393939369349
1 0.22587983152566413 0.6377710741739739 0.11001016508343389 0.10704893939369331
1 0.29351106682634304 0.6029290846894234 0.0934025192218769 0.08748006784239593
1 0.22182417458283066 0.5208325576656305 0.17792800542706694 0.1542381999091429
1 0.32232214156614386 0.5464677227490644 0.07523237336031982 0.0678293091359686
1 0.3628099434660232 0.670799337402957 0.12472776232447184 0.12028592378986111
1 0.4820855659218319 0.6370971240376884 0.1604948439616777 0.14864994120271574
1 0.3944018594539682 0.546328281885033 0.13655273292582973 0.1972578595655099
1 0.45651675712454765 0.4822115502023987 0.0949650192218769 0.08756195499752568
1 0.48884790027257113 0.5379602611928181 0.12127521370395282 0.1138721494796016
1 0.5682255410457454 0.4434124010614813 0.14609815128862386 0.17126856965141815
1 0.6736533474681806 0.44972103403273955 0.12481629353213641 0.09224281094499087
1 0.7057941400958059 0.38951719640263993 0.0787668091359686 0.07580558344622812
1 0.7603278318643484 0.44016232756487594 0.10646908525525038 0.12867827792830408
1 0.6168754822484612 0.29241646709485486 0.186068054047586 0.16089763568479168
1 0.535515939620836 0.3500408593383673 0.11223440637700666 0.09002521370395282
1 0.43280037539648475 0.33682380709980364 0.11181832654882307 0.11181832654882315
1 0.44836782168758305 0.26400046076327677 0.1961933265488231 0.11624023292582972
1 0.20839019561372982 0.3885180246489438 0.17817366689245623 0.1589256999091429
1 0.2873373891912947 0.3918720759829962 0.11806832654882307 0.11214587516934219
1 0.3627501469932108 0.4028748530067892 0.10704893939369331 0.1100101650834338
1 0.4231177589335699 0.43189064563441437 0.09833568068726603 0.0924132293077852
1 0.48667564789772194 0.3850842446844748 0.10178822930778501 0.09882700361804461
1 0.4117995578927731 0.19941233830746813 0.17012879353213636 0.09461753844375372
1 0.5349880744011165 0.19568422998515364 0.10475609905006031 0.06626016508343388
1 0.6183804285395595 0.21885613636216025 0.09932497060135788 0.08155761646291486
1 0.547299966644629 0.274669045114016 0.07448874491161739 0.08337242198083886
1 0.2379593504088567 0.7809821636130959 0.12842597241038015 0.13138719810012062
1 0.17095663613907694 0.6842466044771273 0.09166960085908267 0.11387879353213641
1 0.13141053652318974 0.5419462398232346 0.07208744120271568 0.15648237336031984
1 0.3585307999793154 0.8421387488683463 0.16460913387576942 0.13795810266810485
1 0.48464292062610176 0.8573653584338562 0.0855900192218769 0.08707063206674732
1 0.6296179059267807 0.8265767831282285 0.10022572930778502 0.09874511646291495
1 0.5515814371344451 0.8506893125268707 0.09134869629109836 0.07802318068726635
1 0.3540612217330116 0.34444819934331605 0.08320864767057934 0.07136374491161739
1 0.3516632400503773 0.285567844300362 0.1137150192218769 0.08854460085908258
0 0.7357262222988384 0.5657831252808838 0.15268898801421232 0.11863489258219673
0 0.27629142582602606 0.273783817276569 0.21509381275401324 0.17955910447712728