1 0.38125 0.7515625 0.103125 0.0734375
1 0.259375 0.74609375 0.0890625 0.0734375
1 0.18203125 0.684375 0.1 0.1203125
1 0.2984375 0.63359375 0.090625 0.0875
1 0.23671875 0.6375 0.0875 0.1125
1 0.21328125 0.4859375 0.128125 0.078125
1 0.33671875 0.53125 0.1671875 0.1671875
1 0.428125 0.6765625 0.075 0.0734375
1 0.33515625 0.6703125 0.109375 0.109375
1 0.44140625 0.7578125 0.1203125 0.0890625
1 0.5140625 0.69921875 0.078125 0.06875
1 0.515625 0.77109375 0.0625 0.06875
1 0.6140625 0.7265625 0.175 0.134375
1 0.7109375 0.66484375 0.103125 0.09375
1 0.77109375 0.5734375 0.103125 0.096875
1 0.6953125 0.54296875 0.0875 0.078125
1 0.7640625 0.44609375 0.1671875 0.1359375
1 0.65859375 0.484375 0.0703125 0.059375
1 0.62578125 0.62265625 0.115625 0.109375
1 0.49375 0.596875 0.15 0.134375
1 0.5796875 0.490625 0.1125 0.19375
1 0.50625 0.4265625 0.0890625 0.078125
1 0.4765625 0.490625 0.1125 0.103125
1 0.38203125 0.3953125 0.128125 0.1625
1 0.26796875 0.4125 0.1203125 0.078125
1 0.228125 0.35078125 0.0734375 0.06875
1 0.17421875 0.409375 0.090625 0.121875
1 0.315625 0.23671875 0.175 0.140625
1 0.40859375 0.2921875 0.10625 0.078125
1 0.51796875 0.2671875 0.103125 0.103125
1 0.49453125 0.18984375 0.196875 0.0890625
1 0.7671875 0.30234375 0.1671875 0.140625
1 0.68046875 0.3125 0.109375 0.103125
1 0.60078125 0.3328125 0.096875 0.103125
1 0.53828125 0.36875 0.090625 0.084375
1 0.46484375 0.32421875 0.09375 0.0890625
1 0.52890625 0.11640625 0.171875 0.0703125
1 0.39375 0.12421875 0.1046875 0.053125
1 0.30625 0.15703125 0.09375 0.0703125
1 0.3890625 0.2109375 0.065625 0.078125
1 0.771875 0.73046875 0.11875 0.1203125
1 0.83515625 0.61875 0.078125 0.109375
1 0.86484375 0.4609375 0.046875 0.1625
1 0.646875 0.8078125 0.15625 0.1203125
1 0.51171875 0.83671875 0.078125 0.08125
1 0.35234375 0.81640625 0.090625 0.0890625
1 0.43828125 0.83515625 0.0875 0.06875
1 0.6046875 0.26796875 0.078125 0.0625
1 0.60234375 0.20390625 0.109375 0.075
0 0.21171875 0.54453125 0.146875 0.103125
0 0.68203125 0.184375 0.203125 0.15625