1 0.11875 0.384375 0.071875 0.10625
1 0.43671875 0.71015625 0.05625 0.075
1 0.14453125 0.69453125 0.0625 0.0953125
1 0.0546875 0.64453125 0.071875 0.109375
1 0.42578125 0.8359375 0.046875 0.071875
1 0.91328125 0.79375 0.078125 0.0984375
1 0.15078125 0.25546875 0.071875 0.10625
1 0.49296875 0.7515625 0.053125 0.071875
1 0.08046875 0.51328125 0.0625 0.0984375
1 0.3234375 0.05625 0.08125 0.096875
1 0.75390625 0.72421875 0.059375 0.0890625
1 0.37890625 0.66328125 0.05625 0.078125
1 0.41640625 0.55390625 0.0625 0.0796875
1 0.14453125 0.128125 0.059375 0.09375
1 0.9421875 0.653125 0.090625 0.09375
1 0.859375 0.615625 0.084375 0.1140625
1 0.065625 0.9578125 0.0625 0.084375
1 0.63515625 0.79453125 0.0625 0.06875
1 0.15390625 0.01875 0.084375 0.034375
1 0.40078125 0.75703125 0.05 0.06875
1 0.578125 0.8359375 0.059375 0.0875
1 0.10546875 0.821875 0.075 0.0953125
1 0.478125 0.86328125 0.05 0.075
1 0.6 0.6515625 0.065625 0.090625
1 0.2 0.44609375 0.05625 0.084375
1 0.17265625 0.578125 0.0625 0.090625
1 0.678125 0.68828125 0.071875 0.090625
1 0.03203125 0.7796875 0.0625 0.1046875
1 0.78671875 0.58125 0.034375 0.053125
1 0.83828125 0.75 0.053125 0.08125
1 0.61796875 0.51171875 0.05 0.0890625
1 0.28515625 0.175 0.0625 0.075