1 0.384375 0.88125 0.10546875 0.071875
1 0.71015625 0.56328125 0.07421875 0.05625
1 0.69453125 0.85546875 0.09453125 0.06171875
1 0.64453125 0.9453125 0.109375 0.071875
1 0.8359375 0.57421875 0.071875 0.04609375
1 0.79375 0.08671875 0.0984375 0.078125
1 0.25546875 0.84921875 0.10546875 0.071875
1 0.7515625 0.50703125 0.071875 0.053125
1 0.51328125 0.91953125 0.0984375 0.06171875
1 0.05625 0.6765625 0.09609375 0.08046875
1 0.72421875 0.24609375 0.0890625 0.059375
1 0.66328125 0.62109375 0.078125 0.05625
1 0.55390625 0.58359375 0.0796875 0.06171875
1 0.128125 0.85546875 0.09453125 0.06015625
1 0.653125 0.0578125 0.09453125 0.090625
1 0.615625 0.140625 0.11328125 0.084375
1 0.9578125 0.934375 0.084375 0.0625
1 0.79453125 0.36484375 0.06875 0.06171875
1 0.01875 0.84609375 0.03515625 0.084375
1 0.75703125 0.59921875 0.06875 0.04921875
1 0.8359375 0.421875 0.08671875 0.059375
1 0.821875 0.89453125 0.09453125 0.075
1 0.86328125 0.521875 0.07578125 0.05
1 0.6515625 0.4 0.090625 0.06640625
1 0.44609375 0.8 0.08515625 0.05703125
1 0.578125 0.82734375 0.090625 0.06328125
1 0.68828125 0.321875 0.090625 0.07109375
1 0.7796875 0.96796875 0.10390625 0.06328125
1 0.58125 0.21328125 0.05390625 0.03359375
1 0.75 0.16171875 0.08125 0.053125
1 0.51171875 0.38203125 0.0890625 0.04921875
1 0.175 0.71484375 0.07578125 0.06171875