1 0.6375 0.453125 0.0515625 0.0796875
1 0.5984375 0.428125 0.0390625 0.06953125
1 0.63828125 0.51171875 0.0546875 0.06171875
1 0.55390625 0.40390625 0.0546875 0.07734375
1 0.584375 0.60546875 0.05859375 0.08828125
1 0.5890625 0.52265625 0.0640625 0.08515625
1 0.5984375 0.47734375 0.04453125 0.05625
1 0.56875 0.4625 0.04609375 0.053125
1 0.5234375 0.5015625 0.04453125 0.06171875
1 0.55078125 0.56171875 0.0515625 0.06953125
1 0.4484375 0.47734375 0.0546875 0.08515625
1 0.4796875 0.5375 0.05859375 0.07734375
1 0.51953125 0.64296875 0.04453125 0.071875
1 0.45625 0.625 0.04765625 0.06171875
1 0.4828125 0.58671875 0.0375 0.04765625
0 0.62890625 0.59296875 0.053125 0.13359375
0 0.42890625 0.6109375 0.05859375 0.109375
0 0.553125 0.4921875 0.0640625 0.090625
0 0.50703125 0.5828125 0.053125 0.12265625