1 0.6388586739338212 0.5025016313619798 0.06978633601209036 0.09066267401194458
1 0.6079995726050482 0.46818052953836864 0.05557838534372692 0.07783536569131932
1 0.6249138052594125 0.559223756836945 0.06960452267663583 0.07503767401194458
1 0.570899561943048 0.4329327073500352 0.072893154678545 0.08917290919430561
1 0.5490047385821402 0.6356031124602783 0.07928860534690862 0.10181837955902787
1 0.5749228959261853 0.5572787439191671 0.08395792401336308 0.10036498233256949
1 0.5949450419319122 0.5155458388089241 0.05701361600890866 0.06693423328249999
1 0.5701904899347757 0.4938702073500352 0.058539753341817755 0.06384560087368066
1 0.5167564072645032 0.5191962092498963 0.05863066000954511 0.07165810087368066
1 0.5277206319223672 0.5843127161837505 0.06811474801081766 0.08125130642076392
1 0.45005071260345747 0.47622615282913233 0.07454656134627217 0.09702177678548622
1 0.4649120965945488 0.5422148287409378 0.07603633601209037 0.0908081443766667
1 0.47688429057927684 0.6550239532659725 0.061882929344363194 0.08266833605604162
1 0.42023484858373106 0.6208840361878822 0.061773841343090476 0.07329333605604163
1 0.45575472525463995 0.5904523069894448 0.049073846674090406 0.05581489532659738
0 0.5951166699156858 0.6351134564001046 0.0860295013526354 0.14415134992375017
0 0.39703370591982184 0.600026022320174 0.08421246268299924 0.1222399823325695
0 0.5472433385980486 0.5183428772779172 0.08557496801399936 0.10508884992375016
0 0.4799462032543218 0.5933597546527435 0.08277723201781732 0.133141114741389