1 0.453125 0.6375 0.0796875 0.0515625
1 0.428125 0.5984375 0.06875 0.0390625
1 0.51171875 0.63828125 0.0625 0.0546875
1 0.40390625 0.55390625 0.078125 0.0546875
1 0.60546875 0.584375 0.0875 0.059375
1 0.52265625 0.5890625 0.084375 0.0640625
1 0.47734375 0.5984375 0.05625 0.04375
1 0.4625 0.56875 0.053125 0.046875
1 0.5015625 0.5234375 0.0625 0.04375
1 0.56171875 0.55078125 0.06875 0.0515625
1 0.47734375 0.4484375 0.084375 0.0546875
1 0.5375 0.4796875 0.078125 0.059375
1 0.64296875 0.51953125 0.071875 0.04375
1 0.625 0.45625 0.0625 0.046875
1 0.58671875 0.4828125 0.046875 0.0375
0 0.59296875 0.62890625 0.134375 0.053125
0 0.6109375 0.42890625 0.109375 0.059375
0 0.4921875 0.553125 0.090625 0.0640625
0 0.5828125 0.50703125 0.121875 0.053125