1 0.7015625 0.30560545140947004 0.1609375 0.11687078453190329
1 0.71171875 0.20044491646328194 0.171875 0.11738020678164433
1 0.55078125 0.23215945099518526 0.159375 0.1292980099247975
0 0.61484375 0.42058194210384514 0.2015625 0.10938792431665564
1 0.4234375 0.9068405814743127 0.153125 0.10713191149637388
0 0.59375 0.5059393992997742 0.2015625 0.12032542431665565
1 0.5421875 0.3263097113342675 0.1671875 0.11247438296032675
0 0.11015625 0.4331506401990371 0.184375 0.12889990363849116
0 0.3421875 0.5067186110438172 0.2 0.10775264970954979
0 0.0859375 0.5100598966091778 0.171875 0.10175520678164425
1 0.34609375 0.17997417452605258 0.1015625 0.06879284946188076
1 0.22109375 0.18345239309452116 0.10625 0.06901117328319831