1 0.7125 0.353125 0.15390625 0.0984375
1 0.7296875 0.24921875 0.16484375 0.09765625
1 0.5671875 0.26171875 0.15234375 0.11171875
0 0.61796875 0.45703125 0.1953125 0.08671875
1 0.39375 0.9203125 0.146875 0.08984375
0 0.59140625 0.53984375 0.1953125 0.096875
1 0.55234375 0.3546875 0.16171875 0.09296875
0 0.115625 0.4109375 0.17734375 0.1078125
0 0.340625 0.51171875 0.1953125 0.08515625
0 0.0859375 0.48515625 0.16640625 0.0828125
1 0.36796875 0.1859375 0.09765625 0.05703125
1 0.24296875 0.175 0.103125 0.05703125