1 0.7289470612059238 0.32409284973535746 0.15770980024766904 0.1046768656270503
1 0.7412950498333842 0.21948626277721917 0.17013702564056316 0.1036237015966055
1 0.5793772466902312 0.23860763038143587 0.1583647717116218 0.11873936562705031
0 0.6392553225784633 0.4318509530051182 0.19938787799792798 0.09545837452429891
1 0.43661424358535 0.9042684169590134 0.1510959272121397 0.09660969764227297
0 0.6165498767550737 0.5157457919404228 0.19982452564056316 0.10483337452429886
1 0.5688635858130296 0.3321812168452826 0.16686647642635144 0.10037136760421675
0 0.13476472166884051 0.40622614228161497 0.18314644789030415 0.11507053756616056
0 0.3644586838271683 0.4978393448296227 0.19924232878371634 0.09233337452429886
0 0.10853401550636872 0.4816545652093085 0.16948205417661044 0.0895612015966055
1 0.376628928245597 0.1709439223962208 0.0994948858558109 0.06019735376405224
1 0.25111950599585603 0.16509978209177212 0.1057448858558109 0.06045202174882984