1 0.54921875 0.471875 0.1953125 0.09453125
1 0.84453125 0.66796875 0.19375 0.09765625
1 0.42109375 0.496875 0.19921875 0.10234375
1 0.6265625 0.36484375 0.1609375 0.08046875
1 0.903125 0.78671875 0.19375 0.1046875
1 0.75859375 0.72734375 0.2015625 0.1015625
1 0.92109375 0.93125 0.15703125 0.121875
1 0.53203125 0.8203125 0.2296875 0.09609375
1 0.1828125 0.8890625 0.2390625 0.1328125
1 0.259375 0.796875 0.21484375 0.10234375
1 0.0890625 0.734375 0.178125 0.09765625
1 0.046875 0.6515625 0.09375 0.075
1 0.22421875 0.6390625 0.19296875 0.04609375
1 0.23359375 0.6875 0.21640625 0.06015625
1 0.49921875 0.64140625 0.2015625 0.06484375
1 0.421875 0.69921875 0.2265625 0.0921875
1 0.6203125 0.6875 0.21953125 0.07890625
1 0.63515625 0.43125 0.1640625 0.0609375
1 0.25078125 0.5203125 0.19921875 0.075
1 0.12734375 0.49921875 0.16328125 0.07109375
1 0.040625 0.4875 0.08125 0.1171875
1 0.0890625 0.41875 0.178125 0.0625
1 0.21328125 0.396875 0.18125 0.071875
1 0.26875 0.4515625 0.19453125 0.07890625
1 0.3828125 0.42109375 0.16953125 0.06328125
1 0.5046875 0.4 0.1609375 0.06171875
1 0.69140625 0.33046875 0.1234375 0.05390625
1 0.46171875 0.36171875 0.1296875 0.0640625
1 0.196875 0.3375 0.175 0.05859375
1 0.215625 0.40859375 0.196875 0.071875
1 0.10078125 0.3609375 0.13515625 0.07109375
1 0.32109375 0.36484375 0.1484375 0.08515625
1 0.53828125 0.31484375 0.1515625 0.06875
1 0.48671875 0.2875 0.1359375 0.05859375
1 0.971875 0.47265625 0.05625 0.065625
1 0.9390625 0.3484375 0.121875 0.0765625
1 0.18671875 0.27265625 0.1453125 0.06484375
1 0.0484375 0.28125 0.096875 0.06640625
1 0.02734375 0.34375 0.0546875 0.0671875
1 0.34453125 0.2671875 0.1359375 0.04765625
1 0.33515625 0.3109375 0.17109375 0.04375