1 0.4796875 0.440625 0.215625 0.1046875
1 0.15390625 0.65703125 0.2140625 0.1078125
1 0.62265625 0.46875 0.2203125 0.1125
1 0.3953125 0.32265625 0.178125 0.0875
1 0.09765625 0.7890625 0.19375 0.115625
1 0.2484375 0.72265625 0.2234375 0.1125
1 0.078125 0.940625 0.15625 0.11875
1 0.49921875 0.82578125 0.253125 0.10625
1 0.87734375 0.9015625 0.2453125 0.146875
1 0.8015625 0.79921875 0.2375 0.1125
1 0.9453125 0.73046875 0.109375 0.1078125
1 0.83984375 0.62578125 0.2125 0.0515625
1 0.8296875 0.67890625 0.240625 0.065625
1 0.5359375 0.628125 0.2234375 0.071875
1 0.62109375 0.6921875 0.25 0.1015625
1 0.4015625 0.67890625 0.24375 0.0875
1 0.38515625 0.3953125 0.18125 0.0671875
1 0.8109375 0.49453125 0.2203125 0.0828125
1 0.92890625 0.47109375 0.1421875 0.078125
1 0.9453125 0.3828125 0.109375 0.06875
1 0.8515625 0.3578125 0.2 0.0796875
1 0.790625 0.41796875 0.215625 0.0875
1 0.6640625 0.384375 0.1875 0.06875
1 0.5296875 0.36171875 0.178125 0.06875
1 0.3234375 0.28515625 0.1359375 0.059375
1 0.57734375 0.31875 0.14375 0.071875
1 0.86953125 0.2921875 0.19375 0.0640625
1 0.84921875 0.37109375 0.21875 0.0796875
1 0.95078125 0.31796875 0.0984375 0.078125
1 0.7328125 0.32265625 0.1640625 0.09375
1 0.4921875 0.2671875 0.16875 0.075
1 0.55 0.23671875 0.15 0.0640625
1 0.021875 0.4421875 0.04375 0.071875
1 0.05859375 0.30390625 0.1171875 0.084375
1 0.88203125 0.2203125 0.1609375 0.071875
1 0.70703125 0.2140625 0.15 0.053125
1 0.7171875 0.26328125 0.190625 0.0484375