1 0.44921875 0.48125 0.203125 0.0984375
1 0.14296875 0.684375 0.2 0.1
1 0.5828125 0.50703125 0.20625 0.10625
1 0.36953125 0.3703125 0.1671875 0.084375
1 0.09140625 0.8078125 0.1828125 0.109375
1 0.23203125 0.74609375 0.209375 0.10625
1 0.07265625 0.946875 0.1453125 0.10625
1 0.46796875 0.84296875 0.2375 0.1
1 0.83046875 0.9140625 0.2484375 0.1375
1 0.75078125 0.81796875 0.2234375 0.10625
1 0.91796875 0.753125 0.1640625 0.1015625
1 0.9609375 0.66796875 0.078125 0.078125
1 0.78671875 0.6546875 0.2 0.0484375
1 0.778125 0.7046875 0.225 0.0625
1 0.5015625 0.65703125 0.209375 0.0671875
1 0.58203125 0.7171875 0.2359375 0.0953125
1 0.37578125 0.70546875 0.228125 0.08125
1 0.3609375 0.43828125 0.1703125 0.0625
1 0.76015625 0.53125 0.20625 0.078125
1 0.88828125 0.509375 0.16875 0.0734375
1 0.96796875 0.496875 0.0640625 0.121875
1 0.9171875 0.4265625 0.165625 0.065625
1 0.7984375 0.403125 0.1875 0.075
1 0.74140625 0.459375 0.2015625 0.08125
1 0.62265625 0.428125 0.175 0.065625
1 0.49609375 0.40625 0.1671875 0.0640625
1 0.30234375 0.334375 0.128125 0.05625
1 0.540625 0.36640625 0.134375 0.065625
1 0.815625 0.3421875 0.18125 0.059375
1 0.79609375 0.415625 0.2046875 0.075
1 0.915625 0.36640625 0.140625 0.0734375
1 0.68671875 0.3703125 0.153125 0.0875
1 0.4609375 0.31796875 0.1578125 0.071875
1 0.51484375 0.28984375 0.140625 0.059375
1 0.0203125 0.48203125 0.040625 0.06875
1 0.0546875 0.35234375 0.109375 0.0796875
1 0.8265625 0.27421875 0.15 0.0671875
1 0.959375 0.28359375 0.08125 0.06875
1 0.98203125 0.346875 0.0359375 0.06875
1 0.6625 0.26875 0.140625 0.05
1 0.671875 0.3140625 0.178125 0.0453125