1 0.9328125 0.66328125 0.134375 0.171875
1 0.08046875 0.64140625 0.1609375 0.1484375
1 0.1859375 0.51015625 0.2125 0.15
1 0.3109375 0.384375 0.21875 0.15
1 0.934375 0.08359375 0.13125 0.159375
1 0.09609375 0.90546875 0.1921875 0.15625
1 0.6875 0.36484375 0.23125 0.153125
1 0.64140625 0.07734375 0.2015625 0.15
1 0.15390625 0.28046875 0.221875 0.1484375
1 0.35078125 0.64296875 0.2375 0.1546875
1 0.72578125 0.60703125 0.228125 0.1609375
1 0.8734375 0.46171875 0.20625 0.1484375
1 0.84453125 0.7984375 0.240625 0.1625
1 0.52265625 0.75078125 0.221875 0.15625
1 0.28515625 0.14921875 0.234375 0.1609375
1 0.0734375 0.4109375 0.146875 0.1546875
1 0.3734375 0.88125 0.2125 0.153125
1 0.83984375 0.221875 0.221875 0.165625
1 0.203125 0.78046875 0.203125 0.146875
1 0.08046875 0.1046875 0.1609375 0.15625
1 0.9453125 0.32421875 0.109375 0.1609375
1 0.94375 0.915625 0.1125 0.1609375
1 0.6859375 0.92578125 0.2375 0.1484375
1 0.54453125 0.5 0.2125 0.159375
1 0.4453125 0.25 0.228125 0.165625
1 0.22890625 0.96640625 0.24375 0.0671875
1 0.4671875 0.03125 0.253125 0.0625
1 0.16640625 0.02578125 0.240625 0.05