1 0.5252837732688856 0.5172154819513198 0.06300401878308044 0.09044446846486114
1 0.390018729808407 0.702950347358299 0.07700285178688589 0.08920927678548622
1 0.1386008098464631 0.6814883489738195 0.06788251977166349 0.09524107123840295
1 0.23323683060670977 0.7820351692622919 0.06925401878308035 0.09058993882958344
1 0.5280214541052445 0.5844029819513199 0.06925401878308043 0.09058993882958344
1 0.6984109140676259 0.39870513734590335 0.05968801779449713 0.0856842332825
1 0.3385981512532257 0.7243882830537502 0.07843801779449713 0.08612064437666671
1 0.43906372486549117 0.6806766102760767 0.06587435079830276 0.08426720364722229
1 0.2875595746752107 0.7552012187492017 0.07075285178688588 0.08906380642076392
1 0.2420003824701454 0.6331619113785072 0.07738485376405232 0.09858427678548623
1 0.3831891151699398 0.5544946635627086 0.06412084980971952 0.07954333605604162
1 0.6281275889724858 0.4360947281515977 0.07375051779449712 0.08601154160312507
1 0.5404325652836706 0.7165978861116324 0.06606535178688588 0.08895470364722229
1 0.8941756947137044 0.548436299674341 0.07062551779449748 0.08593880642076393
1 0.5345380509492145 0.6485564009292712 0.06593801779449712 0.08582970364722228
1 0.8136247371855998 0.3529952066844451 0.06600168479069168 0.08739220364722229
1 0.8656142960062987 0.6328470140551395 0.07100751977166339 0.09531380642076392
1 0.806667718933992 0.6611343617946881 0.0678188527754691 0.09367857123840295
1 0.6231098251323213 0.3704151767648269 0.061059516805913816 0.08103310087368065
1 0.6345805188202613 0.4986856471295491 0.07231535178688589 0.08910017401194459
1 0.3266698597327323 0.5274223640757988 0.07537668479069151 0.08761040919430556
1 0.638848866158523 0.5651282647207296 0.06730951680591399 0.08117857123840277
1 0.18901730391496407 0.6545634794827779 0.0691266847906915 0.08746493882958344
1 0.7560496591247101 0.37663142201517424 0.0738141847906915 0.08757404160312507
1 0.8397044175276671 0.41838447055215344 0.06581068380210837 0.0827047036472223
1 0.8705989318621231 0.4870078371934035 0.07375051779449712 0.08601154160312507
1 0.7805668394667773 0.44198431829170204 0.07531301779449713 0.08604790919430556
1 0.5112027327369756 0.32488251158659764 0.05755251482874755 0.0715853656913195
1 0.4372691201128557 0.5791686616628475 0.06274935079830275 0.08419446846486114
1 0.8349426161585229 0.5696923974138896 0.07225168479069169 0.0875376740119446
1 0.9271911245614799 0.6116454677023618 0.07850168479069168 0.08768314437666672
1 0.5217330089344296 0.4492285481557296 0.06581068380210837 0.0827047036472223
1 0.6409644644853678 0.6362038309251394 0.06756418479069151 0.08742857123840295
1 0.6744203157407811 0.32712042486496584 0.06412084980971962 0.07954333605604172
1 0.2956692105310351 0.6094347770698266 0.06593801779449712 0.08582970364722228
1 0.2132957678316782 0.48419708130638905 0.05774351581733077 0.0762728656913195
1 0.7274033942959625 0.30571885676069505 0.07218801779449713 0.0859751740119445
1 0.5439514961200294 0.7838035699072227 0.07218801779449713 0.0859751740119444
1 0.7043532134596036 0.23805857807534778 0.06906301779449713 0.08590243882958341
1 0.6545759783255323 0.7020834040634033 0.06593801779449712 0.08582970364722228
1 0.7024219348278725 0.49714263734590336 0.058189184790691684 0.0872103656913195
1 0.763745459505271 0.22070873033579924 0.07043451680591381 0.08125130642076392
1 0.6165932282883512 0.3062617577868755 0.06581068380210837 0.0827047036472223
1 0.5153119125847512 0.38741887917777823 0.05812551779449713 0.0856478656913195
1 0.7398993715957305 0.5932370405562853 0.06424818380210837 0.0826683360560418
1 0.17865941855343123 0.8026191197753821 0.08025518577927473 0.0924070119678472
1 0.2711546887822053 0.5058369983844794 0.05812551779449713 0.0856478656913195
1 0.7851694733454353 0.2867701414299659 0.06118685079830257 0.08415810087368066
0 0.6124840484405756 0.24372539019569492 0.07512201680591399 0.08136040919430557
1 0.5576201349044223 0.25727809070878516 0.06737318380210837 0.08274107123840287
1 0.7271712199225753 0.6639671146444798 0.0576161818249421 0.07314786569131951
1 0.546975678439263 0.8580223199072228 0.07100751977166339 0.09531380642076392
1 0.6608325899982499 0.8364765878589935 0.071997016805914 0.08128767401194459
1 0.6603113251695023 0.7662186392457644 0.06093218281352506 0.07790810087368065
1 0.5116537188968111 0.25933024676895877 0.04999468281352524 0.07765352773541671
1 0.6204238824329643 0.2470322281515977 0.060804848821136306 0.07478310087368065
1 0.258969070683697 0.34086596181534745 0.052928681824942016 0.07303876291777786
1 0.3116457431170988 0.3694098423243058 0.05736151384016441 0.0668978656913195
1 0.3709398300752371 0.38796112699357665 0.05449118182494202 0.07307513050895835
1 0.42195850201434737 0.41412488991135454 0.06392984882113648 0.07485583605604167
1 0.4701877549800969 0.4292966014423615 0.04004667984777566 0.06337282218833326
1 0.413497403193211 0.3405601033422226 0.04760451186299815 0.05730466014423623
1 0.4679939022046279 0.3371454690335421 0.043044345855386724 0.060320557370694416
1 0.2268821294672148 0.22382327896968768 0.04667868182494202 0.07289329255305557
1 0.28587512749004845 0.21583024743454882 0.049867348821136394 0.07452852773541671
1 0.3419659599995625 0.2132332307170489 0.04954901384016441 0.06671602773541671
1 0.39536287403000736 0.2019879126127781 0.05117518083635879 0.06831489532659729
1 0.4475474565395213 0.19929997691732676 0.04993101581733086 0.07609102773541672
1 0.5017892875661606 0.18963534260864626 0.057425180836358794 0.0684603656913195
1 0.556653201102314 0.17608264209555602 0.04642401384016441 0.06664329255305561
1 0.6111178666156335 0.1718867577868755 0.05723417984777566 0.0637728656913195
1 0.6698243631555925 0.1568624762517367 0.046296679847775656 0.06351829255305556
1 0.7170349441822317 0.14703418778274363 0.03947367688202626 0.04931032218833335
1 0.7594996057783996 0.5187643706284033 0.05123884783255335 0.06987739532659738
1 0.8119561023183586 0.5035946187285424 0.04349001482874755 0.07125805737069442
1 0.3495503083264073 0.2844360834905906 0.04948534684397003 0.06515352773541672
1 0.46138180486636615 0.2706483000555907 0.05123884783255317 0.0698773953265972
1 0.4064223908359213 0.28185725056868083 0.060486513840164416 0.06697060087368065