1 0.5046875 0.50546875 0.0578125 0.08828125
1 0.36484375 0.696875 0.071875 0.08671875
1 0.1140625 0.6859375 0.06171875 0.09296875
1 0.20625 0.7828125 0.0640625 0.08828125
1 0.50625 0.57265625 0.06484375 0.08828125
1 0.68046875 0.3796875 0.0546875 0.08359375
1 0.31328125 0.7203125 0.07421875 0.0828125
1 0.41484375 0.67265625 0.06171875 0.08125
1 0.26171875 0.753125 0.065625 0.08671875
1 0.21875 0.6328125 0.07109375 0.09609375
1 0.36171875 0.5484375 0.06015625 0.0765625
1 0.609375 0.4203125 0.06875 0.08359375
1 0.515625 0.7046875 0.06171875 0.08671875
1 0.8734375 0.521875 0.065625 0.0828125
1 0.5109375 0.63671875 0.0609375 0.08359375
1 0.796875 0.32890625 0.0609375 0.08515625
1 0.8421875 0.60703125 0.06484375 0.09296875
1 0.7828125 0.63828125 0.06171875 0.09140625
1 0.60625 0.3546875 0.05625 0.078125
1 0.61484375 0.48203125 0.06796875 0.08671875
1 0.30546875 0.5234375 0.0703125 0.08515625
1 0.6171875 0.5484375 0.06328125 0.078125
1 0.16484375 0.65703125 0.06484375 0.08515625
1 0.7390625 0.35546875 0.06875 0.08515625
1 0.821875 0.39375 0.06171875 0.0796875
1 0.85078125 0.4609375 0.06875 0.0828125
1 0.76171875 0.41953125 0.0703125 0.08359375
1 0.4953125 0.31328125 0.053125 0.06875
1 0.415625 0.57109375 0.0578125 0.08125
1 0.81328125 0.5453125 0.0671875 0.08515625
1 0.9046875 0.58359375 0.07421875 0.08515625
1 0.503125 0.4375 0.0609375 0.0796875
1 0.61796875 0.61953125 0.06328125 0.08515625
1 0.65859375 0.30859375 0.06015625 0.0765625
1 0.27265625 0.60703125 0.06171875 0.0828125
1 0.19375 0.48515625 0.05390625 0.0734375
1 0.71171875 0.28515625 0.0671875 0.0828125
1 0.5171875 0.771875 0.0671875 0.08359375
1 0.690625 0.21875 0.0640625 0.08359375
1 0.6296875 0.68515625 0.06171875 0.0828125
1 0.6828125 0.478125 0.05390625 0.08515625
1 0.75 0.1984375 0.065625 0.078125
1 0.60078125 0.290625 0.06171875 0.0796875
1 0.49765625 0.37578125 0.05390625 0.08359375
1 0.71796875 0.57265625 0.06015625 0.0796875
1 0.1515625 0.80546875 0.075 0.08984375
1 0.25078125 0.5046875 0.053125 0.0828125
1 0.7703125 0.2640625 0.05703125 0.08125
0 0.5984375 0.228125 0.0703125 0.078125
1 0.54296875 0.24375 0.06328125 0.0796875
1 0.703125 0.64375 0.053125 0.0703125
1 0.51875 0.84609375 0.06484375 0.09296875
1 0.6328125 0.81953125 0.0671875 0.078125
1 0.634375 0.74921875 0.05703125 0.075
1 0.496875 0.24765625 0.04609375 0.075
1 0.60625 0.23125 0.05625 0.071875
1 0.2421875 0.33984375 0.04921875 0.0703125
1 0.29453125 0.36640625 0.05390625 0.06484375
1 0.353125 0.38203125 0.05 0.0703125
1 0.40390625 0.40625 0.059375 0.071875
1 0.4515625 0.41953125 0.03671875 0.06171875
1 0.396875 0.3328125 0.04375 0.05546875
1 0.4515625 0.32734375 0.03984375 0.05859375
1 0.21328125 0.2234375 0.04296875 0.071875
1 0.27265625 0.21328125 0.04609375 0.071875
1 0.328125 0.20859375 0.0453125 0.06484375
1 0.38203125 0.1953125 0.046875 0.065625
1 0.434375 0.18984375 0.04609375 0.0734375
1 0.4890625 0.178125 0.053125 0.065625
1 0.54375 0.1625 0.0421875 0.065625
1 0.5984375 0.15625 0.053125 0.06171875
1 0.6578125 0.13828125 0.04296875 0.06171875
1 0.70546875 0.1265625 0.0359375 0.04765625
1 0.7390625 0.49765625 0.04765625 0.0671875
1 0.7921875 0.4796875 0.03984375 0.0703125
1 0.334375 0.2796875 0.0453125 0.06328125
1 0.446875 0.2609375 0.046875 0.0671875
1 0.39140625 0.27421875 0.05625 0.06484375