1 0.51640625 0.5328125 0.0953125 0.0625
1 0.7234375 0.38203125 0.09375 0.078125
1 0.7109375 0.1109375 0.1 0.0671875
1 0.815625 0.2109375 0.0953125 0.06875
1 0.5890625 0.534375 0.0953125 0.0703125
1 0.38046875 0.72265625 0.090625 0.059375
1 0.7484375 0.32578125 0.0890625 0.0796875
1 0.696875 0.4359375 0.0875 0.0671875
1 0.78359375 0.2703125 0.09375 0.071875
1 0.65390625 0.22421875 0.103125 0.0765625
1 0.56328125 0.37890625 0.0828125 0.065625
1 0.425 0.64609375 0.090625 0.075
1 0.73125 0.54453125 0.09375 0.0671875
1 0.53359375 0.93125 0.0890625 0.071875
1 0.6578125 0.53984375 0.090625 0.065625
1 0.32578125 0.8484375 0.0921875 0.065625
1 0.6265625 0.89765625 0.1 0.0703125
1 0.659375 0.8328125 0.0984375 0.0671875
1 0.35390625 0.64296875 0.084375 0.059375
1 0.49140625 0.65234375 0.09375 0.0734375
1 0.5359375 0.31796875 0.0921875 0.075
1 0.56328125 0.6546875 0.084375 0.06875
1 0.68046875 0.165625 0.0921875 0.0703125
1 0.3546875 0.7859375 0.0921875 0.075
1 0.3953125 0.87578125 0.0859375 0.0671875
1 0.46875 0.90703125 0.0890625 0.075
1 0.42421875 0.81015625 0.090625 0.075
1 0.309375 0.5234375 0.075 0.05625
1 0.5875 0.43671875 0.0875 0.0625
1 0.559375 0.86640625 0.0921875 0.071875
1 0.59921875 0.96171875 0.0921875 0.0765625
1 0.44375 0.53203125 0.0859375 0.065625
1 0.6390625 0.65546875 0.0921875 0.06875
1 0.30390625 0.69921875 0.0828125 0.065625
1 0.6265625 0.28203125 0.0890625 0.0671875
1 0.49453125 0.196875 0.078125 0.059375
1 0.278125 0.75625 0.0890625 0.071875
1 0.80390625 0.546875 0.090625 0.071875
1 0.20703125 0.73359375 0.090625 0.06875
1 0.71015625 0.66875 0.0890625 0.0671875
1 0.48671875 0.725 0.0921875 0.059375
1 0.18515625 0.7984375 0.084375 0.071875
1 0.28515625 0.63671875 0.0859375 0.0671875
1 0.3765625 0.52578125 0.090625 0.059375
1 0.5890625 0.76328125 0.0859375 0.065625
1 0.83984375 0.1515625 0.096875 0.08125
1 0.515625 0.259375 0.0890625 0.05625
1 0.25546875 0.81953125 0.0875 0.0625
0 0.2171875 0.634375 0.084375 0.075
1 0.23359375 0.57421875 0.0859375 0.06875
1 0.665625 0.74765625 0.075 0.05625
1 0.884375 0.5484375 0.1 0.0703125
1 0.85546875 0.671875 0.084375 0.0734375
1 0.77890625 0.67265625 0.08125 0.0625
1 0.2375 0.525 0.08125 0.05
1 0.2203125 0.6421875 0.078125 0.059375
1 0.3375 0.25 0.075 0.053125
1 0.36640625 0.30625 0.06875 0.059375
1 0.38359375 0.36953125 0.075 0.053125
1 0.409375 0.42421875 0.078125 0.0640625
1 0.42421875 0.47578125 0.065625 0.040625
1 0.33046875 0.41640625 0.059375 0.046875
1 0.32421875 0.47578125 0.0625 0.04375
1 0.21171875 0.21875 0.078125 0.046875
1 0.20078125 0.2828125 0.078125 0.05
1 0.19609375 0.34296875 0.06875 0.0484375
1 0.18203125 0.40078125 0.071875 0.05
1 0.17578125 0.45703125 0.078125 0.05
1 0.16328125 0.51640625 0.071875 0.05625
1 0.14609375 0.57578125 0.071875 0.0453125
1 0.1390625 0.634375 0.065625 0.0578125
1 0.11953125 0.6984375 0.065625 0.046875
1 0.1078125 0.75 0.0515625 0.0390625
1 0.5078125 0.7859375 0.071875 0.0515625
1 0.4890625 0.84375 0.075 0.04375
1 0.27265625 0.34921875 0.06875 0.0484375
1 0.25234375 0.4703125 0.071875 0.05
1 0.2671875 0.4109375 0.06875 0.059375