1 0.5359375 0.46640625 0.096875 0.0640625
1 0.325 0.6203125 0.096875 0.078125
1 0.3375 0.8953125 0.103125 0.06875
1 0.23125 0.79453125 0.096875 0.0703125
1 0.46171875 0.46484375 0.096875 0.071875
1 0.675 0.2734375 0.0921875 0.059375
1 0.29921875 0.6765625 0.090625 0.08125
1 0.35234375 0.565625 0.0890625 0.06875
1 0.26328125 0.73359375 0.096875 0.071875
1 0.39609375 0.78046875 0.10625 0.078125
1 0.48828125 0.6234375 0.084375 0.065625
1 0.6296875 0.3515625 0.0921875 0.075
1 0.3171875 0.4546875 0.096875 0.06875
1 0.51796875 0.0609375 0.090625 0.071875
1 0.3921875 0.459375 0.0921875 0.0671875
1 0.73046875 0.1453125 0.09375 0.0671875
1 0.42421875 0.0953125 0.103125 0.071875
1 0.390625 0.1609375 0.1 0.06875
1 0.70234375 0.3546875 0.0859375 0.0625
1 0.56171875 0.3453125 0.096875 0.075
1 0.51640625 0.68515625 0.09375 0.0765625
1 0.48828125 0.3421875 0.0859375 0.06875
1 0.36875 0.83984375 0.09375 0.071875
1 0.7015625 0.20859375 0.09375 0.075
1 0.659375 0.11796875 0.0875 0.06875
1 0.58515625 0.0859375 0.090625 0.075
1 0.63046875 0.184375 0.0921875 0.0765625
1 0.74765625 0.4765625 0.075 0.059375
1 0.4640625 0.5640625 0.0890625 0.0640625
1 0.4921875 0.12734375 0.09375 0.0734375
1 0.4515625 0.034375 0.09375 0.06875
1 0.6109375 0.46796875 0.0875 0.0671875
1 0.4109375 0.34140625 0.09375 0.06875
1 0.75234375 0.296875 0.084375 0.065625
1 0.42421875 0.72109375 0.090625 0.06875
1 0.55859375 0.80859375 0.08125 0.059375
1 0.77890625 0.2390625 0.090625 0.0734375
1 0.2421875 0.45234375 0.0921875 0.0734375
1 0.8515625 0.26171875 0.0921875 0.0703125
1 0.33828125 0.32890625 0.090625 0.06875
1 0.565625 0.27109375 0.09375 0.059375
1 0.8734375 0.196875 0.0859375 0.071875
1 0.77265625 0.3609375 0.0875 0.06875
1 0.67890625 0.4734375 0.0921875 0.059375
1 0.46171875 0.23203125 0.0875 0.065625
1 0.20625 0.8546875 0.1 0.08125
1 0.5375 0.7453125 0.090625 0.059375
1 0.80234375 0.175 0.0890625 0.0625
0 0.84140625 0.36328125 0.0859375 0.0765625
1 0.82421875 0.42421875 0.0875 0.06875
1 0.38359375 0.2484375 0.078125 0.059375
1 0.1609375 0.45078125 0.103125 0.071875
1 0.190625 0.325 0.0859375 0.0734375
1 0.26796875 0.32421875 0.0828125 0.0625
1 0.8203125 0.475 0.0828125 0.05
1 0.83828125 0.3546875 0.078125 0.0625
1 0.71875 0.7546875 0.078125 0.053125
1 0.6890625 0.696875 0.071875 0.059375
1 0.671875 0.63203125 0.078125 0.0546875
1 0.6453125 0.5765625 0.078125 0.065625
1 0.63046875 0.525 0.06875 0.040625
1 0.72578125 0.58515625 0.0609375 0.0484375
1 0.73203125 0.525 0.0640625 0.04375
1 0.846875 0.7859375 0.078125 0.046875
1 0.8578125 0.72109375 0.078125 0.0515625
1 0.86328125 0.66015625 0.071875 0.05
1 0.87734375 0.60078125 0.071875 0.0515625
1 0.88359375 0.54375 0.08125 0.05
1 0.89609375 0.48359375 0.071875 0.059375
1 0.91328125 0.4234375 0.071875 0.046875
1 0.92109375 0.36328125 0.06875 0.059375
1 0.940625 0.29765625 0.06875 0.046875
1 0.953125 0.2453125 0.053125 0.040625
1 0.54453125 0.20859375 0.075 0.053125
1 0.5640625 0.15078125 0.078125 0.04375
1 0.784375 0.653125 0.06875 0.05
1 0.80546875 0.53046875 0.075 0.0515625
1 0.790625 0.590625 0.071875 0.0625