1 0.56484375 0.67421875 0.128125 0.090625
1 0.86875 0.5859375 0.11796875 0.090625
1 0.5453125 0.21796875 0.121875 0.08828125
1 0.5640625 0.8203125 0.13203125 0.0953125
1 0.55390625 0.5953125 0.128125 0.11640625
1 0.54375 0.14453125 0.13203125 0.0921875
1 0.54765625 0.36796875 0.13203125 0.11953125
1 0.54765625 0.06953125 0.12578125 0.08515625
1 0.43125 0.0734375 0.1203125 0.090625
1 0.446875 0.36953125 0.13203125 0.12109375
1 0.46171875 0.90546875 0.1359375 0.096875
1 0.76015625 0.58828125 0.1203125 0.08828125
1 0.5703125 0.74375 0.115625 0.08515625
1 0.56875 0.90234375 0.13203125 0.0953125
1 0.54375 0.2984375 0.134375 0.11796875
1 0.43984375 0.14921875 0.1296875 0.11796875
1 0.13203125 0.6671875 0.13828125 0.09375
1 0.44296875 0.21484375 0.12421875 0.0921875
1 0.23984375 0.6796875 0.128125 0.10234375
1 0.76484375 0.67109375 0.13203125 0.0921875
1 0.44375 0.44921875 0.128125 0.08671875
1 0.86875 0.671875 0.1359375 0.09765625
1 0.44375 0.2984375 0.1296875 0.11640625
1 0.45234375 0.6765625 0.1296875 0.1078125
1 0.4578125 0.821875 0.1296875 0.0921875
1 0.66015625 0.67578125 0.134375 0.10078125
1 0.446875 0.59375 0.13203125 0.11796875
1 0.1328125 0.58828125 0.12578125 0.090625
1 0.2390625 0.58984375 0.13828125 0.10390625
1 0.55234375 0.44453125 0.13203125 0.0921875
1 0.56328125 0.51796875 0.121875 0.09375
1 0.6640625 0.5921875 0.1203125 0.08046875
0 0.44609375 0.51640625 0.121875 0.08515625
1 0.346875 0.59453125 0.128125 0.08671875
1 0.346875 0.6734375 0.1140625 0.0921875
1 0.45703125 0.74140625 0.11796875 0.08203125