1 0.34140625 0.45703125 0.1 0.1421875
1 0.43984375 0.11875 0.1 0.13125
1 0.84921875 0.47890625 0.096875 0.1359375
1 0.17890625 0.4578125 0.10625 0.146875
1 0.4296875 0.46875 0.1296875 0.1421875
1 0.93046875 0.4796875 0.103125 0.146875
1 0.68203125 0.47578125 0.1328125 0.146875
1 0.9828125 0.4765625 0.034375 0.140625
1 0.9796875 0.60703125 0.040625 0.134375
1 0.68046875 0.5875 0.134375 0.146875
1 0.084375 0.57109375 0.10625 0.15
1 0.43671875 0.23984375 0.096875 0.134375
1 0.2640625 0.45078125 0.09375 0.128125
1 0.08828125 0.45234375 0.10625 0.146875
1 0.759375 0.4796875 0.13125 0.15
1 0.92578125 0.5953125 0.13125 0.1453125
1 0.35 0.93125 0.103125 0.1375
1 0.85234375 0.5921875 0.103125 0.1375
1 0.3359375 0.81796875 0.1140625 0.1421875
1 0.34453125 0.234375 0.103125 0.146875
1 0.5921875 0.59140625 0.096875 0.1421875
1 0.34375 0.11875 0.109375 0.15
1 0.759375 0.59140625 0.1296875 0.14375
1 0.3390625 0.58203125 0.1203125 0.14375
1 0.17734375 0.57578125 0.103125 0.14375
1 0.33984375 0.35078125 0.1125 0.15
1 0.43125 0.5875 0.13125 0.146875
1 0.4390625 0.93359375 0.1 0.1328125
1 0.43515625 0.81875 0.115625 0.153125
1 0.596875 0.47109375 0.103125 0.146875
1 0.51484375 0.45859375 0.103125 0.1359375
1 0.4328125 0.346875 0.090625 0.134375
0 0.5171875 0.5890625 0.09375 0.1359375
1 0.43046875 0.69921875 0.096875 0.1421875
1 0.3421875 0.69921875 0.103125 0.1265625
1 0.2671875 0.5765625 0.090625 0.13125