1 0.4328125 0.70625 0.1359375 0.096875
1 0.109375 0.6125 0.125 0.096875
1 0.45390625 0.221875 0.1296875 0.09375
1 0.434375 0.86171875 0.140625 0.1
1 0.44453125 0.62265625 0.1359375 0.125
1 0.45546875 0.14453125 0.140625 0.096875
1 0.45078125 0.38125 0.140625 0.1265625
1 0.45078125 0.06484375 0.134375 0.090625
1 0.57578125 0.06875 0.128125 0.096875
1 0.55859375 0.3828125 0.140625 0.128125
1 0.5421875 0.95 0.14375 0.1
1 0.22578125 0.615625 0.128125 0.09375
1 0.42734375 0.7796875 0.1234375 0.090625
1 0.42890625 0.94765625 0.140625 0.1
1 0.45546875 0.30703125 0.1421875 0.125
1 0.565625 0.14921875 0.1375 0.125
1 0.89375 0.6984375 0.146875 0.1
1 0.5625 0.21875 0.13125 0.096875
1 0.77890625 0.71171875 0.1359375 0.109375
1 0.2203125 0.703125 0.140625 0.096875
1 0.56171875 0.4671875 0.1359375 0.090625
1 0.109375 0.70390625 0.14375 0.103125
1 0.56171875 0.30703125 0.1375 0.125
1 0.553125 0.70859375 0.1375 0.115625
1 0.546875 0.86328125 0.1375 0.096875
1 0.33203125 0.7078125 0.1421875 0.10625
1 0.55859375 0.62109375 0.140625 0.125
1 0.8921875 0.61484375 0.134375 0.096875
1 0.7796875 0.6171875 0.146875 0.109375
1 0.446875 0.4625 0.140625 0.096875
1 0.43515625 0.540625 0.1296875 0.1
1 0.32734375 0.61953125 0.128125 0.0859375
0 0.559375 0.5390625 0.1296875 0.090625
1 0.66484375 0.621875 0.1359375 0.090625
1 0.66484375 0.70546875 0.121875 0.096875
1 0.54765625 0.77734375 0.125 0.0875