0 0.1109375 0.8984375 0.221875 0.203125
0 0.821875 0.5859375 0.35625 0.2
0 0.909375 0.37109375 0.18125 0.153125
0 0.2890625 0.7 0.478125 0.2546875
0 0.8671875 0.1640625 0.21875 0.328125
0 0.69453125 0.0453125 0.24375 0.090625
0 0.22421875 0.44375 0.4484375 0.2375
0 0.0703125 0.79921875 0.140625 0.29375
0 0.7484375 0.70390625 0.503125 0.1625
0 0.859375 0.95390625 0.28125 0.090625
0 0.3875 0.92421875 0.60625 0.1515625
0 0.3625 0.15 0.365625 0.2890625
0 0.1171875 0.1 0.21875 0.2
0 0.47890625 0.08359375 0.3015625 0.1671875
0 0.240625 0.30078125 0.48125 0.2421875
0 0.53359375 0.46328125 0.328125 0.3375
0 0.80703125 0.45859375 0.3859375 0.1765625
0 0.69609375 0.228125 0.265625 0.346875
0 0.72578125 0.87109375 0.29375 0.2578125
0 0.909375 0.8390625 0.18125 0.221875
0 0.45 0.8296875 0.5328125 0.2
0 0.11875 0.53984375 0.2375 0.321875