0 0.8647576590131669 0.7899539771882249 0.21292971741393635 0.24890170950527093
0 0.18186482359367492 0.5976377094680899 0.36372964718734985 0.251535914067626
0 0.0863473823957833 0.4063680637264337 0.1726947647915666 0.1778888725471326
0 0.6961707795831332 0.620554014260094 0.49972406326932306 0.3198641028126502
0 0.11570591304186169 0.19994430878351782 0.23141182608372338 0.35011138243296436
0 0.2556969016731552 0.06166769391649537 0.24846135771838496 0.12333538783299074
0 0.7408279994685274 0.3668095903438173 0.47077139231879617 0.2984055968811511
0 0.90118193175058 0.6808363037662398 0.15128656326932344 0.3056663626613007
0 0.2545728117306768 0.6973883586697871 0.5091456234613536 0.2382612757403436
0 0.16210354981190717 0.9410375409890207 0.3057008547526355 0.11385023026551763
0 0.6241207301539744 0.8574756941078696 0.6109852154367699 0.25576179353484074
0 0.5823283858558244 0.13800804148331228 0.3947182282883512 0.27601608296662455
0 0.8145943992016973 0.06851925935435911 0.2395612015966055 0.13703851870871822
0 0.4666198142207253 0.08419463338436646 0.31676037155854947 0.16838926676873292
0 0.7206176116355366 0.2311413457810248 0.5197182282883512 0.31287927376317726
0 0.44247407110362647 0.43434323612265446 0.3662695761209044 0.3752625741437381
0 0.18926679395477022 0.47400920847950667 0.37853358790954045 0.23323158304098665
0 0.2680656146012862 0.2355422746773983 0.3085207431170988 0.3744693952845456
0 0.2914501515987931 0.8484123477953721 0.3268940583264072 0.28942323323126723
0 0.1075990054000264 0.8514603878329907 0.2151980108000528 0.2447872124710205
0 0.5520639994313463 0.7691572934232976 0.5431265533834914 0.27483544570228735
0 0.8470833166550022 0.4389154006102099 0.2810032381741828 0.34994955634924096