0 0.9 0.121875 0.2 0.240625
0 0.5859375 0.83515625 0.203125 0.3296875
0 0.3671875 0.92421875 0.15625 0.1515625
0 0.7015625 0.31015625 0.259375 0.4859375
0 0.16171875 0.89296875 0.3234375 0.2140625
0 0.040625 0.72265625 0.08125 0.246875
0 0.4421875 0.24140625 0.240625 0.459375
0 0.80390625 0.08125 0.3 0.153125
0 0.70625 0.7609375 0.165625 0.478125
0 0.95703125 0.8734375 0.0859375 0.253125
0 0.9265625 0.409375 0.146875 0.615625
0 0.14453125 0.3859375 0.2890625 0.371875
0 0.096875 0.1359375 0.19375 0.221875
0 0.08046875 0.503125 0.159375 0.3078125
0 0.29609375 0.253125 0.246875 0.50625
0 0.4609375 0.559375 0.34375 0.33125
0 0.45546875 0.8203125 0.1796875 0.359375
0 0.221875 0.72421875 0.353125 0.26875
0 0.871875 0.7546875 0.25625 0.3
0 0.84296875 0.92421875 0.225 0.15
0 0.83359375 0.47421875 0.203125 0.540625
0 0.53828125 0.1296875 0.3265625 0.259375