0 0.88359375 0.87578125 0.2328125 0.2140625
0 0.18125 0.5671875 0.36171875 0.19296875
0 0.09609375 0.36015625 0.1921875 0.1484375
0 0.703125 0.67578125 0.4609375 0.2453125
0 0.1484375 0.159375 0.2109375 0.31796875
0 0.3125 0.04453125 0.234375 0.08828125
0 0.76796875 0.4296875 0.43515625 0.228125
0 0.9203125 0.77265625 0.14609375 0.28359375
0 0.2515625 0.6796875 0.50234375 0.15703125
0 0.14453125 0.93828125 0.2890625 0.1234375
0 0.6109375 0.91015625 0.58359375 0.1796875
0 0.6328125 0.14609375 0.3515625 0.278125
0 0.86953125 0.09765625 0.2109375 0.1953125
0 0.52109375 0.08203125 0.29140625 0.16328125
0 0.75859375 0.290625 0.4828125 0.234375
0 0.4671875 0.4484375 0.31484375 0.325
0 0.1953125 0.44453125 0.390625 0.1703125
0 0.3109375 0.221875 0.25546875 0.33359375
0 0.28203125 0.8578125 0.2828125 0.284375
0 0.09609375 0.81015625 0.1921875 0.2140625
0 0.5484375 0.80078125 0.51328125 0.19140625
0 0.87578125 0.52109375 0.2484375 0.3109375