1 0.12280225067736854 0.4511545146801358 0.0962818577564876 0.07919769867918128
1 0.16241030529078135 0.40242666068586275 0.09669129353213632 0.08701019867918128
1 0.2168211663266293 0.3530902793602715 0.10326884215265535 0.09333292401336299
1 0.3131096681356516 0.4026186593729982 0.09849945499752559 0.09171588001272664
1 0.27707699287545245 0.4599766260343621 0.10170634215265544 0.09331474267981754
1 0.22089891395178013 0.5053885760264079 0.10326884215265535 0.09333292401336309
1 0.3379093515364512 0.5629658133752253 0.10631195499752559 0.0918067866804538
1 0.37406485752934493 0.5079515967138615 0.10631195499752569 0.0918067866804538
1 0.42140352498762806 0.4577521493873157 0.08879690637700666 0.08535679201145392
1 0.44032502261277884 0.6102231687221338 0.10458568068726617 0.08866360534690845
1 0.4916108836486268 0.5608504247294517 0.10154256784239593 0.09018974267981754