1 0.68828125 0.58515625 0.11015625 0.1
0 0.84375 0.2265625 0.15625 0.12265625
1 0.1453125 0.32890625 0.1140625 0.1015625
1 0.39375 0.1640625 0.15234375 0.09296875
1 0.40078125 0.43515625 0.19375 0.13828125
1 0.053125 0.290625 0.10625 0.10390625
1 0.5703125 0.715625 0.10234375 0.0640625
0 0.68515625 0.08984375 0.1859375 0.07578125
1 0.66875 0.415625 0.09765625 0.05703125
0 0.940625 0.5953125 0.11796875 0.1171875
0 0.34609375 0.515625 0.16171875 0.1109375
1 0.86875 0.65078125 0.0859375 0.065625
0 0.728125 0.40234375 0.10625 0.12265625
1 0.82109375 0.50859375 0.115625 0.09453125
1 0.025 0.4171875 0.05 0.05703125
1 0.60078125 0.375 0.10234375 0.090625
0 0.6953125 0.903125 0.11015625 0.125
1 0.82890625 0.60078125 0.1359375 0.11328125
1 0.66171875 0.625 0.06796875 0.03984375
0 0.13203125 0.728125 0.15390625 0.11484375
1 0.153125 0.275 0.1140625 0.09765625
0 0.52734375 0.375 0.115625 0.13828125
1 0.58671875 0.8828125 0.121875 0.0984375
1 0.7640625 0.6453125 0.065625 0.046875
1 0.04375 0.76640625 0.0875 0.0984375
1 0.72265625 0.66875 0.07578125 0.05234375
1 0.0203125 0.71953125 0.03984375 0.06953125
1 0.22109375 0.528125 0.1078125 0.06796875
1 0.6046875 0.61484375 0.0859375 0.04765625
0 0.91796875 0.54765625 0.15390625 0.04765625
1 0.60390625 0.55859375 0.078125 0.05078125
1 0.48203125 0.18671875 0.0703125 0.03984375
1 0.44375 0.23984375 0.0640625 0.046875
1 0.3609375 0.25546875 0.0703125 0.04140625
1 0.07734375 0.62265625 0.06015625 0.04375
1 0.14765625 0.625 0.09765625 0.0703125
1 0.43125 0.840625 0.1140625 0.05078125
1 0.29375 0.4078125 0.065625 0.03359375
1 0.2796875 0.43671875 0.0796875 0.0375
1 0.61015625 0.4390625 0.0640625 0.04140625
1 0.80078125 0.66328125 0.05390625 0.03828125
1 0.61875 0.58515625 0.06015625 0.03828125
0 0.9 0.57890625 0.065625 0.03984375
0 0.7359375 0.60703125 0.08203125 0.04921875
0 0.65625 0.65859375 0.08203125 0.04765625
0 0.675 0.7828125 0.09765625 0.0625
0 0.578125 0.76640625 0.13828125 0.0625
0 0.45703125 0.65703125 0.12421875 0.1
0 0.5046875 0.68671875 0.11796875 0.07890625
0 0.23828125 0.58046875 0.0703125 0.04765625
0 0.0546875 0.46953125 0.109375 0.0859375
0 0.09296875 0.44296875 0.08984375 0.053125
0 0.0359375 0.3796875 0.071875 0.05234375
0 0.38828125 0.31796875 0.08984375 0.053125
0 0.42578125 0.3640625 0.128125 0.06953125
0 0.54609375 0.51328125 0.0796875 0.05078125
0 0.50703125 0.47421875 0.1078125 0.115625