1 0.691221874597906 0.5762108977931846 0.12863528896022594 0.12390702669174569
0 0.782265254871264 0.1976176655876817 0.1791807597392328 0.15719437056996624
1 0.11254922402871297 0.4048705252088709 0.13337733603812651 0.12722302768032887
1 0.3279226282480585 0.204122403193211 0.16928756249917623 0.12712486859279987
1 0.3818935133959759 0.4713536655505006 0.22021486282348776 0.18228721247102048
1 0.038624349027065324 0.3813746753991514 0.07724869805413065 0.12524935079830274
1 0.597964978089198 0.7232994620139099 0.11394549756436803 0.0873965237259963
0 0.6020476952114615 0.08629421053103511 0.19878414772652384 0.11739704152049332
1 0.6424958226487412 0.4116098869187697 0.1075591298696164 0.0793293557412186
0 0.9317338263021891 0.5477025317090236 0.12115007142762976 0.1423386917107738
0 0.3420576716758065 0.5588563241437381 0.18211484496658023 0.14638420456235507
1 0.8805474273578493 0.6136339378308031 0.09829322402541792 0.08519735376405232
0 0.6991685625024715 0.38968314878176774 0.1305796185055307 0.14584569368794006
1 0.8093872678602029 0.4801728390096667 0.13326824188232528 0.12097302768032883
1 0.019278285310073154 0.5103300049429158 0.03855657062014631 0.06753500988583169
1 0.5687543595803721 0.3812419545995361 0.11906937418757338 0.11258752471457933
0 0.7537631903467881 0.8899179121276406 0.1337591655834313 0.14909802768032882
1 0.8328326761400333 0.570254010948777 0.15708757142762986 0.14380303262324468
1 0.6724758287378212 0.6200099773369491 0.07590002678536116 0.05461851581733086
0 0.16816265544375214 0.8019484550566466 0.1759193920444809 0.14925453657757756
1 0.11037879789197487 0.35005569121648217 0.13329551542127552 0.12253552768032891
0 0.49663389772981914 0.39237577277459407 0.1433796274339844 0.1635425296574952
1 0.6428120535773131 0.8861788053978389 0.14116256249917605 0.1259788626613009
1 0.7763820787378212 0.6242438325838761 0.07444662094116268 0.060804848821136306
1 0.08831546834996538 0.8526395217488298 0.10667846834337483 0.11832818874502422
1 0.7398991079588144 0.6540294916714051 0.0855204886359143 0.06906301779449713
1 0.0570069671321494 0.8099280983268449 0.054461403408566665 0.0787271778706092
1 0.22111788027994866 0.58989146543677 0.12027731818121905 0.0923386917107738
1 0.614649691968346 0.6184355484777566 0.09484094155801373 0.0663200197716634
0 0.9113764618538482 0.5046555272603994 0.16227390340856687 0.0831202006080222
1 0.6038991526010831 0.5624892960062986 0.08705571509696383 0.06756418479069151
1 0.4192334208617323 0.21331567247058292 0.07748980032431163 0.05624468281352522
1 0.3908532763816194 0.27157650003718103 0.07288412094116259 0.060741181824942016
1 0.31218280560261263 0.2996431502274615 0.07751707386326193 0.05780718281352524
1 0.09636156778077251 0.7052061062355103 0.06814207386326192 0.057425180836358794
1 0.1660837325534249 0.6971017875661606 0.11090231818121903 0.09195668973360735
1 0.4828603551194406 0.8679341882879136 0.12312958279171564 0.07684102570316256
1 0.2718463575517773 0.4606151423187961 0.07110343262955983 0.04817751482874755
1 0.26350202354224567 0.4907655573378241 0.08683752678536116 0.05506418479069151
1 0.5895520547918338 0.4438520425462576 0.07123980032431163 0.05599001482874755
1 0.8160349139651688 0.6368048409868331 0.061782979707460585 0.05092051285158128
1 0.623021299516828 0.5867226334587285 0.06647047970746059 0.051111513840164415
0 0.899071330766416 0.5377717747889414 0.07277502678536116 0.0544911818249421
0 0.7425661862863031 0.5908119086675996 0.09174321509696384 0.06775518577927464
0 0.6726706976503889 0.6536355608350463 0.09015344155801355 0.06612901878308027
0 0.712785408690163 0.7741045697322949 0.10920345048646726 0.08408052273741298
0 0.6143069983817375 0.7724372989720483 0.14996481818121907 0.09354836463846716
0 0.4759360194850559 0.6823641028126501 0.1427523360381265 0.12760502965749526
0 0.5279388502481765 0.7040281971851623 0.13299550649282174 0.10534802768032883
0 0.24761615057248818 0.6394431378701718 0.07918866801906325 0.06412084980971962
0 0.054997596998470434 0.5563255958553869 0.10999519399694087 0.1095261917107738
0 0.08073438799058644 0.5255358522811775 0.09963753571381495 0.07276102076024671
0 0.0274317045469524 0.4715858399238878 0.0548634090939048 0.06817167984777565
0 0.3494822082004004 0.35745299163422406 0.09963753571381498 0.07276102076024671
0 0.3949213932655922 0.3968311680219586 0.14067163879807004 0.0978538626613008
0 0.5388605336885154 0.5262215321661342 0.0886454886359143 0.06919035178688589
0 0.494079867698047 0.4939064392764969 0.1304705243497292 0.13959569368794006