0 0.93125 0.07578125 0.0734375 0.1515625
0 0.83046875 0.07578125 0.0828125 0.1515625
0 0.73203125 0.078125 0.078125 0.15625
0 0.6328125 0.078125 0.090625 0.15625
0 0.52734375 0.07578125 0.090625 0.1515625
0 0.53671875 0.2421875 0.0734375 0.146875
0 0.6375 0.25 0.078125 0.15625
0 0.73359375 0.2453125 0.0828125 0.1625
0 0.83046875 0.2453125 0.0828125 0.1515625
0 0.93125 0.23515625 0.0828125 0.1625
0 0.9109375 0.39140625 0.096875 0.1
0 0.81171875 0.3890625 0.0734375 0.0859375
0 0.70625 0.39375 0.0875 0.090625
0 0.6125 0.3890625 0.0828125 0.0859375
0 0.51640625 0.38671875 0.0734375 0.096875
0 0.49296875 0.4953125 0.06875 0.1
0 0.58515625 0.5046875 0.078125 0.1109375
0 0.6859375 0.50234375 0.0734375 0.096875
0 0.77265625 0.5 0.0734375 0.096875
0 0.87421875 0.4953125 0.0734375 0.1