0 0.94765625 0.04921875 0.0765625 0.0984375
0 0.84375 0.04921875 0.084375 0.0984375
0 0.74296875 0.05234375 0.08125 0.103125
0 0.64140625 0.05234375 0.09375 0.103125
0 0.53203125 0.04921875 0.0953125 0.0984375
0 0.5421875 0.19296875 0.075 0.15
0 0.64609375 0.20078125 0.08125 0.1625
0 0.7453125 0.1953125 0.084375 0.165625
0 0.84453125 0.1953125 0.084375 0.15625
0 0.9484375 0.18515625 0.084375 0.165625
0 0.9265625 0.34609375 0.1 0.103125
0 0.82578125 0.34375 0.075 0.0875
0 0.7171875 0.34921875 0.090625 0.09375
0 0.6203125 0.34375 0.084375 0.0875
0 0.52109375 0.34140625 0.075 0.1
0 0.49765625 0.453125 0.071875 0.103125
0 0.5921875 0.46328125 0.08125 0.115625
0 0.69609375 0.4609375 0.075 0.1
0 0.78515625 0.45859375 0.075 0.1
0 0.8890625 0.453125 0.075 0.103125