0 0.09140625 0.9109375 0.15859375 0.06796875
0 0.09140625 0.81953125 0.15390625 0.0765625
0 0.10078125 0.72578125 0.14921875 0.07265625
0 0.09609375 0.634375 0.15859375 0.08515625
0 0.09375 0.53828125 0.15390625 0.08515625
0 0.25234375 0.54453125 0.13515625 0.06796875
0 0.259375 0.63828125 0.14453125 0.07265625
0 0.2546875 0.72734375 0.14921875 0.0765625
0 0.2546875 0.8171875 0.13984375 0.0765625
0 0.2453125 0.9109375 0.14921875 0.0765625
0 0.38984375 0.89140625 0.09375 0.0890625
0 0.3875 0.8 0.0796875 0.06796875
0 0.3921875 0.70234375 0.084375 0.08046875
0 0.3875 0.61484375 0.0796875 0.0765625
0 0.38515625 0.52578125 0.0890625 0.06796875
0 0.4859375 0.50390625 0.09375 0.0640625
0 0.4953125 0.5890625 0.103125 0.07265625
0 0.49296875 0.6828125 0.0890625 0.06796875
0 0.490625 0.7640625 0.0890625 0.06796875
0 0.4859375 0.8578125 0.09375 0.06796875