0 0.9050866784020819 0.4456224712223169 0.18107753954332678 0.18850902985783763
0 0.31306625205152844 0.7983682805452086 0.12856535178688588 0.08822722872636941
0 0.4870250865010277 0.40742005191703506 0.11590352570316256 0.12252041549465283
0 0.43806761615852297 0.5483632144848217 0.12397069368794007 0.12881586729005096
0 0.7314873523183586 0.4810155914392341 0.15018036661563344 0.1586488130353249
0 0.6129336008726648 0.8700786123200812 0.18736203163466172 0.1510544816532356
0 0.4664167451314462 0.7646558349963264 0.13707818874502423 0.10546018052176756
0 0.3247612139538952 0.22238249746591726 0.15891869665368957 0.14307835518980255
0 0.8170840237259963 0.10777301327859878 0.15729252965749518 0.14150676483072294
0 0.17771634246970786 0.8327574369646751 0.10994268577927473 0.09124314441741399
0 0.48039179003761856 0.18709391637841563 0.16685853064607842 0.14624880698520065
0 0.41884536125278815 0.9204382023845732 0.1816558596955513 0.12602721057599667
0 0.6571797831175363 0.15324511544333924 0.16654019566510633 0.13843630698520065
0 0.591467258402957 0.03832111485416403 0.136059516805914 0.07664222970832806
0 0.4076334278706093 0.0507660518188392 0.13513368676785795 0.0960760901626879
0 0.24085710475263547 0.10018531059943792 0.1387043557412186 0.10703177088084712
0 0.09681794467652327 0.13228071399384236 0.1130040187830803 0.08969882513557326
0 0.0208112015966055 0.16554318676828345 0.031817685779274706 0.09078862646343308
0 0.056692940759371625 0.5091659217411688 0.07043451680591398 0.08007838544042353
0 0.1394590198088445 0.48836708753040925 0.09393568380210836 0.08177724082661797
0 0.2446585143716371 0.4619676931129952 0.10401102076024668 0.09901928298109546
0 0.3605726744477492 0.4300359161820239 0.11007001977166349 0.09436814441741395
0 0.31268295558811926 0.5780057835702708 0.12990235870696817 0.12103972872636941
0 0.5790772767289267 0.5186297418085765 0.1379058596955513 0.12577268052176754
0 0.6248221527361004 0.7207553231906656 0.15114068874502423 0.10554199375348414
0 0.8069833953217266 0.6845309559988106 0.17008168973360754 0.11033857806243948
0 0.9487637411399324 0.7765952152703886 0.10247251772013506 0.15232609016268803
0 0.8050600924697079 0.8291076577942087 0.22199169961943915 0.1575044695529872
0 0.23014761718428725 0.9496676810127468 0.16807352076024668 0.09939198770335977
0 0.18735405585494935 0.2638165394240032 0.16465936068413453 0.13061471662612104