0 0.8875 0.5390625 0.14140625 0.159375
0 0.21875 0.74296875 0.1140625 0.0640625
0 0.49140625 0.40546875 0.090625 0.10390625
0 0.40625 0.53046875 0.09609375 0.109375
0 0.709375 0.5328125 0.115625 0.13515625
0 0.49140625 0.88125 0.159375 0.1171875
0 0.3765625 0.74609375 0.11796875 0.08046875
0 0.38203125 0.18984375 0.13125 0.11484375
0 0.89140625 0.19296875 0.1296875 0.11484375
0 0.078125 0.7453125 0.0921875 0.07109375
0 0.54296875 0.19140625 0.1375 0.1171875
0 0.2890625 0.88515625 0.159375 0.09140625
0 0.72421875 0.2 0.13984375 0.109375
0 0.69609375 0.05390625 0.115625 0.09296875
0 0.50859375 0.04375 0.11796875 0.07109375
0 0.3328125 0.05234375 0.11953125 0.08203125
0 0.184375 0.05 0.09609375 0.06953125
0 0.05625 0.0546875 0.109375 0.06796875
0 0.04609375 0.4046875 0.05234375 0.06953125
0 0.13203125 0.40390625 0.07734375 0.065625
0 0.24140625 0.40234375 0.084375 0.08203125
0 0.3625 0.3984375 0.0921875 0.075
0 0.2765625 0.53046875 0.10625 0.0984375
0 0.5515625 0.534375 0.1125 0.10234375
0 0.5421875 0.73984375 0.1328125 0.0765625
0 0.72890625 0.746875 0.1515625 0.0765625
0 0.89296875 0.88125 0.178125 0.11484375
0 0.6890625 0.8859375 0.1953125 0.11484375
0 0.09609375 0.88125 0.14765625 0.08984375
0 0.2375 0.1984375 0.13984375 0.10078125