0 0.8963058804929791 0.6491692640494522 0.1794513725471326 0.19193950725639403
0 0.2018820598464631 0.6849901028098904 0.12850168479069152 0.09030259618646852
0 0.5274590855124446 0.4233110806621899 0.11583985870696818 0.12418652286549073
0 0.4231310242574688 0.5242064033501954 0.1223445266917457 0.13065477767481432
0 0.7211175380976332 0.6001439430907272 0.14699169961943923 0.16116073320977709
0 0.44799435037837326 0.8854985674153459 0.18573586463846717 0.15471232576804858
0 0.3572526507589341 0.7263021274894796 0.13701452174882983 0.10776291469812271
0 0.45622211958138303 0.18756206442012108 0.15722886266130084 0.144355179126093
0 0.9402350222431213 0.31315240769618263 0.11952995551375736 0.14353672359113015
0 0.07111222091115846 0.6538988155164294 0.09269151878308031 0.09217263103285873
0 0.6146858769957568 0.22820196650437205 0.16523236364988403 0.14931549763774726
0 0.24721575897161063 0.8402604453681619 0.17996602570316253 0.12798613466105593
0 0.7923453033834914 0.28043413301659337 0.16491402866891214 0.14150299763774737
0 0.7886406887450242 0.13207847857008964 0.13752385771838505 0.12026291469812275
0 0.6053851783649009 0.07653033909971034 0.1335075197716634 0.09827878729346104
0 0.431311008402957 0.05484876814098536 0.137622016805914 0.08437997840045361
0 0.28592025395433274 0.02870787567538119 0.10934050790866542 0.04126489546082905
0 0.0885146492388783 0.3151463395630465 0.06880834980971957 0.08041667549789597
0 0.1735899861970166 0.33528027948891276 0.09230951680591395 0.08279763103285873
0 0.2814807406456409 0.36011164309857635 0.10401102076024671 0.10192957694917473
0 0.4018714950942652 0.38537951632688683 0.11000635277546902 0.09589783175849816
0 0.2947049353221642 0.4931969616102306 0.1298386917107738 0.12311509618646851
0 0.5651566981737455 0.5634921365599724 0.13627969269935675 0.12802085099579194
0 0.5217117401885304 0.7609102843830542 0.14951452174882984 0.10819942431676957
0 0.7048080830781677 0.8125521738534335 0.1683918557412186 0.11197918874473985
0 0.8437644482109266 0.9521751467267734 0.203339858706968 0.09564970654645322
0 0.6420600267661077 0.9289881286706061 0.22186436562705047 0.1420237426587878
0 0.08527683307816769 0.7909176658792492 0.11108869171077376 0.12246033175849824
0 0.3123938651327588 0.16147573565684775 0.16303319368794006 0.13363593393541642