0 0.10859375 0.59375 0.15625 0.1765625
0 0.85390625 0.8203125 0.128125 0.071875
0 0.55 0.4453125 0.1 0.115625
0 0.6453125 0.58359375 0.10625 0.121875
0 0.30703125 0.58671875 0.128125 0.15
0 0.55 0.95390625 0.178125 0.090625
0 0.678125 0.8234375 0.13125 0.0890625
0 0.67109375 0.20546875 0.146875 0.128125
0 0.10390625 0.20859375 0.14375 0.128125
0 0.9796875 0.82109375 0.040625 0.0796875
0 0.4921875 0.20625 0.153125 0.13125
0 0.7765625 0.96328125 0.178125 0.0734375
0 0.290625 0.21640625 0.15625 0.121875
0 0.321875 0.05390625 0.128125 0.103125
0 0.53125 0.04296875 0.13125 0.078125
0 0.7265625 0.0515625 0.1328125 0.090625
0 0.8921875 0.05 0.10625 0.078125
0 0.98671875 0.05390625 0.0265625 0.075
0 0.95 0.44296875 0.0859375 0.0734375
0 0.82890625 0.44140625 0.09375 0.090625
0 0.69375 0.43671875 0.103125 0.084375
0 0.7890625 0.58359375 0.11875 0.109375
0 0.4828125 0.58828125 0.125 0.1140625
0 0.49375 0.81640625 0.146875 0.084375
0 0.2859375 0.82421875 0.16875 0.084375
0 0.103125 0.95390625 0.1984375 0.090625
0 0.3296875 0.95703125 0.2171875 0.084375
0 0.9546875 0.9609375 0.090625 0.078125
0 0.83203125 0.2140625 0.15625 0.1125