0 0.07734375 0.15703125 0.128125 0.109375
0 0.8734375 0.0609375 0.071875 0.11875
0 0.9390625 0.10703125 0.078125 0.103125
0 0.94921875 0.06171875 0.1015625 0.0625
0 0.91796875 0.02109375 0.13125 0.040625
0 0.5078125 0.5109375 0.221875 0.1015625
0 0.5296875 0.5765625 0.109375 0.1125
0 0.43203125 0.5609375 0.0984375 0.0953125
0 0.3765625 0.5125 0.0703125 0.125
0 0.4125 0.4671875 0.1125 0.084375
0 0.48359375 0.42734375 0.1875 0.090625
0 0.61796875 0.46640625 0.1125 0.121875
0 0.95390625 0.97734375 0.084375 0.0453125
0 0.85234375 0.96171875 0.0828125 0.0765625
0 0.91171875 0.93984375 0.1765625 0.0859375
0 0.79375 0.93828125 0.078125 0.1234375
0 0.84375 0.88984375 0.125 0.078125
0 0.90078125 0.85234375 0.1984375 0.084375
0 0.05859375 0.9625 0.1171875 0.075
0 0.11796875 0.91796875 0.115625 0.125
0 0.040625 0.89140625 0.08125 0.090625
0 0.08046875 0.09140625 0.1609375 0.078125
0 0.01796875 0.15703125 0.0359375 0.0859375
0 0.1625 0.05703125 0.09375 0.1125
0 0.06484375 0.028125 0.1296875 0.05625
0 0.0171875 0.0515625 0.034375 0.05625