0 0.8274806573440451 0.11740401715899855 0.15000109468490805 0.14128858767505648
0 0.044868699355498975 0.1652825516954111 0.08744655068427191 0.13369010339082216
0 0.01976924936345316 0.2226755206781644 0.03572041868236291 0.11722604135632882
0 0.02886189135104464 0.13174230562435252 0.0555783853437268 0.07910961124870504
0 0.497396999403224 0.5377313639347922 0.23764654535327168 0.15786396567298447
0 0.49037538741245096 0.6053362408992629 0.13123291335136286 0.13885279238978612
0 0.5813634667409057 0.5736560554149556 0.11695223734881743 0.11944782092583353
0 0.6228691667329515 0.5170272198068137 0.09687609468490824 0.1388142510334573
0 0.5786919053946334 0.4782707808078497 0.12937951201463563 0.11378001778268043
0 0.5003032760582246 0.4519758004525568 0.20150905068427177 0.13900264970954979
0 0.38000041406745144 0.5143045184018529 0.13917268268618094 0.15015416542531543
0 0.27089287480103924 0.9947560359796455 0.0971113573360908 0.010487928040708994
0 0.20826560546622117 0.9812714247309404 0.19111589600572695 0.037457150538119065
0 0.3213377701304485 0.9669777923897861 0.10247156667727228 0.06604441522042777
0 0.2626349321291759 0.9558198145156925 0.13862724267981755 0.08836037096861489
0 0.19833607479308507 0.9358947084365287 0.21241018801718106 0.1282105831269426
0 0.9835515807208612 0.8948120413518197 0.03289683855827761 0.10352741439185813
0 0.9473140887173613 0.864231975388385 0.10537182256527729 0.1521875463187275
0 0.9924811380489977 0.8218111889944548 0.01503772390200453 0.10890411910658777
0 0.8136994206715453 0.07381668299859877 0.18364884134309065 0.08038962903138532
0 0.8906073660089087 0.1070701387467858 0.06357269867918128 0.09509848428423426
0 0.7214755580044543 0.06639798117935318 0.11795111600890866 0.0710830955329393