0 0.9125 0.16328125 0.1265625 0.109375
0 0.12578125 0.06875 0.07109375 0.1171875
0 0.06171875 0.1140625 0.07578125 0.10078125
0 0.05078125 0.06875 0.1015625 0.06171875
0 0.08203125 0.02421875 0.1296875 0.0484375
0 0.48828125 0.5125 0.21875 0.1
0 0.465625 0.57734375 0.1078125 0.1109375
0 0.5625 0.5625 0.09765625 0.09375
0 0.6171875 0.51484375 0.06953125 0.12265625
0 0.58203125 0.46953125 0.1125 0.084375
0 0.51171875 0.4296875 0.184375 0.08984375
0 0.378125 0.46875 0.1125 0.12109375
0 0.04765625 0.975 0.0828125 0.05
0 0.14765625 0.96015625 0.08125 0.0796875
0 0.08828125 0.9375 0.1765625 0.084375
0 0.20546875 0.93671875 0.07578125 0.12578125
0 0.15546875 0.8875 0.12265625 0.07734375
0 0.0984375 0.85 0.196875 0.084375
0 0.93671875 0.959375 0.1265625 0.075
0 0.87265625 0.91484375 0.11328125 0.12421875
0 0.9546875 0.88828125 0.090625 0.0890625
0 0.91484375 0.09765625 0.16953125 0.078125
0 0.97734375 0.1640625 0.0453125 0.084375
0 0.828125 0.06015625 0.0921875 0.1203125
0 0.93046875 0.03203125 0.1390625 0.0640625
0 0.978125 0.059375 0.04375 0.05625