0 0.8843486047771382 0.17135093733651155 0.13778480799670093 0.12266286167271767
0 0.09407895744270511 0.10004110376405229 0.08323370031656911 0.125122016805914
0 0.036940058854630906 0.14687234140676259 0.07388011770926181 0.10936968281352519
0 0.0365452537609237 0.10152800790866538 0.0730905075218474 0.07180601581733079
0 0.05744878714701855 0.05626192885919248 0.1148975742940371 0.06252385771838495
0 0.47412754097444926 0.5332090198088445 0.22836434389007837 0.1247930474519924
0 0.4542265664429853 0.598883099352609 0.11908027210332381 0.12346135771838504
0 0.5501755639357029 0.580891786120467 0.10759720282385174 0.10426568874502422
0 0.6032383794542513 0.5314302969948818 0.08180759263643722 0.12974584980971962
0 0.5661846603330638 0.48768295558811925 0.12143238229073816 0.0970261917107738
0 0.494551352732074 0.44956619026508005 0.193625631037097 0.11089237353571572
0 0.36267321542677095 0.49268749608284834 0.12404055674305976 0.133027358706968
0 0.053275202561154186 0.98907708745243 0.08661946159934023 0.021845825095140013
0 0.15223553978731502 0.9731138478325534 0.0876651360516619 0.05377230433489331
0 0.09136651675955443 0.9583855029657495 0.18273303351910886 0.08322899406850084
0 0.2084317154932779 0.9492598537640522 0.08755748746358769 0.10148029247189569
0 0.1570881758389769 0.9184183720528409 0.13062552586424747 0.09115819368794006
0 0.1004520117449895 0.8824052761974542 0.200904023489979 0.10665054250907673
0 0.9237755706661275 0.9613366784020819 0.10089256175762458 0.0773266431958362
0 0.8749576374383171 0.9242040233060667 0.12569398495630538 0.13621602570316255
0 0.940733401624082 0.8948149536481338 0.0715233105039836 0.09811384783255335
0 0.8839143472552907 0.10563043684221998 0.17759145407749272 0.09619320357377185
0 0.9493060150436948 0.1700868676785788 0.05410848997087001 0.08960101087441492
0 0.7953974165347628 0.08325141805913966 0.10295516693047428 0.10563718775644107
0 0.8963066986672164 0.056076105815580715 0.14488660266556722 0.044919863649884026
0 0.9444941460807919 0.06664353269760685 0.048511707838416386 0.05816000988583174