0 0.9421875 0.165625 0.115625 0.11875
0 0.10078125 0.06328125 0.0765625 0.1265625
0 0.03515625 0.11171875 0.0703125 0.1109375
0 0.03671875 0.06328125 0.0734375 0.0671875
0 0.06171875 0.02109375 0.1234375 0.0421875
0 0.49375 0.54609375 0.2375 0.109375
0 0.46953125 0.6171875 0.1171875 0.1203125
0 0.575 0.60078125 0.10625 0.103125
0 0.634375 0.5484375 0.075 0.134375
0 0.5953125 0.49921875 0.121875 0.090625
0 0.51875 0.45625 0.2 0.096875
0 0.375 0.4984375 0.121875 0.13125
0 0.07734375 0.98046875 0.1546875 0.0390625
0 0.1859375 0.96953125 0.0828125 0.0609375
0 0.1328125 0.95390625 0.134375 0.084375
0 0.0890625 0.91328125 0.178125 0.090625
0 0.9109375 0.9578125 0.1234375 0.084375
0 0.975 0.953125 0.05 0.09375
0 0.93203125 0.09453125 0.1359375 0.0859375
0 0.86328125 0.06015625 0.1 0.11875
0 0.94921875 0.0296875 0.1015625 0.059375