0 0.7623711576961826 0.9104562510114903 0.16555556733052795 0.09317462504240907
0 0.6708805729424595 0.844035132044349 0.13863096878180664 0.12656747840045374
0 0.5842312556119316 0.7594542901190499 0.18646826805616748 0.11107145317271012
0 0.5190948397326826 0.7085391200634495 0.14913195916315997 0.11444942431676956
0 0.4276042549789595 0.6421180010963083 0.1621577488188736 0.08525299763774737
0 0.36459333429038693 0.5848709854872117 0.14600695916315995 0.11434029691210804
0 0.8977877470895932 0.33080841262957017 0.13403274881887378 0.08427085099579194
0 0.9590005216843643 0.3880008645363359 0.08199895663127137 0.08268850362819702
0 0.9883804868379741 0.44935502678738803 0.023239026324051792 0.06230159255827132
0 0.2730084910991433 0.42615323911540876 0.08488592068857255 0.06226687622353535
0 0.21535968220613594 0.4328595961016505 0.0403174651536097 0.037301592558271326
0 0.23778031922944445 0.44772070426901844 0.03061508293962447 0.027599210344286185
0 0.2082292284852716 0.45266366461330476 0.036974210344286274 0.03094246515360961
0 0.19519351514576044 0.460158706083117 0.028943455534962848 0.024419646641955416