0 0.5353672948689914 0.9827156353987139 0.16472834486680377 0.03456872920257226
0 0.4777086451730025 0.9131339417479548 0.13771485870696817 0.12572419467652338
0 0.431415918404707 0.8009085143716371 0.18538835475263546 0.10894787155854928
0 0.3913440167315519 0.7280639219762913 0.14814302273741306 0.11366986364988403
0 0.33344528650321537 0.6317990756266129 0.16249468281352514 0.08305653361182799
0 0.29906496931674054 0.5537085677179474 0.145018022737413 0.11354252965749527
0 0.8892243957044752 0.5315854417851359 0.1328708498097196 0.08340936068413463
0 0.9259484628909499 0.6097714501880928 0.08755834980971962 0.08156301779449712
0 0.937895364564105 0.6814700366519395 0.04929434585538672 0.0612850098858317
0 0.2775440908752899 0.3712807282883512 0.0836693458553869 0.06268568380210837
0 0.2218670938410395 0.35492621642535316 0.04046317391627667 0.03596667490485981
0 0.23660075589431803 0.37743788638729703 0.029143671939110227 0.026146005931498982
0 0.20716792387909555 0.3699782134596036 0.03714717292769345 0.03115184091247105
0 0.193009923384804 0.3717489604938541 0.029016337946721472 0.023021005931499073