1 0.15234375 0.5734375 0.3046875 0.25
1 0.24296875 0.37265625 0.296875 0.190625
1 0.165625 0.08125 0.2875 0.1625
1 0.365625 0.1375 0.228125 0.275
1 0.25390625 0.684375 0.290625 0.20625
1 0.3234375 0.93828125 0.334375 0.1234375
1 0.50078125 0.79375 0.4265625 0.159375
1 0.5 0.64453125 0.296875 0.20625
1 0.62109375 0.921875 0.3984375 0.15625
1 0.48515625 0.4765625 0.390625 0.215625
1 0.5375 0.30625 0.365625 0.2328125
1 0.63125 0.12265625 0.353125 0.2125
1 0.5171875 0.04296875 0.2984375 0.084375
1 0.7875 0.0296875 0.275 0.059375
1 0.69375 0.6140625 0.2671875 0.2921875
1 0.82421875 0.809375 0.265625 0.1875
1 0.7328125 0.36015625 0.2453125 0.184375
1 0.82734375 0.51171875 0.2375 0.1765625
1 0.83671875 0.16875 0.325 0.240625
1 0.928125 0.05234375 0.14375 0.1046875
1 0.98515625 0.1734375 0.0296875 0.178125
1 0.915625 0.30234375 0.16875 0.2875
1 0.95234375 0.475 0.09375 0.1875
1 0.98828125 0.61484375 0.0234375 0.128125
1 0.8921875 0.68984375 0.215625 0.2078125
1 0.8953125 0.8875 0.209375 0.225