1 0.6139018494373977 0.7782596348079167 0.2970888287312306 0.38723947867096375
1 0.4158694983817375 0.7218940556710775 0.23020924593951494 0.3115422576807463
1 0.14899386972993717 0.8537256975244558 0.2422728693163095 0.2872702997741211
1 0.1802416899397511 0.6731813528143625 0.29978536038785575 0.27344999445597934
1 0.6904933973260773 0.6379993848785038 0.2410921988616142 0.30905429451244915
1 0.904203115669452 0.5116056719219684 0.17762971671852198 0.3396980787839034
1 0.7454474987854793 0.3959792138741688 0.2274308936660386 0.4206442418957307
1 0.612911688314898 0.43257540848543996 0.24273651947846525 0.3138327997741211
1 0.8406663157488824 0.2616581508046937 0.22230701704283326 0.3953712261107151
1 0.46604064245481336 0.4856156504517578 0.2692365641207339 0.4012263839608707
1 0.3061298543053664 0.4808811897731224 0.2814092816533299 0.3832044260542455
1 0.12846612195710766 0.44290929486538505 0.2569322439142153 0.3678678523908395
1 0.07127716193327858 0.5667254974397512 0.14255432386655717 0.2977990051204976
1 0.03571358319875273 0.33375337371987557 0.07142716639750546 0.2668682525602488
1 0.551740183443634 0.2706816242139858 0.3128853782447632 0.30855303654935423
1 0.7028232167218171 0.1255412423898409 0.21875354869945837 0.2510824847796818
1 0.31949074513203135 0.2966959055722554 0.21376603977100467 0.26375720506402783
1 0.43861466639750546 0.1789330109468667 0.20422739853730273 0.2538361734939967
1 0.1359005438314898 0.25219328960371323 0.2718010876629796 0.34873842079257356
1 0.03753122767886565 0.1829266210890397 0.0750624553577313 0.2028967578219206
1 0.10671187581242654 0.10148763431380647 0.17364778003177211 0.1115730787839034
1 0.23419594764709356 0.13074395285671486 0.29800467207625303 0.2608589891943076
1 0.3806402995135326 0.07136051855702581 0.19496940097293472 0.14272103711405162
1 0.49865964245151806 0.019336015996777055 0.12768071509696383 0.03867203199355411
1 0.5800402816566252 0.10050271601089449 0.2367944366867496 0.20100543202178897
1 0.7772698376629796 0.07527593188061463 0.29233532467404083 0.15055186376122925