1 0.575 0.2421875 0.13125 0.1296875
1 0.2171875 0.50546875 0.1359375 0.125
1 0.5609375 0.7859375 0.1359375 0.11875
1 0.6890625 0.70078125 0.146875 0.115625
1 0.821875 0.61953125 0.1546875 0.125
1 0.325 0.425 0.1359375 0.121875
1 0.2921875 0.62421875 0.15 0.115625
1 0.53125 0.45078125 0.15 0.115625
1 0.6578125 0.365625 0.146875 0.121875
1 0.3765625 0.73828125 0.1546875 0.11875
1 0.45625 0.3328125 0.1578125 0.1265625
1 0.615625 0.5828125 0.140625 0.11875
1 0.4484375 0.86640625 0.146875 0.1125
1 0.15625 0.39140625 0.109375 0.10625
1 0.240625 0.30546875 0.14375 0.11875
1 0.40234375 0.53359375 0.1359375 0.11875
1 0.74609375 0.4921875 0.1546875 0.1296875
1 0.490625 0.66171875 0.15 0.121875
1 0.49453125 0.12421875 0.1546875 0.11875
1 0.38046875 0.225 0.14375 0.1140625