1 0.25859375 0.5734375 0.1265625 0.1296875
1 0.51484375 0.22265625 0.121875 0.1328125
1 0.7890625 0.559375 0.115625 0.1328125
1 0.70546875 0.68515625 0.1125 0.14375
1 0.6265625 0.81484375 0.121875 0.15
1 0.43671875 0.32890625 0.11875 0.1328125
1 0.63125 0.296875 0.1125 0.146875
1 0.4625 0.53046875 0.1125 0.146875
1 0.37890625 0.6546875 0.11875 0.14375
1 0.7421875 0.3796875 0.115625 0.15
1 0.346875 0.45703125 0.1234375 0.1546875
1 0.590625 0.61328125 0.115625 0.1375
1 0.8671875 0.45 0.109375 0.14375
1 0.40390625 0.16328125 0.103125 0.1078125
1 0.32109375 0.24609375 0.115625 0.140625
1 0.54296875 0.4046875 0.115625 0.1328125
1 0.50234375 0.740625 0.1265625 0.15
1 0.66796875 0.490625 0.11875 0.146875
1 0.14375 0.49453125 0.115625 0.15
1 0.2421875 0.3828125 0.1109375 0.140625