1 0.9171875 0.85390625 0.165625 0.1953125
1 0.92890625 0.10546875 0.1421875 0.18125
1 0.73203125 0.0671875 0.2296875 0.134375
1 0.56484375 0.428125 0.203125 0.16875
1 0.86328125 0.6125 0.221875 0.1625
1 0.2265625 0.5609375 0.2296875 0.171875
1 0.10546875 0.72421875 0.19375 0.1640625
1 0.8796875 0.2890625 0.20625 0.171875
1 0.72109375 0.75078125 0.2625 0.18125
1 0.240625 0.28828125 0.225 0.134375
1 0.3375 0.81953125 0.215625 0.1671875
1 0.340625 0.1453125 0.23125 0.1671875
1 0.109375 0.07734375 0.190625 0.1546875
1 0.4828125 0.66015625 0.2125 0.18125
1 0.6046875 0.21328125 0.24375 0.15625
1 0.1015625 0.915625 0.203125 0.15625
1 0.06015625 0.4609375 0.1203125 0.1859375
1 0.83203125 0.434375 0.2078125 0.1125
1 0.58828125 0.9078125 0.253125 0.175
1 0.30546875 0.4359375 0.2078125 0.125
1 0.81328125 0.165625 0.13125 0.0875
1 0.471875 0.03359375 0.2875 0.065625
1 0.84140625 0.9640625 0.278125 0.071875