1 0.8847196439692206 0.1409713326586354 0.2099446159934022 0.23555674668035032
1 0.18602607970431345 0.0833346747662309 0.19392715940862687 0.1666693495324618
1 0.11335677249903517 0.27048015076212584 0.1957911877801568 0.23234993344863372
1 0.45955112556031363 0.45990470248276916 0.1840807979675713 0.20572380093507636
1 0.6519813518076372 0.1985848865205781 0.17989340314042082 0.22288402985783756
1 0.5581610879510766 0.7875115520152309 0.18954118778015677 0.23231357201231512
1 0.7030453421077117 0.9062201245185255 0.17710337226160835 0.1806874394987581
1 0.3514214106622681 0.15423194028432485 0.18577969028743926 0.21042039129415607
1 0.7710987278301692 0.3447917451282262 0.20138796991261038 0.2636272045258726
1 0.30541652117888696 0.7483500998270494 0.15333090314042072 0.22272949375348414
1 0.8082316326199426 0.7079184590238727 0.18288201082055267 0.21821471057599667
1 0.1788874619285446 0.6428182381943393 0.18485368778015682 0.23228630093507655
1 0.10294840221598389 0.8526704820460191 0.16188754922121246 0.1946590359079618
1 0.6702505963308539 0.55791443472518 0.19538201082055268 0.21828743344863372
1 0.26099395361527444 0.40323758772680096 0.17579693652651557 0.2431692587805987
1 0.8798578946941366 0.9137866639425287 0.17035326708875864 0.1634635780624393
1 0.45218753576036336 0.931902422330344 0.18819398495630518 0.13232266237139498
1 0.4835950646606186 0.2120666453011768 0.13095579796757129 0.2054147287263694
1 0.9052511043149197 0.4823003146064586 0.1894977913701606 0.2542158430895541
1 0.44784806208682915 0.7022012867917246 0.14350126207419395 0.20704995159900647
1 0.2310012620741939 0.20494098829253504 0.0975689849563052 0.1317954215447771
1 0.0718298167056827 0.508261951893594 0.12210964687221455 0.277226096212812
1 0.9643185642649073 0.25299408880695545 0.0713628714701855 0.26762383723582167
1 0.6129690129321237 0.04106685280301355 0.18683006175762476 0.0821337056060271