1 0.4796875 0.6519073066155727 0.1203125 0.18701390507947585
1 0.3359375 0.6437624460011341 0.115625 0.1759127139724832
1 0.34609375 0.17849211006628457 0.1140625 0.18054565027015249
1 0.78828125 0.43221488782591677 0.1171875 0.17596727767481415
1 0.19921875 0.636644372047184 0.11875 0.1807093413771451
1 0.2078125 0.16741322241000384 0.115625 0.1790377139724833
1 0.79609375 0.19733145633757104 0.11875 0.18539684137714504
1 0.78515625 0.6688245104212551 0.1234375 0.18712303248413759
1 0.34140625 0.414265918959292 0.1203125 0.16357640507947585
1 0.9453125 0.2009797899101678 0.109375 0.17100695916315986
1 0.93125 0.9114262165891901 0.1265625 0.1653571598887993
1 0.65 0.663323500169636 0.1328125 0.1858879146981227
1 0.33046875 0.8732589730429761 0.1203125 0.18076390507947587
1 0.93203125 0.6762972484403555 0.115625 0.18060021397248338
1 0.78359375 0.902363696718924 0.128125 0.18103672359113004
1 0.18828125 0.8698561761308682 0.11875 0.1807093413771451
1 0.05703125 0.6293353251350762 0.10625 0.17402283175849825
1 0.48671875 0.1834028432760616 0.1171875 0.1806547776748142
1 0.9375 0.43508197139851357 0.1125 0.17267858656782162
1 0.47265625 0.8829117699550839 0.121875 0.19019346878180662
1 0.06171875 0.4013740162420688 0.1125 0.16486608656782167
1 0.6578125 0.1979713186812903 0.1140625 0.18835815027015249
1 0.48203125 0.421520402169069 0.125 0.1715525961864685
1 0.65625 0.43229175497895944 0.11875 0.18227184137714508
1 0.06328125 0.17017857994439967 0.1078125 0.18657739546082905
1 0.05390625 0.8612574477304145 0.1078125 0.17876489546082902
1 0.64453125 0.9037575272114781 0.11875 0.1713343413771451
1 0.20390625 0.4063393131541767 0.115625 0.18060021397248324