1 0.481662697247004 0.6160097301911555 0.12874426002545328 0.1926570266917457
1 0.33782179057927675 0.6296795938410396 0.12392949069063519 0.18152852570316255
1 0.321373918642592 0.16416468178776095 0.12240335335772609 0.18458985870696815
1 0.7767683012810479 0.35332275190280427 0.12549199069063538 0.18159219269935695
1 0.20180247457832223 0.6422498725099516 0.12709085335772619 0.1847808596955513
1 0.18225687464195567 0.1745185444490618 0.12394767202418074 0.18309102570316252
1 0.77091993264641 0.11773542038187342 0.12714539735836256 0.1894683596955513
1 0.787295079248913 0.5895003324351519 0.13186926002545327 0.19278436068413463
1 0.33033819661045716 0.40040592931630303 0.1284533586887263 0.1676570266917457
1 0.9194937926480009 0.09996830574340622 0.11760676535645338 0.17502385771838497
1 0.934676967218369 0.8083883008004904 0.11286472135581746 0.17014535672980174
1 0.652038831914413 0.6036012776059667 0.1412260786919079 0.1916038626613009
1 0.3460957252148691 0.8581401748676788 0.1286533533577261 0.1848445266917455
1 0.932707576583413 0.5749855517890735 0.12240335335772627 0.184589858706968
1 0.7986485605506417 0.8217398294694025 0.13648403469127163 0.18672536167271767
1 0.20377186521327822 0.8756526215213685 0.12709085335772619 0.1847808596955513
1 0.05953315857736774 0.6550748191636412 0.11451812802354437 0.17802152372599628
1 0.46210800664386475 0.1490596521302657 0.12552835335772622 0.18471719269935694
1 0.9253603426161842 0.33399313726433705 0.12076812802354411 0.1782761917107738
1 0.4883377692155054 0.8476589782139892 0.13034312269254436 0.19584569368794008
1 0.05578528130968291 0.4281130711408075 0.11157056261936582 0.168773857718385
1 0.6332381193109555 0.13896311604697986 0.12251244135899882 0.19396485870696814
1 0.4710631939449571 0.38608214965880777 0.13168744668999893 0.17715936068413446
1 0.6453546692791388 0.3727332795831331 0.12710903469127147 0.18634335969555132
1 0.048600584659454875 0.19721323961987666 0.09720116931890975 0.18994852076024665
1 0.06698038987909646 0.8874734836883776 0.12082267202418069 0.1829636917107738
1 0.6601854972151873 0.8429993586326059 0.12543744668999893 0.17690469269935685
1 0.19276547127627536 0.41225862498140947 0.12396585335772614 0.18465352570316257