1 0.32607981195517033 0.8610437206013579 0.3376010357115701 0.27791255879728427
1 0.5815914093463328 0.22338982813070282 0.2512544695529872 0.22872694482076028
1 0.8442913972460844 0.651209370192501 0.31141720550783136 0.3211468181810801
1 0.662751547517231 0.4806910730423201 0.30182716217500316 0.3297848337849124
1 0.1574423996819713 0.6158783847802806 0.28621125253408275 0.33052846223361493
1 0.1181339391059745 0.4373096494796016 0.23264991529826115 0.25274429895920325
1 0.34322484269677067 0.46472639981828595 0.2879010175611974 0.35248534938874454
1 0.2898488160603869 0.1503053736990041 0.27953400565734066 0.2567634136130958
1 0.5486355471244474 0.7340064235627185 0.34144417407885985 0.42714451266315623
1 0.423824882022578 0.357265781885033 0.2687601321207739 0.2843152035271876
1 0.8946590359079618 0.520276952734218 0.21068192818407638 0.3330116530976463
1 0.7634277375069681 0.33366998812575405 0.30308058996629617 0.2767417209400421
1 0.5654482588787946 0.1335084565794053 0.26214651775758924 0.22148765490666858
1 0.407901462815492 0.7078865796010408 0.26281011397040127 0.33555015490666873