1 0.23828125 0.8140625 0.28515625 0.246875
1 0.65234375 0.221875 0.21484375 0.16875
1 0.81484375 0.6890625 0.278125 0.24453125
1 0.66875 0.48671875 0.24296875 0.2625
1 0.13828125 0.52109375 0.2265625 0.26875
1 0.128125 0.3375 0.221875 0.19296875
1 0.3578125 0.41015625 0.221875 0.29296875
1 0.38359375 0.0953125 0.2390625 0.190625
1 0.49375 0.71015625 0.26015625 0.3578125
1 0.4640625 0.32109375 0.21875 0.22421875
1 0.90625 0.57421875 0.18671875 0.284375
1 0.80390625 0.36328125 0.26015625 0.2046875
1 0.66484375 0.10703125 0.21640625 0.21328125
1 0.36171875 0.6578125 0.1984375 0.28203125