1 0.15546875 0.20625 0.26875 0.309375
1 0.79921875 0.65546875 0.184375 0.234375
1 0.2921875 0.83203125 0.265625 0.3015625
1 0.51171875 0.67421875 0.284375 0.2625
1 0.475 0.11015625 0.2921875 0.2203125
1 0.675 0.103125 0.209375 0.20625
1 0.5953125 0.3359375 0.31875 0.240625
1 0.91640625 0.36484375 0.165625 0.259375
1 0.26953125 0.48359375 0.3890625 0.2828125
1 0.6921875 0.4515625 0.24375 0.2375
1 0.41875 0.91484375 0.309375 0.1703125
1 0.64609375 0.8203125 0.221875 0.2828125
1 0.9046875 0.66875 0.190625 0.2359375
1 0.32578125 0.340625 0.30625 0.215625