1 0.865625 0.20703125 0.26875 0.315625
1 0.21171875 0.665625 0.1875 0.2375
1 0.72890625 0.8453125 0.271875 0.3078125
1 0.5046875 0.684375 0.290625 0.26875
1 0.54296875 0.1109375 0.296875 0.221875
1 0.33828125 0.103125 0.2140625 0.20625
1 0.4203125 0.33984375 0.325 0.246875
1 0.08828125 0.36875 0.1765625 0.265625
1 0.75234375 0.4890625 0.396875 0.2875
1 0.32109375 0.45703125 0.2484375 0.24375
1 0.60078125 0.921875 0.315625 0.15625
1 0.36796875 0.8328125 0.2265625 0.2875
1 0.10078125 0.67734375 0.2015625 0.2390625
1 0.69453125 0.34375 0.3125 0.21875