0 0.24000652928710053 0.7143898699351574 0.15738313206674712 0.0883819114963739
0 0.22376289009580583 0.3402824358985921 0.1722578595655099 0.13427660835322097
0 0.35973809588630096 0.8685786021524772 0.15219102103089915 0.13801803846084476
0 0.3364543198785608 0.2719069634011821 0.12077724672063965 0.13343754631872767
0 0.13137839552287273 0.199627510753367 0.1901071008590826 0.11796240363849116
0 0.39640917401700376 0.28781875372405363 0.09866322930778511 0.09811647642635143
0 0.24010502657356705 0.7868641834173927 0.14347776232447185 0.12046666542531544
0 0.13183101763999713 0.3843107258071789 0.16272572930778512 0.10110023531769156
0 0.18212866802410993 0.24246567411176784 0.1461933265488231 0.11279971463952716
0 0.37870377487608636 0.17953537283064153 0.1868249706013579 0.08507712903138528
0 0.26658995646786365 0.07331110566713375 0.1592665366347314 0.12431941149637402
0 0.47453085199073647 0.26937266067231375 0.11724945499752551 0.0958647717116218
0 0.43704414009580583 0.3303487020286425 0.13155761646291478 0.10120724317557439
0 0.5270892859573628 0.3074505494236087 0.1137150192218769 0.08790672249741008
0 0.6446209447092187 0.36977926737290473 0.0965275192218769 0.08710620181924558
0 0.5829431382867835 0.3718726143535861 0.07893058344622794 0.07849318114108117
0 0.5512494029861046 0.4115365818885974 0.10245661465389269 0.051532574854774894
0 0.43270744290019636 0.4279685647250896 0.09044129353213641 0.08994010339082212
0 0.48740158695273106 0.45503617886927883 0.040864017412854635 0.036194365177646404
0 0.5225954585040287 0.4378101375129499 0.05369156603337366 0.04302656203449331
0 0.46444544380470754 0.4023307098865255 0.11231629353213642 0.09095894789030408