0 0.37322589210690416 0.7853819463344491 0.15893974267981764 0.09779312626704133
0 0.21297599872690628 0.44254098224241084 0.1766545013526354 0.14320562021691713
0 0.5487173354550853 0.8937433712970717 0.15794086401972632 0.1462215359079618
0 0.2946703467138615 0.3459654432111911 0.12661813868554458 0.1397897287263694
0 0.08441409937936152 0.33859434650739967 0.1624283693507265 0.12906130698520063
0 0.358714665380316 0.3440302384889268 0.10276246801399935 0.10371587334017515
0 0.40213268944935826 0.8524058198710159 0.14834768801718107 0.12741699375348398
0 0.14187370540258773 0.5093653887600732 0.16535337468172662 0.11189198770335977
0 0.13548625071608864 0.3632989098373121 0.1513817813494538 0.11962267447164328
0 0.29900276336727116 0.24827737695441243 0.18706474267981754 0.09795675273047451
0 0.15057380669158976 0.1827301658874363 0.16402723201781738 0.13219539734428026
0 0.4262288820416799 0.3045723078689634 0.12149428668045381 0.10226245764913058
0 0.41372942938413404 0.3718370759211401 0.13562951201463563 0.10859427088084708
0 0.49130898937777073 0.32450755796715924 0.11827838001272681 0.09443177693097127
0 0.628309550047725 0.3479309015476927 0.10107269867918127 0.09276928298109555
0 0.5699521573838158 0.36858429001317833 0.08219542934436319 0.08172269867214013
0 0.5548635067234065 0.41476894360397465 0.10379770934118149 0.05841246369925486
0 0.44683337806331525 0.463838223560008 0.09484088001272681 0.09429542154477702
0 0.5102237160645879 0.47284506401728343 0.04264203333863605 0.039307939695149584
0 0.5380487240610881 0.44690018755385036 0.05521475867281787 0.04563066256778665
0 0.46831747939208823 0.43011720853289337 0.11518974267981755 0.09753859621281205