1 0.45755200487177383 0.7609375 0.3551885115110732 0.3546875
1 0.1558208123479538 0.59765625 0.3076236859827165 0.5046875
1 0.23014514323906363 0.884375 0.3232203731437834 0.23125
1 0.76240261045436 0.6546875 0.39921122228346173 0.4015625
1 0.542321393730043 0.56015625 0.2610021742752515 0.2796875
1 0.4061702702916719 0.5234375 0.2830226200205255 0.3046875
1 0.20906346613514168 0.48359375 0.22195785499341084 0.2828125
1 0.2367516080184729 0.27421875 0.4727396258742579 0.4171875
1 0.5613794241770557 0.34453125 0.2595033067888089 0.290625
1 0.8633373547970191 0.4125 0.17689988504764004 0.3265625
1 0.939063020880847 0.425 0.12187395823830585 0.3125
1 0.7292305203898678 0.45859375 0.22916130093507653 0.178125