1 0.5118651822909539 0.7620211935057787 0.3978522344757213 0.3881737283335859
1 0.19500008610448544 0.6388392653217022 0.3637004676854984 0.5285714693565955
1 0.3076910921797532 0.8897972564429077 0.351334354623989 0.21918737899751584
1 0.7863492335262631 0.6173661818965097 0.4273015329474738 0.4384555294650541
1 0.5654638643274538 0.5515104195016736 0.2949057945498552 0.30321694535249044
1 0.42493806804831813 0.5327927566392994 0.3208333774894797 0.3299248910977644
1 0.22439243102500955 0.5183313226014905 0.25891373084752434 0.3014453670936593
1 0.24208089491267487 0.3088108768562166 0.4787054195922641 0.4667532462875668
1 0.5524380415546303 0.33513598575845227 0.2952877404661711 0.31415444535249043
1 0.860533283750082 0.36381848019930735 0.22110619600113388 0.3371556081166688
1 0.9271478317584982 0.36572134778394594 0.14570433648300352 0.3180783551898026
1 0.7345908318433162 0.427063889643836 0.24917165389834964 0.20140900565734082