1 0.553125 0.721875 0.3921875 0.38125
1 0.1625 0.1484375 0.325 0.296875
1 0.88203125 0.6109375 0.2359375 0.378125
1 0.08515625 0.77109375 0.1703125 0.440625
1 0.365625 0.440625 0.490625 0.359375
1 0.66875 0.23359375 0.2203125 0.246875
1 0.4875 0.0859375 0.25 0.171875
1 0.31875 0.10078125 0.2046875 0.2015625
1 0.7484375 0.48515625 0.2875 0.25625
1 0.06328125 0.0453125 0.1265625 0.090625
1 0.784375 0.85390625 0.2625 0.240625
1 0.9 0.36640625 0.2 0.2078125
1 0.88203125 0.18828125 0.2203125 0.253125
1 0.665625 0.084375 0.1625 0.16875