1 0.26015625 0.48046875 0.35078125 0.3609375
1 0.8203125 0.84140625 0.3359375 0.3
1 0.36328125 0.14296875 0.3484375 0.2859375
1 0.215625 0.915625 0.40546875 0.16796875
1 0.51953125 0.65234375 0.33046875 0.4515625
1 0.71015625 0.37421875 0.22734375 0.20234375
1 0.8734375 0.540625 0.2109375 0.23046875
1 0.8671875 0.6953125 0.25390625 0.1875
1 0.47890625 0.30078125 0.23515625 0.26328125
1 0.9203125 0.93671875 0.159375 0.1265625
1 0.1390625 0.26796875 0.22109375 0.2421875
1 0.58828125 0.146875 0.19140625 0.2140625
1 0.7515625 0.178125 0.2328125 0.20234375
1 0.875 0.37734375 0.20859375 0.15