1 0.2892555469315236 0.4609021803253758 0.4040013154179622 0.39284304761542665
1 0.824382433876166 0.8533305748409857 0.3512351322476679 0.2933388503180286
1 0.40216798670464604 0.14682202048806364 0.38871097340929206 0.291226005460949
1 0.24631324389128212 0.8901942497054124 0.4008931840173404 0.20538849941082482
1 0.5442901993788329 0.6560702763417962 0.39659761007158584 0.4802703247427898
1 0.74320032331047 0.3971594055357038 0.2566727471574026 0.2232930960164204
1 0.8900123800499102 0.5777104896482674 0.21997523990017945 0.2497737827847038
1 0.8751412970726979 0.7314985649802324 0.24971740585460403 0.21093854176169416
1 0.513566760240995 0.30288618900777864 0.27428445236260474 0.2843124092481369
1 0.9239112679923285 0.9530947463857627 0.15217746401534313 0.09381050722847455
1 0.17477029977412106 0.23843630698520063 0.25582287869919884 0.26233741529826116
1 0.627850526167185 0.15984978219552862 0.22275277346576167 0.23090560811666877
1 0.7906459287556685 0.20609404400118944 0.26292274715740244 0.22332945745273883
1 0.8966194248447081 0.4153013932390636 0.20676115031058365 0.1684692406302261