1 0.2684746793798537 0.4765625 0.36265928165332995 0.3671875
1 0.8279297256469755 0.846875 0.34414054870604893 0.30625
1 0.3712455288139561 0.14296875 0.3581160576279122 0.2859375
1 0.22449422320804824 0.9109375 0.41086713636243805 0.175
1 0.5285742025117669 0.65234375 0.3470536469124496 0.4578125
1 0.7191001964259822 0.378125 0.234850107141445 0.20625
1 0.882201988632619 0.546875 0.21971603084255092 0.234375
1 0.8728623731716283 0.7015625 0.2542752536567433 0.1921875
1 0.4872814062479405 0.30078125 0.2437262751605081 0.2671875
1 0.9232888644450454 0.9390625 0.15342227110990905 0.121875
1 0.14753706777418193 0.26171875 0.2292819456152034 0.2453125
1 0.5971222362002824 0.1484375 0.19910352191409722 0.2171875
1 0.7602222540571898 0.1828125 0.239537607141445 0.20625
1 0.8840394038123085 0.38359375 0.2136103068171334 0.153125