1 0.13359375 0.09609375 0.2359375 0.1921875
1 0.31640625 0.27109375 0.2 0.2
1 0.47421875 0.4703125 0.184375 0.184375
1 0.73359375 0.3703125 0.340625 0.29375
1 0.49765625 0.85390625 0.284375 0.21875
1 0.3015625 0.68359375 0.275 0.215625
1 0.12421875 0.50546875 0.2484375 0.21875
1 0.1171875 0.9140625 0.228125 0.171875
1 0.8859375 0.66640625 0.228125 0.303125
1 0.53046875 0.11015625 0.34375 0.2203125
1 0.89765625 0.1765625 0.2046875 0.284375
1 0.70234375 0.95625 0.3234375 0.0875
1 0.98203125 0.91953125 0.0359375 0.159375
1 0.775 0.0125 0.265625 0.025