1 0.8818703465848428 0.8946839056789239 0.23366943668674978 0.21063218864215222
1 0.709148092527653 0.7193449456665284 0.20349101298564348 0.20465505167111128
1 0.5313661915547183 0.555896775454306 0.18759327759614025 0.18866637575930573
1 0.6366365239426921 0.32328625683694495 0.30276608441327324 0.34440984232430577
1 0.1735167353862081 0.5007117808695487 0.22831946347211085 0.2848880655388196
1 0.32300604098552543 0.6986434006449308 0.22503082223840884 0.27544033035645865
1 0.4816112479648146 0.8764115303945836 0.2247308133099551 0.2471769392108329
1 0.10150100811108427 0.8488934013105208 0.17736488960884897 0.2290368026210417
1 0.3694784772718286 0.13979638392743085 0.3045819545436571 0.26948257750666693
1 0.8772461128234876 0.5351914172655217 0.24550777435302465 0.34179268218006964
1 0.8290853023529063 0.1637697057345146 0.2857501339268061 0.2643586664125003
1 0.07709788270899011 0.30089165919430566 0.1319626607121673 0.31232077488562504
1 0.1224204707790068 0.03408667211208343 0.1854659415580136 0.0667913757593057
1 0.9756915211033184 0.3179876931010772 0.04861695779336337 0.25432513050895844