1 0.75859375 0.1078125 0.0875 0.1109375
1 0.384375 0.440625 0.0984375 0.12578125
1 0.88046875 0.228125 0.08671875 0.11015625
1 0.4609375 0.37890625 0.09375 0.11796875
1 0.3125 0.509375 0.10546875 0.1265625
1 0.7203125 0.4078125 0.09375 0.115625
1 0.6484375 0.20625 0.09296875 0.1125
1 0.5875 0.26015625 0.0875 0.11171875
1 0.65625 0.47734375 0.09453125 0.12265625
1 0.7078125 0.1578125 0.08828125 0.10390625
1 0.82734375 0.284375 0.0921875 0.1078125
1 0.1421875 0.65 0.09375 0.1421875
1 0.228125 0.59296875 0.10390625 0.159375
1 0.440625 0.70625 0.11484375 0.15234375
1 0.590625 0.55078125 0.09453125 0.13984375
1 0.265625 0.871875 0.10078125 0.16015625
1 0.5171875 0.6203125 0.10078125 0.12890625
1 0.78203125 0.346875 0.0921875 0.115625
1 0.3578125 0.796875 0.1109375 0.1515625
1 0.52734375 0.31796875 0.0921875 0.11875
1 0.19140625 0.7515625 0.1 0.13515625