1 0.0625 0.22265625 0.115625 0.0921875
1 0.41328125 0.61640625 0.1328125 0.103125
1 0.1890625 0.09375 0.115625 0.090625
1 0.3484375 0.5359375 0.125 0.0984375
1 0.4859375 0.69296875 0.134375 0.1109375
1 0.37890625 0.26328125 0.121875 0.1
1 0.16640625 0.3390625 0.11875 0.096875
1 0.2234375 0.403125 0.11875 0.0921875
1 0.45234375 0.3296875 0.128125 0.1
1 0.11484375 0.27578125 0.109375 0.09375
1 0.2484375 0.15 0.1125 0.096875
1 0.634375 0.87265625 0.15 0.0984375
1 0.57421875 0.78125 0.16875 0.109375
1 0.69296875 0.5578125 0.1609375 0.121875
1 0.52890625 0.4 0.146875 0.1
1 0.86796875 0.7421875 0.16875 0.10625
1 0.60234375 0.4765625 0.1359375 0.10625
1 0.3140625 0.19765625 0.121875 0.096875
1 0.78984375 0.64453125 0.159375 0.1171875
1 0.28359375 0.46640625 0.125 0.096875
1 0.74140625 0.8203125 0.14375 0.1046875