1 0.705534027023793 0.07169967877325165 0.10794969810012063 0.12246587334017514
1 0.40129574287545244 0.4548359282822723 0.12283106965141818 0.13817268657189175
1 0.8483976356847917 0.17324347717424526 0.10794969810012063 0.12246587334017515
1 0.46471643373948385 0.38257004284184876 0.11617163387576941 0.1303238251355733
1 0.34367135063194 0.5333199974659173 0.1292448439616777 0.1413340480082102
1 0.7252854415414 0.37402070287555256 0.11608974672063965 0.1287613251355733
1 0.616117402193135 0.18475419067710833 0.11436347241038014 0.1256272347764936
1 0.5662269448207603 0.2467820128858153 0.10803158525525039 0.12402837334017516
1 0.6754326057203227 0.45167807026379947 0.11797979534115868 0.13502041549465288
1 0.6647319646084641 0.12820420882748093 0.10762214947960161 0.11621587334017516
1 0.8071418718899818 0.2360025524080144 0.11255531094499105 0.120930644417414
1 0.20300980834299906 0.6974693767580208 0.12052494120271573 0.15377950585373235
1 0.27675052351728996 0.6282694039835797 0.13400758706427265 0.1726022287263694
1 0.5068717927391668 0.7097683470965748 0.14313692559888339 0.16796927088084707
1 0.6250441813646347 0.5340274828315861 0.12044305404758582 0.15221700585373252
1 0.36673919493230195 0.8989222715682181 0.13088258706427264 0.1725840480082102
1 0.5658982326986871 0.6133018923743105 0.12463923111680746 0.14286927693097126
1 0.7740261567156909 0.3049661758463854 0.11444535956551008 0.1271897347764936
1 0.44344445782260067 0.811730822896078 0.13993003844375376 0.16638859016268803
1 0.5181037053362099 0.3127069947354427 0.1146091338757694 0.1303147347764936
1 0.2712042876507842 0.7908512172152962 0.12496677973732648 0.14911927693097127