1 0.92578125 0.76328125 0.121875 0.0953125
1 0.56328125 0.35546875 0.1375 0.10625
1 0.79453125 0.89609375 0.1203125 0.09375
1 0.6296875 0.43828125 0.128125 0.1015625
1 0.48828125 0.2765625 0.1375 0.115625
1 0.5984375 0.72109375 0.1265625 0.103125
1 0.81875 0.64296875 0.121875 0.1015625
1 0.759375 0.5765625 0.121875 0.0953125
1 0.52265625 0.65234375 0.134375 0.103125
1 0.871875 0.7078125 0.1140625 0.096875
1 0.73359375 0.83828125 0.1171875 0.1015625
1 0.33359375 0.090625 0.15625 0.1015625
1 0.396875 0.18515625 0.175 0.1125
1 0.27265625 0.41640625 0.165625 0.125
1 0.44296875 0.5796875 0.153125 0.103125
1 0.09140625 0.22578125 0.175 0.109375
1 0.36640625 0.5 0.140625 0.109375
1 0.665625 0.7890625 0.125 0.1015625
1 0.1734375 0.3265625 0.165625 0.121875
1 0.696875 0.5109375 0.13125 0.1
1 0.22265625 0.14453125 0.146875 0.109375