1 0.7573392379853643 0.11222586933315441 0.08879087468172653 0.11144656010845858
1 0.37924786394018456 0.442861228333586 0.0998920066836356 0.12557269262201592
1 0.8778142753023651 0.23324741734136462 0.08877269334818116 0.10988406010845857
1 0.4565285266152296 0.38158790592848724 0.0951317813494537 0.1192954215447771
1 0.306572885264185 0.5111930718159237 0.10772268801718106 0.1271806444174139
1 0.7155671719446388 0.41200315553570377 0.09509541868236297 0.11617042154477701
1 0.6460375639720013 0.21002249901804135 0.09505905601527206 0.1130454215447771
1 0.5844728079646835 0.26357422501393624 0.08880905601527189 0.11300906010845857
1 0.6506956026018667 0.48116170081343945 0.09516814401654479 0.12242042154477702
1 0.7059761853119101 0.16193043266306684 0.08869996801399935 0.10363406010845858
1 0.824034747294729 0.2891883451326576 0.09344201201463562 0.10834883118569749
1 0.13462406524509496 0.6508272226762453 0.09540450135263548 0.14273292154477701
1 0.22122518391950372 0.5942959424256242 0.10497949602163532 0.15997496369925485
1 0.432407037237459 0.7088134812604523 0.11740677068745349 0.15379768657189175
1 0.5842160799252307 0.5542174057320954 0.09538632001909005 0.14117042154477702
1 0.2554798158816418 0.8734203610435352 0.10185449602163539 0.15995678298109572
1 0.5099695105824584 0.6233214088553535 0.10149086935072642 0.12870678298109545
1 0.7779949939529113 0.35142472471934866 0.09353291868236298 0.11616133118569741
1 0.34854001989182315 0.7989566922292324 0.11270108935390813 0.15220791549465282
1 0.523643848623502 0.32103674618937095 0.0935692813494537 0.1192863311856975
1 0.18266102856464106 0.7526760689872531 0.10156359468490823 0.13495678298109545