1 0.24375 0.4453125 0.1 0.11015625
1 0.30859375 0.5046875 0.1 0.1046875
1 0.4390625 0.6328125 0.0921875 0.10234375
1 0.36640625 0.35625 0.1078125 0.1046875
1 0.37265625 0.56875 0.1 0.1078125
1 0.51640625 0.69609375 0.11015625 0.11484375
1 0.73515625 0.48359375 0.1 0.1
1 0.58515625 0.43984375 0.0953125 0.1046875
1 0.32109375 0.39375 0.075 0.06484375
1 0.57265625 0.6328125 0.1 0.0953125
1 0.6 0.27109375 0.1 0.08984375
1 0.66875 0.59375 0.11015625 0.11015625
1 0.51875 0.56484375 0.0921875 0.0953125
1 0.7765625 0.55859375 0.10234375 0.1
1 0.49765625 0.30625 0.0921875 0.10234375
1 0.64140625 0.33984375 0.1 0.1
1 0.46875 0.49375 0.0953125 0.1
1 0.68359375 0.4109375 0.10234375 0.1078125
1 0.63359375 0.51015625 0.1 0.1
1 0.41875 0.42734375 0.0921875 0.1
1 0.5359375 0.37265625 0.0875 0.0703125