1 0.25371670413662006 0.44244664561093766 0.10511596834337489 0.11646276101791675
1 0.3172803721556833 0.5048388492581599 0.10500687418757346 0.1102127610179167
1 0.4453798729664622 0.6405789403481948 0.09716710064862308 0.1084684230620141
1 0.3780115462638265 0.36021798670097255 0.11281937418757355 0.11039459897381958
1 0.38015824756107275 0.5726816191097919 0.10506142126547413 0.1133377610179167
1 0.5215389983718517 0.7087308347248615 0.11613528896022593 0.12140483415618064
1 0.7445286647693571 0.5093166354460423 0.10492505357072232 0.1055252610179167
1 0.5952320482924215 0.45664296428388934 0.10031937418757338 0.11010365824437507
1 0.3317638376596843 0.3950644589655558 0.0777352621748646 0.06896951196784729
1 0.5790554435833132 0.6483758693941324 0.10484323295387128 0.10083776101791671
1 0.6126126428552598 0.2891469929692366 0.10476141233702041 0.09615026101791671
1 0.6760844021874555 0.6147113438429173 0.11605346834337489 0.11671733415618064
1 0.526279271100023 0.5776444888851741 0.09703073295387128 0.10065592306201392
1 0.7841326814084486 0.585988891429966 0.10805005357072232 0.10559799620027803
1 0.5100331136342666 0.31799673195131983 0.09716710064862326 0.10846842306201392
1 0.65288881533855 0.3595874327487506 0.10492505357072232 0.1055252610179167
1 0.47735480153883225 0.5038790273541671 0.1002375535707225 0.10541615824437507
1 0.6940007848997408 0.4331710563238548 0.10818642126547413 0.11341049620027785
1 0.641799131084137 0.5295726244281255 0.1049250535707225 0.1055252610179167
1 0.4284985158250173 0.4340198158231601 0.0971125535707225 0.10534342306201391
1 0.5471570125786064 0.3868019365484727 0.09190685633066593 0.07554682028847229