1 0.81015625 0.7510522399347763 0.153125 0.20802494120271575
1 0.809375 0.5697612963572114 0.153125 0.18614994120271575
1 0.31015625 0.19516085029325575 0.1453125 0.19199050542706692
1 0.134375 0.7203235453411587 0.14375 0.1981586182719372
1 0.1390625 0.17369420680654793 0.1453125 0.19199050542706692
1 0.309375 0.5443386567156908 0.15 0.18286116689245624
1 0.13828125 0.533028263228983 0.153125 0.17833744120271575
1 0.6390625 0.5538043464480685 0.153125 0.18458744120271575
1 0.30078125 0.7313882773624772 0.14375 0.19347111827193722
1 0.6390625 0.7491168464480685 0.15 0.20473616689245625
1 0.8046875 0.2054531348918222 0.146875 0.20144739258219663
1 0.140625 0.3675260939616777 0.153125 0.18927494120271565
1 0.471875 0.7426986708491851 0.15 0.20317366689245606
1 0.63828125 0.3803259028705036 0.15625 0.18475121551297527
1 0.47734375 0.2117352758921392 0.14375 0.2044086182719372
1 0.815625 0.39665134497773047 0.153125 0.18458744120271567
1 0.64453125 0.21659095149102264 0.146875 0.20925989258219663
1 0.30703125 0.3778095759829962 0.140625 0.1886198439616777
1 0.47578125 0.5546221387370094 0.14375 0.1731586182719372
1 0.47109375 0.38406397727162017 0.1484375 0.17340427973732647