1 0.16328125 0.74140625 0.1625 0.2125
1 0.1640625 0.54921875 0.1625 0.190625
1 0.69375 0.18046875 0.153125 0.19375
1 0.88046875 0.74609375 0.153125 0.2015625
1 0.87578125 0.1671875 0.153125 0.19375
1 0.69453125 0.55078125 0.159375 0.184375
1 0.8765625 0.5484375 0.1625 0.18125
1 0.3453125 0.5421875 0.1625 0.1875
1 0.703125 0.7484375 0.153125 0.196875
1 0.3453125 0.7484375 0.159375 0.209375
1 0.16953125 0.16328125 0.15625 0.2046875
1 0.8734375 0.37265625 0.1625 0.1921875
1 0.521875 0.7515625 0.159375 0.20625
1 0.34609375 0.3578125 0.165625 0.1875
1 0.51640625 0.1890625 0.153125 0.209375
1 0.1578125 0.365625 0.1625 0.1875
1 0.3390625 0.18359375 0.15625 0.2140625
1 0.696875 0.3734375 0.15 0.1921875
1 0.51796875 0.5515625 0.153125 0.175
1 0.52265625 0.37109375 0.1578125 0.175