1 0.81015625 0.70859375 0.15234375 0.19921875
1 0.809375 0.52734375 0.15234375 0.17890625
1 0.31015625 0.17890625 0.1453125 0.18359375
1 0.134375 0.71328125 0.14375 0.190625
1 0.1390625 0.16640625 0.1453125 0.18359375
1 0.309375 0.528125 0.15078125 0.17421875
1 0.13828125 0.52578125 0.15390625 0.1703125
1 0.6390625 0.5203125 0.15234375 0.1765625
1 0.30078125 0.715625 0.14375 0.1859375
1 0.6390625 0.715625 0.15078125 0.19765625
1 0.8046875 0.16328125 0.146875 0.19296875
1 0.140625 0.36015625 0.15234375 0.18125
1 0.471875 0.71796875 0.15078125 0.1953125
1 0.63828125 0.346875 0.15625 0.1765625
1 0.47734375 0.18671875 0.14375 0.19765625
1 0.815625 0.35390625 0.15390625 0.1765625
1 0.64453125 0.1828125 0.146875 0.2015625
1 0.30703125 0.36171875 0.14140625 0.18125
1 0.47578125 0.5296875 0.14375 0.165625
1 0.47109375 0.359375 0.1484375 0.165625