1 0.190625 0.71015625 0.16875 0.221875
1 0.19140625 0.50859375 0.16875 0.1984375
1 0.74375 0.1234375 0.1609375 0.203125
1 0.9296875 0.71328125 0.140625 0.2109375
1 0.9265625 0.109375 0.146875 0.203125
1 0.7453125 0.51015625 0.165625 0.19375
1 0.92421875 0.50625 0.15 0.1875
1 0.3796875 0.5015625 0.16875 0.196875
1 0.75390625 0.7171875 0.159375 0.20625
1 0.3796875 0.7171875 0.165625 0.21875
1 0.19609375 0.10546875 0.1625 0.2109375
1 0.9234375 0.32421875 0.153125 0.2
1 0.56484375 0.71953125 0.165625 0.215625
1 0.38125 0.309375 0.171875 0.196875
1 0.55859375 0.13203125 0.159375 0.21875
1 0.184375 0.31640625 0.1703125 0.196875
1 0.37421875 0.1265625 0.1625 0.2234375
1 0.746875 0.325 0.15625 0.2
1 0.56015625 0.5109375 0.159375 0.184375
1 0.565625 0.32265625 0.165625 0.184375