1 0.7806248852345657 0.6643584109903332 0.17010221732199754 0.21118153361182798
1 0.783092545229617 0.4833949124732079 0.1674751843053107 0.19080536661563346
1 0.28947417853955953 0.173745270228774 0.16147084577069998 0.195238198630856
1 0.10415091644223025 0.7199875533463104 0.160235894391219 0.20142453163466173
1 0.1179676707376434 0.1737173898101571 0.16147084577069998 0.19523819863085595
1 0.28215084294562487 0.5217371012554134 0.16566702283992146 0.18605419961943923
1 0.11085237505780048 0.5326148873386991 0.16854636137453222 0.18149403361182798
1 0.6128209888071818 0.48955336505839664 0.16731140999505117 0.18768036661563361
1 0.27072094075248976 0.7100820182516077 0.15999023292582973 0.19673703163466155
1 0.6096163444159629 0.684579363575522 0.16845783016686777 0.20955536661563343
1 0.7849438087972842 0.12081399943134633 0.1635246687014785 0.2046768656270504
1 0.11640741350155417 0.36711722133108793 0.16755707146044047 0.19236786661563343
1 0.4420194086403141 0.6992042321683218 0.16829405585660825 0.20643036661563344
1 0.6148792130265843 0.31640236654127146 0.17199890999505135 0.18787136760421674
1 0.4565797913844298 0.16849540163597415 0.16064533016686777 0.20923703163466154
1 0.7921820194490194 0.30995741247320796 0.168873909995051 0.1877440336118279
1 0.6242586143152083 0.15230803304317425 0.1639341044771271 0.21248936562705034
1 0.28301838138937857 0.35643043623638526 0.15661957146044045 0.19192219764227278
1 0.4487618108334493 0.5110503161607106 0.15892569990914293 0.17642453163466154
1 0.4475312607425922 0.34115165163597416 0.16361319990914294 0.17661553262324467