1 0.3640625 0.90234375 0.30703125 0.1953125
1 0.61328125 0.29140625 0.2578125 0.21796875
1 0.12890625 0.78671875 0.24921875 0.253125
1 0.11328125 0.1375 0.2265625 0.2625
1 0.378125 0.22421875 0.26640625 0.3109375
1 0.26015625 0.46640625 0.27109375 0.2359375
1 0.74921875 0.76015625 0.27109375 0.26640625
1 0.86015625 0.4265625 0.26640625 0.2796875
1 0.50234375 0.5890625 0.2796875 0.2046875
1 0.07578125 0.34921875 0.15078125 0.221875
1 0.90390625 0.13671875 0.1921875 0.1828125
1 0.73359375 0.05546875 0.30703125 0.1109375