1 0.4690878792547303 0.8821874403892023 0.3450182979675713 0.21652782340579577
1 0.5790499686589692 0.2534944667980722 0.3029504699126104 0.27281253974053177
1 0.21542567016267253 0.8456869783156357 0.3007802161516867 0.30551591233587
1 0.10009224287386402 0.21469492786014865 0.19627457257817746 0.3081101442797027
1 0.335467453219563 0.24088537251052028 0.33067831630997124 0.3674355589778254
1 0.2727247269722394 0.5034969891154087 0.31916650329870533 0.29367067676384034
1 0.8151264903000746 0.6800668573647599 0.32628032132453627 0.3235764315731636
1 0.8438798637172289 0.33004700999716496 0.3122402725655423 0.33602186787083294
1 0.5366030220368168 0.5685763189749904 0.321473149379497 0.26565480416850207
1 0.08759355753448268 0.4301934422881189 0.1571833288463836 0.25211311542376225
1 0.8298670079175589 0.07422366216623402 0.22848401583511765 0.14844732433246804
1 0.6452275834652371 0.04235115798988277 0.3248301669304743 0.08470231597976555