1 0.1625 0.146875 0.275 0.284375
1 0.11953125 0.06484375 0.2390625 0.1296875
1 0.0453125 0.19453125 0.090625 0.15625
1 0.08203125 0.365625 0.1625 0.253125
1 0.30703125 0.26875 0.26875 0.3078125
1 0.2109375 0.23359375 0.13125 0.1625
1 0.396875 0.04296875 0.228125 0.0859375
1 0.51328125 0.14140625 0.328125 0.28125
1 0.79453125 0.09453125 0.2421875 0.1890625
1 0.93515625 0.23203125 0.1296875 0.4078125
1 0.759375 0.24609375 0.375 0.2625
1 0.665625 0.35546875 0.390625 0.2265625
1 0.72109375 0.55078125 0.390625 0.253125
1 0.915625 0.55390625 0.16875 0.321875
1 0.92421875 0.746875 0.15 0.1875
1 0.928125 0.8890625 0.14375 0.221875
1 0.74609375 0.78125 0.3953125 0.278125
1 0.7203125 0.91640625 0.3015625 0.1671875
1 0.56171875 0.83203125 0.290625 0.234375
1 0.42578125 0.83203125 0.203125 0.3359375
1 0.60390625 0.98359375 0.2109375 0.0328125
1 0.25078125 0.96171875 0.2765625 0.075
1 0.08984375 0.9703125 0.1796875 0.059375
1 0.05546875 0.88046875 0.1109375 0.2390625
1 0.17734375 0.73203125 0.26875 0.28125
1 0.28515625 0.70859375 0.1953125 0.240625
1 0.13984375 0.8078125 0.2796875 0.253125
1 0.08125 0.571875 0.1625 0.159375
1 0.3546875 0.571875 0.3171875 0.2609375
1 0.20859375 0.546875 0.1078125 0.265625
1 0.446875 0.46875 0.16875 0.346875