1 0.834375 0.140625 0.259375 0.26953125
1 0.88125 0.0625 0.2375 0.12421875
1 0.95078125 0.18515625 0.0984375 0.1484375
1 0.91640625 0.3484375 0.16640625 0.23984375
1 0.69765625 0.25546875 0.25390625 0.290625
1 0.78828125 0.22265625 0.1234375 0.15390625
1 0.61328125 0.04140625 0.2140625 0.0828125
1 0.503125 0.134375 0.3109375 0.26875
1 0.23828125 0.090625 0.228125 0.18046875
1 0.0828125 0.22109375 0.16484375 0.3859375
1 0.26953125 0.234375 0.3546875 0.2484375
1 0.3578125 0.3375 0.36953125 0.21484375
1 0.30546875 0.52265625 0.36953125 0.23984375
1 0.1203125 0.52578125 0.1625 0.30546875
1 0.0921875 0.70859375 0.184375 0.1765625
1 0.0890625 0.86953125 0.178125 0.2609375
1 0.28203125 0.740625 0.37421875 0.2625
1 0.30625 0.89453125 0.28515625 0.21015625
1 0.45625 0.7890625 0.275 0.221875
1 0.58671875 0.80390625 0.1921875 0.34609375
1 0.4171875 0.9578125 0.2 0.084375
1 0.75078125 0.9375 0.2609375 0.12421875
1 0.90859375 0.94453125 0.1828125 0.1078125
1 0.94140625 0.84375 0.1171875 0.24296875
1 0.8203125 0.69453125 0.25546875 0.265625
1 0.71875 0.67265625 0.184375 0.22734375
1 0.86171875 0.76640625 0.2765625 0.23984375
1 0.9171875 0.5421875 0.16484375 0.15
1 0.65234375 0.5421875 0.3 0.246875
1 0.790625 0.51875 0.10234375 0.2515625
1 0.565625 0.44453125 0.1609375 0.32734375