1 0.8671875 0.84453125 0.265625 0.2671875
1 0.9453125 0.8859375 0.109375 0.228125
1 0.82734375 0.95703125 0.1515625 0.0859375
1 0.6609375 0.921875 0.246875 0.15625
1 0.7546875 0.7046875 0.2984375 0.2609375
1 0.7890625 0.79765625 0.1578125 0.1265625
1 0.965625 0.61796875 0.06875 0.2203125
1 0.87109375 0.50390625 0.2578125 0.3203125
1 0.915625 0.23125 0.16875 0.234375
1 0.790625 0.07890625 0.3953125 0.15625
1 0.7765625 0.26484375 0.2546875 0.3640625
1 0.67109375 0.35546875 0.2203125 0.3796875
1 0.48125 0.3015625 0.246875 0.3796875
1 0.478125 0.1109375 0.3125 0.165625
1 0.290625 0.0890625 0.18125 0.178125
1 0.1296875 0.0859375 0.259375 0.171875
1 0.25703125 0.278125 0.26875 0.384375
1 0.10390625 0.30234375 0.20625 0.29375
1 0.2078125 0.45703125 0.228125 0.28125
1 0.19296875 0.590625 0.3546875 0.196875
1 0.03828125 0.415625 0.0765625 0.20625
1 0.059375 0.759375 0.11875 0.26875
1 0.0515625 0.9140625 0.103125 0.171875
1 0.15234375 0.94765625 0.25 0.1046875
1 0.3046875 0.83125 0.271875 0.2625
1 0.32734375 0.72578125 0.234375 0.190625
1 0.23203125 0.865625 0.246875 0.26875
1 0.4609375 0.92265625 0.153125 0.1546875
1 0.4609375 0.6578125 0.253125 0.309375
1 0.48515625 0.8 0.2578125 0.1046875
1 0.5609375 0.56875 0.3359375 0.165625