1 0.7438494730690287 0.11206007467733607 0.31542605386194256 0.22412014935467214
1 0.7732193313820892 0.03188165097622996 0.25981133723582167 0.06376330195245992
1 0.8682136688143025 0.08087450710502504 0.13066016842151917 0.16174901421005008
1 0.8703705455723233 0.2433751152657103 0.21720672247985356 0.2756387483751469
1 0.6362364400879331 0.20605989610826128 0.3144816982793568 0.346079707790068
1 0.7177909671171003 0.1522979220828436 0.15572380093507654 0.18082508035608363
1 0.5067676295866911 0.04187603409225717 0.2270897408266178 0.08375206818451433
1 0.42019834963065766 0.151819824270299 0.3658533007386847 0.303639648540598
1 0.15219323819433916 0.15748344318286667 0.26381810206654455 0.23114445454365712
1 0.07622615671405415 0.32053859659143336 0.1524523134281083 0.4151728068171333
1 0.21392055767257165 0.2892050016248531 0.40343511397040127 0.32888429951023745
1 0.32282740417997136 0.36776460389832927 0.4095123971478885 0.2993058936660387
1 0.31233429001317836 0.5601157451320313 0.41590784289316246 0.32441498782184014
1 0.13238771477940928 0.6077834521113205 0.22850783684303821 0.33832966314779933
1 0.14459175722847456 0.7927078770302425 0.21999537919390763 0.2178807954530475
1 0.17678156763152078 0.8991663827122853 0.2339487948849522 0.19937625730360073
1 0.3368474349215717 0.7776344817393508 0.4254191982793567 0.34801612905554224
1 0.3947821338882994 0.889892974028713 0.32619992739850956 0.2119228961016706
1 0.5180519831261736 0.7822832512211113 0.318805583916172 0.28366152840691894
1 0.64860709153743 0.7651621607187579 0.26783395725634696 0.3843240016215578
1 0.5171247665000526 0.9416582512211112 0.21463519262201594 0.10217397483619664
1 0.8379099651721928 0.8548171757362916 0.28385789129415606 0.1846240105500115
1 0.9435468868151655 0.8240699618571437 0.10397949375348432 0.14867505357072233
1 0.9566559408734999 0.7191642735455408 0.07965218032537606 0.263863676947517
1 0.847190558163551 0.6023370580415399 0.3002737525340827 0.32083424593951476
1 0.7487439678044714 0.6056177909954112 0.2327771803253757 0.26653648376465033
1 0.8710593293389858 0.6620705681878096 0.25171807786604783 0.2996762662320542
1 0.9067797024827691 0.4302205503309021 0.18231357201231546 0.18597623051823947
1 0.654862678478664 0.49554909010190684 0.3502283007386847 0.3138944991859258
1 0.7848637958669109 0.4393791363690287 0.15781354176169415 0.271477353895034
1 0.5490535608940255 0.4216224407505299 0.2317510115110732 0.35869671022569993