1 0.8242068875802542 0.17187319333768097 0.27341377516050824 0.27970473242220745
1 0.8658528709411627 0.09809324503309207 0.24420574188232536 0.12690506410140792
1 0.9428029289761118 0.2133051761741732 0.10577053327818291 0.15636562406898663
1 0.9135665322638855 0.37680259594271487 0.1728669354722289 0.25346325599585606
1 0.6933989926931041 0.2805311017336831 0.26929901947846524 0.3122989086008898
1 0.7818342012972461 0.24874175433871698 0.13087962743398443 0.16378001778268025
1 0.596816498782184 0.0691697626108846 0.21863299756436802 0.09292817038771417
1 0.4922301846581547 0.1595335893276863 0.32508536931630944 0.28835629445670075
1 0.22596425649282176 0.11044315611969054 0.2376750982129911 0.1999786910658786
1 0.08535466761202616 0.23894052956950457 0.16934565827653533 0.39975605913900913
1 0.26439728530677786 0.25508572208312524 0.36705468100470673 0.27782120884855893
1 0.3583166550301245 0.3585981739023708 0.3805444366867496 0.24566368031251162
1 0.3154957297041653 0.5439513229927481 0.38254331330995506 0.2707364549196175
1 0.13050312093786728 0.544702532050704 0.17886493425111766 0.31901548138875013
1 0.11261401176453223 0.7273138248547749 0.19381600405718977 0.1916910020669146
1 0.1168356818121904 0.8751819365177645 0.19186376623205442 0.24963612696447085
1 0.30368902515721286 0.7619735769216895 0.3876126428552598 0.2928297787409349
1 0.3351589878185448 0.8993514906943751 0.2958421542193455 0.2012970186112497
1 0.4802066607088721 0.8123482202210983 0.28684898376465034 0.24442220388616037
1 0.6116339387120492 0.8236441502262783 0.21085131980277688 0.3527116995474433
1 0.44951754260708326 0.9647453583532208 0.2046250446422686 0.0705092832935584
1 0.7818254821365019 0.9455962329389361 0.2679432508107789 0.1088075341221277
1 0.9232343173671449 0.955295545490158 0.1535313652657102 0.08940890901968394
1 0.9514626830333016 0.8721536372990437 0.09707463393339673 0.25196922249741005
1 0.8384946732907738 0.7220915171589986 0.2688626428552599 0.2872989086008898
1 0.7366048908233698 0.6986111676971178 0.19627853084255092 0.24332627667402046
1 0.8695444813290184 0.7933693577295392 0.26091103734196325 0.26266278163641915
1 0.9203200028393738 0.5692448070675853 0.15935999432125242 0.16403688296032684
1 0.6632747106294417 0.5671749230738014 0.3123126339268062 0.27214909759985384
1 0.8002837869283358 0.5454540884991168 0.11538308684890523 0.25985449710451575
1 0.5709996615229462 0.46842274586166166 0.17768426379642238 0.34081770678164425