1 0.28359375 0.321875 0.05390625 0.08203125
1 0.35859375 0.3265625 0.05625 0.0875
1 0.434375 0.32890625 0.0546875 0.08671875
1 0.509375 0.3296875 0.05390625 0.08828125
1 0.5828125 0.3296875 0.05703125 0.08828125
1 0.65703125 0.33046875 0.0578125 0.090625
1 0.73046875 0.3328125 0.0609375 0.08984375
1 0.2796875 0.44140625 0.06015625 0.08828125
1 0.35625 0.43984375 0.0578125 0.09453125
1 0.434375 0.44296875 0.05703125 0.09609375
1 0.50703125 0.44296875 0.05546875 0.0921875
1 0.58203125 0.44140625 0.05859375 0.10234375
1 0.65703125 0.44296875 0.06015625 0.09609375
1 0.7328125 0.45078125 0.0640625 0.09453125
1 0.275 0.5578125 0.06015625 0.084375
1 0.27578125 0.6796875 0.0609375 0.09609375
1 0.35703125 0.5609375 0.05625 0.09453125
1 0.35234375 0.67734375 0.0609375 0.09453125
1 0.43203125 0.675 0.06171875 0.0953125
1 0.43203125 0.55859375 0.05625 0.0984375
1 0.5078125 0.5609375 0.059375 0.09453125
1 0.50546875 0.67890625 0.0609375 0.09453125
1 0.5828125 0.5609375 0.06328125 0.1
1 0.58359375 0.6828125 0.06171875 0.1015625
1 0.6578125 0.565625 0.0625 0.0953125
1 0.6578125 0.68125 0.05625 0.09765625
1 0.73046875 0.565625 0.06328125 0.0953125
1 0.734375 0.684375 0.06015625 0.09140625
1 0.15078125 0.82109375 0.05859375 0.09140625