1 0.31566943025830946 0.2933023679583201 0.06660848997087018 0.0882454346753633
1 0.3895161072179135 0.3065103452816842 0.06991534639736088 0.09453179734245412
1 0.4648343559642723 0.3165751412715029 0.06830738229073816 0.09295111600890867
1 0.5393486226573198 0.32586777792809424 0.06679034639736088 0.0944954346753633
1 0.6130589072970558 0.3343882552514583 0.06996081050398359 0.09609429734245412
1 0.686769191936792 0.3429087325748224 0.07156877461060632 0.09767497867599957
1 0.759766422736462 0.35378205056495926 0.0746937746106063 0.09771134134309048
1 0.30035197030832184 0.4114892939608654 0.07308581050398359 0.09613066000954511
1 0.37714179084143523 0.4184109086171387 0.07170516693047428 0.10236247867599957
1 0.4548492536944167 0.43001093260663914 0.07170516693047428 0.10236247867599957
1 0.5269970383341528 0.4385495912635487 0.06848923871722903 0.09920111600890866
1 0.6014203768139549 0.44471722792014 0.0734949874635877 0.11019316000954507
1 0.6759573755603137 0.4547911145767314 0.074875631037097 0.10396134134309047
1 0.7506762307331631 0.4711150012333228 0.07795516693047429 0.10243520401018139
1 0.2849435821450889 0.5265512199634108 0.07294941818411545 0.09144316000954511
1 0.2744045504083467 0.6478086019653198 0.074875631037097 0.10396134134309047
1 0.36658002705138165 0.5388870406190476 0.07009720282385157 0.10078179734245403
1 0.3511716388881488 0.653948966621593 0.07483016693047428 0.10239884134309048
1 0.43030520942126216 0.660843309277548 0.07639266693047428 0.10241702267663584
1 0.4417846155311837 0.5450455866088664 0.07023359514371955 0.10546929734245403
1 0.5163443463308539 0.5559007232654576 0.07326766693047411 0.10238066000954511
1 0.5033251722742437 0.6724978772676848 0.0748301669304741 0.1023988413430903
1 0.5915943989172787 0.5636217692552763 0.07809155925034225 0.10712270401018138
1 0.5810553671805364 0.6848791512571853 0.07657452335696498 0.10866702267663583
1 0.6654410758768827 0.5768297465786404 0.07639266693047428 0.10241702267663584
1 0.6547201877136498 0.6918371285805494 0.070188131037097 0.10390679734245403
1 0.7383473784633076 0.5845780645687773 0.0779551669304741 0.10243520401018139
1 0.7308651505666313 0.7034553339035954 0.07317673871722885 0.09925566000954511
1 0.1366354289381612 0.7744540126511825 0.07161423871722894 0.09923747867599957