1 0.2453780498681594 0.37971291270858465 0.07085932028847228 0.0942280348257091
1 0.31981500541524277 0.37422755257724793 0.07412979065319458 0.10064180913596861
1 0.3951059461446872 0.36565813602347597 0.072530923062014 0.09899742198083886
1 0.468852570669722 0.3562255823145743 0.07256729065319441 0.10055992198083885
1 0.5410548789903469 0.3459298914505429 0.07569229065319441 0.10072369629109837
1 0.6148015035153817 0.33649733774164126 0.07576502583555574 0.10384869629109836
1 0.6877305104492359 0.32858634045517465 0.07889002583555574 0.10401247060135788
1 0.26138229673402735 0.49866430857014166 0.07885365824437507 0.10244997060135788
1 0.33674597264583295 0.48696989201636975 0.07740026101791671 0.10705558344622812
1 0.41438066337527746 0.47852330619529254 0.07743662860909732 0.10861808344622811
1 0.4857835379003121 0.4689679217536963 0.07423889342673622 0.10532930913596843
1 0.5596028976077079 0.4564103680447945 0.07914459897381967 0.11494997060135788
1 0.6333313383371524 0.4477590643358929 0.08059799620027785 0.11034435775648763
1 0.710057492497465 0.4447402849372507 0.08368662860909737 0.10894563206674701
1 0.2758785949866661 0.615190067276569 0.07718205547083343 0.09768058344622813
1 0.2973152242613536 0.7359905681810801 0.08059799620027785 0.11034435775648763
1 0.3574377195117009 0.6061669493433162 0.0758377610179167 0.10697369629109836
1 0.37271526776433966 0.7227336516273082 0.08056162860909737 0.10878185775648763
1 0.45047724506291614 0.7088183158062309 0.08056162860909737 0.10878185775648745
1 0.4312570792190968 0.5936093956344144 0.07594686379145839 0.11166119629109836
1 0.5065298361529509 0.5858212290806425 0.07899912860909737 0.10869997060135787
1 0.5241511344055898 0.7025107620973292 0.08056162860909737 0.10878185775648763
1 0.5803128282691662 0.5748261753717407 0.08383209897381949 0.11519563206674696
1 0.6017494575438536 0.695626676276252 0.0822695989738195 0.11511374491161738
1 0.6547497838162496 0.569340815240404 0.08216049620027785 0.11042624491161739
1 0.6747693834556592 0.6838094289897855 0.07591049620027786 0.11009869629109836
1 0.7269520921368746 0.5590451243763727 0.08216049620027785 0.11042624491161739
1 0.7508233903895134 0.6760622060135784 0.07892639342673621 0.10557497060135787
1 0.19822049477857565 0.8934954517181651 0.07736389342673622 0.10549308344622829