1 0.25625 0.29921875 0.2203125 0.2828125
1 0.2609375 0.6359375 0.2046875 0.24375
1 0.4 0.35 0.1921875 0.2734375
1 0.4296875 0.14296875 0.1890625 0.25625
1 0.6875 0.3109375 0.203125 0.234375
1 0.15859375 0.525 0.25625 0.25625
1 0.47578125 0.73671875 0.165625 0.225
1 0.678125 0.52734375 0.15625 0.2203125
1 0.88984375 0.46640625 0.184375 0.21875
1 0.52890625 0.41171875 0.190625 0.2625
1 0.78828125 0.42265625 0.146875 0.221875
1 0.615625 0.70546875 0.16875 0.2046875
1 0.55859375 0.14765625 0.1921875 0.246875
1 0.3453125 0.7171875 0.2171875 0.2546875
1 0.784375 0.85859375 0.203125 0.0875
1 0.82890625 0.27734375 0.1609375 0.18125
1 0.82890625 0.65390625 0.14375 0.1875
1 0.66640625 0.153125 0.121875 0.1390625
1 0.64453125 0.809375 0.2125 0.2328125
1 0.4515625 0.8796875 0.240625 0.1828125
1 0.4078125 0.50859375 0.2421875 0.209375
1 0.80703125 0.778125 0.178125 0.1640625
1 0.73984375 0.590625 0.140625 0.225
1 0.90078125 0.6390625 0.1375 0.1578125
1 0.5546875 0.57421875 0.159375 0.171875
1 0.87734375 0.35390625 0.1125 0.1
1 0.5328125 0.04765625 0.246875 0.0953125
1 0.925 0.50078125 0.096875 0.1375