1 0.7011797246736877 0.6909844736150853 0.33480652645796616 0.28215357548481973
1 0.3768547540723299 0.7619558981302655 0.29287133197589005 0.25644446347211075
1 0.625658503506503 0.5653338628201925 0.3176256705105008 0.2521933400953163
1 0.8195556676854258 0.49130384780265873 0.30167312188998174 0.24567060470581287
1 0.6099703850074232 0.28277077881066087 0.2848950576656307 0.25318309577735915
1 0.5028163885139262 0.8353133518631438 0.32065549525030157 0.3100058400953163
1 0.2386564704898162 0.5789097986994585 0.26417976594251646 0.21535581330995512
1 0.4029114795349277 0.3393678319776415 0.257438443011738 0.20587171915415362
1 0.42124315694283343 0.12386556290291799 0.26351802464894375 0.23251603977100474
1 0.542205273632891 0.45674802110002305 0.3080050090451115 0.24734219886161424
1 0.48392686341069713 0.21097582507778262 0.25538462008095947 0.19646944561520335
1 0.243641620873929 0.439025138391033 0.24526599163225704 0.21190353084255098
1 0.7907456722079814 0.36959644317627605 0.29386062188998174 0.24553423701106122
1 0.28243304669995506 0.6985325519458694 0.30775270352718753 0.2723149253226639
1 0.06774468170534856 0.3107795872559425 0.13548936341069712 0.2163534772718286
1 0.6158596161242306 0.14055600527171047 0.221173394391219 0.19899442775829587
1 0.2525982982818348 0.22335922808260747 0.22035452283992144 0.18336942775829587
1 0.7648183372914154 0.2674884723972693 0.1687167797373265 0.151246674511885
1 0.14010382095241408 0.43404553774240984 0.28020764190482816 0.26099559577735915
1 0.11475526091193433 0.6336909817360554 0.22951052182386866 0.27591148376465036
1 0.47171795398147276 0.5931434427725343 0.2709078007682256 0.2841603603878557
1 0.13747790931768267 0.271395533278183 0.207765991632257 0.21124896590774284
1 0.33098556987856076 0.2943223388775003 0.2582639586155702 0.19183649269310407
1 0.2540213574178033 0.15144331777418193 0.19165631275401324 0.17194100405718976
1 0.380571732814288 0.467220096588138 0.2100721200809595 0.19567851298564348
1 0.5329585849165661 0.11095823416839212 0.12875352103089915 0.13337733603812651
1 0.898721946518241 0.3683533173638495 0.17946392921692791 0.26695349512873606
1 0.38192835142490955 0.09815645089020915 0.15967597241038015 0.12767280681713333