1 0.75 0.67578125 0.2359375 0.303125
1 0.7453125 0.315625 0.21875 0.259375
1 0.59609375 0.62109375 0.20625 0.2921875
1 0.56484375 0.84296875 0.203125 0.275
1 0.28828125 0.66328125 0.215625 0.2515625
1 0.85546875 0.43515625 0.275 0.275
1 0.515625 0.2078125 0.1765625 0.240625
1 0.2984375 0.43203125 0.16875 0.234375
1 0.0859375 0.496875 0.171875 0.2328125
1 0.45859375 0.55546875 0.203125 0.28125
1 0.18125 0.54453125 0.15625 0.2359375
1 0.36640625 0.2421875 0.18125 0.21875
1 0.4265625 0.83828125 0.20625 0.2640625
1 0.6546875 0.2296875 0.23125 0.271875
1 0.18515625 0.078125 0.2171875 0.09375
1 0.1375 0.69921875 0.171875 0.1953125
1 0.1375 0.296875 0.153125 0.2
1 0.3109375 0.83203125 0.13125 0.1484375
1 0.33515625 0.13046875 0.228125 0.2484375
1 0.540625 0.0765625 0.25625 0.153125
1 0.58828125 0.45234375 0.259375 0.2234375
1 0.1609375 0.1640625 0.190625 0.175
1 0.2328125 0.3640625 0.1515625 0.240625
1 0.0671875 0.31171875 0.134375 0.16875
1 0.43046875 0.38203125 0.16875 0.184375
1 0.0859375 0.6171875 0.1203125 0.1078125
1 0.4546875 0.946875 0.265625 0.10625
1 0.04296875 0.46015625 0.0859375 0.146875