0 0.4852768330781677 0.794335086728179 0.09482702174882984 0.10417951734563573
0 0.5105394768426574 0.6860867820655425 0.07553319368794006 0.12894316000954512
0 0.41637959444687417 0.8474140860518613 0.0952090237259963 0.11355451734563574
0 0.36767283900966674 0.8210783053787253 0.07738485376405232 0.09772952267663584
0 0.38427274859148736 0.7876936407144978 0.15487318380210838 0.0830135893539083
0 0.4333814106447658 0.7664004433879521 0.1279923488211363 0.07489200668363552
0 0.3671834076790163 0.7515743273790434 0.13774935079830275 0.08437609468490823
0 0.4161329022418089 0.7263748800524976 0.11243101581733086 0.07627269334818117
0 0.4811994867284892 0.7325981553946336 0.11418451680591399 0.08097837468172653
0 0.47827878068325946 0.54593394939527 0.05340884288963732 0.045912484006999675
0 0.4784671230786053 0.5888845180617245 0.09122717787060922 0.05416133601209037
0 0.47846446448536784 0.627147586728179 0.052037343878220454 0.050581802673454135
0 0.43583129551200706 0.615719190722452 0.04247134288963732 0.04578521467218159