1 0.76171875 0.18828125 0.375 0.23671875
1 0.49140625 0.15546875 0.375 0.31015625
1 0.10234375 0.0890625 0.2046875 0.178125
1 0.10234375 0.315625 0.2046875 0.33203125
1 0.3484375 0.375 0.36171875 0.26484375
1 0.675 0.47890625 0.65 0.39453125
1 0.8328125 0.61796875 0.334375 0.2515625
1 0.69296875 0.80625 0.6140625 0.265625
1 0.55390625 0.92890625 0.721875 0.1421875
1 0.22109375 0.8453125 0.4421875 0.26875
1 0.2609375 0.66328125 0.409375 0.18359375
1 0.18359375 0.51953125 0.36640625 0.19140625
1 0.26875 0.0609375 0.278125 0.121875