1 0.7578125 0.34140625 0.209375 0.13125
1 0.49453125 0.26015625 0.209375 0.1328125
1 0.7578125 0.5046875 0.21875 0.128125
1 0.49453125 0.4203125 0.2125 0.125
1 0.22890625 0.17890625 0.2125 0.153125
1 0.49453125 0.58828125 0.234375 0.1328125
1 0.76796875 0.17734375 0.25 0.14375
1 0.23671875 0.5046875 0.209375 0.1375
1 0.49765625 0.74609375 0.25 0.134375
1 0.234375 0.3421875 0.209375 0.1328125
1 0.23671875 0.6640625 0.240625 0.15
1 0.76796875 0.8421875 0.259375 0.15
1 0.76015625 0.66171875 0.259375 0.1328125