1 0.75546875 0.665625 0.20625 0.1296875
1 0.49453125 0.74609375 0.20625 0.13125
1 0.75546875 0.50234375 0.215625 0.128125
1 0.49453125 0.58671875 0.2125 0.125
1 0.23203125 0.82734375 0.2125 0.153125
1 0.49453125 0.41875 0.23125 0.13125
1 0.765625 0.828125 0.246875 0.1421875
1 0.23984375 0.50234375 0.20625 0.1375
1 0.49765625 0.2625 0.246875 0.134375
1 0.2375 0.6640625 0.20625 0.1328125
1 0.23984375 0.34453125 0.2375 0.15
1 0.765625 0.16640625 0.2578125 0.15
1 0.7578125 0.346875 0.2578125 0.13125