1 0.3390625 0.74140625 0.12421875 0.196875
1 0.26171875 0.49296875 0.1265625 0.196875
1 0.4953125 0.74140625 0.121875 0.20703125
1 0.4140625 0.49296875 0.11953125 0.20234375
1 0.184375 0.24140625 0.1453125 0.20234375
1 0.575 0.49296875 0.1265625 0.221875
1 0.1828125 0.7515625 0.1359375 0.23671875
1 0.4953125 0.2484375 0.13125 0.196875
1 0.725 0.4953125 0.12890625 0.23671875
1 0.340625 0.24609375 0.1265625 0.196875
1 0.646875 0.2484375 0.14296875 0.2265625
1 0.8171875 0.7515625 0.14296875 0.24609375
1 0.64453125 0.74375 0.1265625 0.24609375