0 0.70703125 0.6203125 0.12890625 0.1203125
0 0.7203125 0.7359375 0.0890625 0.12890625
0 0.68671875 0.4046875 0.09296875 0.12421875
0 0.91328125 0.6640625 0.10703125 0.12421875
0 0.1890625 0.5640625 0.084375 0.13359375
0 0.38671875 0.5734375 0.0890625 0.1421875
0 0.72890625 0.51328125 0.1375 0.0796875
0 0.484375 0.39765625 0.084375 0.12890625
0 0.2890625 0.56875 0.084375 0.1421875
0 0.73984375 0.43984375 0.1203125 0.10703125
0 0.39296875 0.39765625 0.0796875 0.13359375
0 0.20234375 0.39296875 0.0890625 0.1375
0 0.70859375 0.5625 0.12421875 0.07578125
0 0.48203125 0.57578125 0.0890625 0.146875
0 0.584375 0.40859375 0.084375 0.12890625
0 0.58203125 0.57109375 0.0890625 0.1375
0 0.82890625 0.73359375 0.084375 0.1203125
0 0.3 0.3953125 0.0890625 0.12890625
0 0.82421875 0.65078125 0.13359375 0.07109375
0 0.76640625 0.73125 0.0796875 0.12421875
0 0.8203125 0.55078125 0.13359375 0.10234375
0 0.821875 0.60234375 0.1421875 0.06640625