0 0.7123118510827214 0.5745531525106417 0.15739862602253202 0.1477658551898026
0 0.7481691315658223 0.6849366614876321 0.11985316191590929 0.14598518657189175
0 0.649540381103604 0.36868442671113844 0.12288723370266404 0.14287836729005096
0 0.9202380113492781 0.5718559202682308 0.13079066191590946 0.14604881908544912
0 0.19332851887112548 0.6332629936552883 0.11681909012915473 0.14909200585373253
0 0.3888827112701358 0.5992384933607007 0.12334187476889076 0.15850336729005096
0 0.7123466064929977 0.46594122179248243 0.15469952335696496 0.10869426483072289
0 0.44996627843803694 0.40659245110802705 0.1151656619159093 0.1459579154946528
0 0.29228885609728633 0.6158669362773042 0.11865437476889076 0.15847609621281222
0 0.7090374015575751 0.39169065553570376 0.1444439849563052 0.13206813231716552
0 0.36031274505194205 0.42638680064048884 0.11213159012915472 0.1490647347764936
0 0.17248012443968638 0.46358175273047453 0.12168844655564541 0.15536927693097127
0 0.7022298089211378 0.5182349748175445 0.14045516693047427 0.1023624515990063
0 0.48239703054960803 0.5810293697259379 0.12504076708875883 0.16319995764913067
0 0.5503072592377071 0.39545548408912257 0.1151656619159093 0.1459579154946528
0 0.580067652415505 0.5542492219888742 0.12168844655564541 0.15536927693097127
0 0.853629521378408 0.6589832155459665 0.11333037727617316 0.1365738251355733
0 0.2683609257724699 0.4446050146343312 0.11985316191590938 0.1459851865718917
0 0.8332919408161648 0.5791639053393121 0.1497847028238514 0.10085449375348396
0 0.792351040578738 0.6703474415418614 0.1102963054894186 0.13968064441741407
0 0.8095482154267708 0.48213436923495856 0.15689852084968264 0.1305783551898026
0 0.8213746140148451 0.5322116372871353 0.15594377461060632 0.09776585518980259