0 0.3375 0.25703125 0.13125 0.140625
0 0.2109375 0.24296875 0.140625 0.096875
0 0.57265625 0.27890625 0.1359375 0.1015625
0 0.29140625 0.04609375 0.1359375 0.0921875
0 0.3984375 0.82265625 0.1453125 0.0921875
0 0.38828125 0.60703125 0.15625 0.096875
0 0.45390625 0.2328125 0.0875 0.15
0 0.58046875 0.5 0.140625 0.0921875
0 0.39296875 0.71328125 0.15625 0.0921875
0 0.53359375 0.22109375 0.115625 0.13125
0 0.58046875 0.59921875 0.1453125 0.0875
0 0.58515625 0.80859375 0.15 0.096875
0 0.40078125 0.2546875 0.0828125 0.1359375
0 0.3859375 0.50234375 0.159375 0.096875
0 0.56796875 0.390625 0.140625 0.0921875
0 0.390625 0.39296875 0.15 0.096875
0 0.21328125 0.1234375 0.13125 0.0921875
0 0.5828125 0.7015625 0.140625 0.096875
0 0.303125 0.12890625 0.078125 0.1453125
0 0.21640625 0.19140625 0.1359375 0.0875
0 0.4125 0.13359375 0.1125 0.1453125
0 0.35703125 0.13125 0.071875 0.15625