0 0.125 0.69921875 0.1875 0.2265625
0 0.2171875 0.59765625 0.1875 0.2265625
0 0.28203125 0.46484375 0.15 0.203125
0 0.10390625 0.36328125 0.18125 0.1796875
0 0.0453125 0.47265625 0.090625 0.1796875
0 0.41796875 0.59765625 0.1359375 0.2
0 0.55390625 0.65 0.15 0.2
0 0.44921875 0.8421875 0.2125 0.253125
0 0.5953125 0.91015625 0.15625 0.1796875
0 0.6953125 0.728125 0.134375 0.234375
0 0.86484375 0.7875 0.1515625 0.2265625
0 0.7765625 0.953125 0.128125 0.09375
0 0.96796875 0.86875 0.0625 0.20625
0 0.62734375 0.41796875 0.19375 0.2375
0 0.66796875 0.3109375 0.171875 0.2
0 0.721875 0.225 0.1578125 0.215625
0 0.7671875 0.15 0.1734375 0.1953125
0 0.8015625 0.0796875 0.1140625 0.153125
0 0.859375 0.53125 0.20625 0.2421875
0 0.89140625 0.3921875 0.19375 0.16875
0 0.9265625 0.3125 0.146875 0.1640625
0 0.93984375 0.24375 0.1203125 0.159375
0 0.94375 0.146875 0.1125 0.128125