0 0.8942241310486647 0.65703125 0.21155173790267065 0.234375
0 0.7932928923550542 0.57265625 0.2138455732694627 0.234375
0 0.7105479121427578 0.4546875 0.1750353787873868 0.209375
0 0.8599160690855913 0.33828125 0.2021777329258299 0.190625
0 0.9370506999091429 0.4328125 0.12589860018171423 0.184375
0 0.6054177561044355 0.5953125 0.1622078301668676 0.203125
0 0.486200766619885 0.6609375 0.17478971732199752 0.2046875
0 0.6153161357963334 0.82890625 0.24352642921692808 0.2640625
0 0.4913264371303859 0.9078125 0.1784126843053107 0.184375
0 0.3666905280398458 0.75078125 0.16548996042459246 0.2359375
0 0.21749611148607384 0.82578125 0.18086929895920328 0.23125
0 0.32762246324966765 0.959375 0.13707063206674713 0.08125
0 0.1295257999752561 0.90625 0.10201395861557021 0.1875
0 0.37909319425493343 0.45078125 0.22231317051050076 0.246875
0 0.3232349406368888 0.35390625 0.19526599163225705 0.2078125
0 0.2584078007682256 0.2796875 0.184983588873295 0.2203125
0 0.20344698383034085 0.21484375 0.19658283016686776 0.203125
0 0.16036869120271569 0.153125 0.13318871551297523 0.15625
0 0.17984454601852723 0.584375 0.23505883197589003 0.2515625
0 0.12785824287545242 0.45703125 0.21106140999505124 0.18125
0 0.08983926447217847 0.3875 0.14807008706427272 0.171875
0 0.07007564111185863 0.3234375 0.11493003844375368 0.165625
0 0.05447057326946277 0.234375 0.09141729534115865 0.134375