1 0.366953963138126 0.29430050935435914 0.26861496042459254 0.24637888737588023
1 0.34012138398731107 0.768276520228774 0.3029014292169281 0.2758408942959626
1 0.7505045267966504 0.4720528472638995 0.3043820420617983 0.2743420612921568
1 0.3510744148562913 0.514164681787761 0.2912269448207603 0.2613327253226016
1 0.7368636714150119 0.24164776426009396 0.28308689620024124 0.25476439034162973
1 0.7569846573930594 0.7301518487467743 0.30355652645796616 0.28834089429596244
1 0.30895767243106476 0.9355250286317311 0.31190021370395293 0.12029123125410095
1 0.9266947150607197 0.3461575562376978 0.14661056987856078 0.19718270060802237
1 0.07447097127872639 0.5246524901141683 0.10177494120271569 0.1569450197716634
1 0.04651198835289665 0.33475966057040374 0.06714763568479172 0.18048067885919253
1 0.17341092378986117 0.11193763140720012 0.17858974672063965 0.1351283695813831