1 0.4393228459365967 0.6027742814348072 0.302292464665139 0.18126544662978256
1 0.6283496315557981 0.560875629241672 0.19437086189159736 0.17092773292582972
1 0.5562220180486801 0.47492151911033514 0.28983013867708357 0.24927846223361488
1 0.23626992790857587 0.6438474180241099 0.2997493461240279 0.20610167231952303
1 0.13546014884197893 0.5754017124607576 0.27092029768395787 0.158571575078485
1 0.7031710596518053 0.39699351368326824 0.08804682028847229 0.09512879353213641
1 0.3457033985576385 0.43445472863041656 0.2748571424768057 0.14237336499257686
1 0.27938676111482597 0.5011342955683012 0.2841230397032639 0.1381771879233554
1 0.11319871666190931 0.5004802775896199 0.1920446424768057 0.13803334577069998
1 0.038567618256770644 0.485988409656367 0.07713523651354129 0.09052318068726599
1 0.42402646067798566 0.5224250401412344 0.19952983415618064 0.12438028154634875
1 0.4736088865897912 0.5042205947546472 0.141608231382639 0.11666295680654795
1 0.6478120656357288 0.36166020126793935 0.1636650693385418 0.12562187697836444
1 0.6006649619122566 0.3422827594993968 0.12685605357097246 0.1533440852552504
1 0.7148729322769789 0.33005499717492487 0.10854115824437507 0.10400582654882315
1 0.6530282021286109 0.2716526769576798 0.19436955547083343 0.10382212008095948