1 0.56328125 0.6546875 0.315625 0.146875
1 0.3609375 0.59453125 0.19375 0.15625
1 0.45390625 0.50546875 0.290625 0.225
1 0.78125 0.715625 0.3078125 0.175
1 0.88125 0.65 0.2375 0.121875
1 0.303125 0.40859375 0.084375 0.090625
1 0.69375 0.478125 0.290625 0.10625
1 0.75703125 0.55546875 0.3 0.1
1 0.921875 0.56640625 0.15625 0.1171875
1 0.5921875 0.5671875 0.20625 0.1
1 0.540625 0.54453125 0.1421875 0.1046875
1 0.37109375 0.375 0.165625 0.1109375
1 0.4265625 0.35703125 0.1203125 0.1484375
1 0.3015625 0.334375 0.10625 0.096875
1 0.3796875 0.27578125 0.2046875 0.078125