1 0.46953125 0.63125 0.28515625 0.13203125
1 0.65234375 0.5765625 0.175 0.14140625
1 0.56796875 0.49609375 0.26171875 0.2046875
1 0.27265625 0.6859375 0.278125 0.15859375
1 0.146875 0.62734375 0.28671875 0.11015625
1 0.70390625 0.40859375 0.0765625 0.08125
1 0.3515625 0.47109375 0.26171875 0.096875
1 0.29453125 0.54140625 0.271875 0.09140625
1 0.12890625 0.55234375 0.1765625 0.10703125
1 0.04296875 0.54453125 0.0859375 0.0765625
1 0.44296875 0.55234375 0.18671875 0.09140625
1 0.48984375 0.53125 0.128125 0.09453125
1 0.64296875 0.378125 0.15 0.1
1 0.59296875 0.36171875 0.10859375 0.134375
1 0.70546875 0.34140625 0.096875 0.0875
1 0.63515625 0.28828125 0.18515625 0.07109375