1 0.4641773755718745 0.6216658333031593 0.29727765634451403 0.15839960714194473
1 0.6438661819926385 0.5503324279085758 0.18793902393569456 0.15741637575930573
1 0.5557498925737148 0.47820481440145785 0.28016419794763897 0.228275696047778
1 0.26960845155992996 0.6949072308139581 0.2932084053945835 0.1848530043684029
1 0.14473448475585043 0.6479257408819443 0.28946896951170087 0.13652460714194453
1 0.6876921832269094 0.37831130433347165 0.08481271751493065 0.0878649823325695
1 0.3387987819163885 0.4731036595755553 0.2698787017473611 0.12184385809187522
1 0.284727571335312 0.5485407238801039 0.280670731382639 0.11584843123013915
1 0.12013774126319395 0.5750155709540624 0.18713893692972233 0.12304137575930571
1 0.03986580001032964 0.5754714722645833 0.07973160002065928 0.08492182028847228
1 0.4339281375397217 0.5458488689223607 0.19462412860909734 0.1091607137152085
1 0.4798043352030204 0.5205754587781246 0.1367752610179167 0.10625261284152784
1 0.6257922484813886 0.35398475798069395 0.1588320989738195 0.11457425911805572
1 0.5745388730064234 0.3419036384896523 0.12049695079743064 0.14491506933854179
1 0.6861309896476733 0.3111965395158328 0.10530705547083344 0.09615026101791671
1 0.6138027011786804 0.2652495663013189 0.19102634992375017 0.08877547853284735