1 0.6411184962869849 0.3804085523190928 0.07641865626060226 0.04411818114108117
1 0.5518203833102935 0.3689680922276796 0.07620040145127885 0.03786818114108117
1 0.4598684962869849 0.3888504067433723 0.08105159255827132 0.04277400496239867
1 0.5157638322218343 0.3963867708875614 0.07011409255827132 0.04226458271265772
1 0.3782811903892024 0.42462954900932387 0.07162202885594056 0.04077485731976367
1 0.4345311903892024 0.42200966315351307 0.06391865626060227 0.04353598428423435
1 0.3216765263240518 0.43740568486513476 0.07162202885594056 0.04077485731976367
1 0.3366467618960815 0.4554279387940762 0.051364092558271325 0.041391287427387444
1 0.2886631296820964 0.4670225643108049 0.07480159255827132 0.04248290653397539
1 0.3879637252355927 0.46005762675958295 0.05443452885594056 0.039974336641599176
1 0.4460490437472469 0.44955246629666623 0.06698909255827132 0.0421190334984459
1 0.49530499928220983 0.4238589534763847 0.06849702885594056 0.040629308105551945
1 0.5892732540915333 0.41324247705003325 0.06213790145127884 0.03721320967712845
1 0.5462945804077359 0.4378636414418914 0.0683333377489479 0.03594180810555194
1 0.649746962621721 0.4236855173729047 0.0542708377489479 0.03528683664159917
1 0.7531447811333752 0.41106989330391813 0.06693452885594056 0.04055653349844594
1 0.7915797985565705 0.4272192781262717 0.0716765925582715 0.042337357319763666
1 0.7134820804077358 0.4300767584815646 0.05901290145127884 0.03706766046291676
1 0.672420570789089 0.44446889826631686 0.06375496515360979 0.038848484284234354
1 0.7289880293192768 0.45509387510695304 0.06984127404661714 0.03445208271265763
1 0.7842930882122842 0.4571978765546952 0.0686061562606021 0.04375430810555194
1 0.6953843556354793 0.47927839185617616 0.07485615626060209 0.044045406533975394
1 0.6323213604448027 0.47597576344396336 0.06380952885594056 0.040410984284234175
1 0.6044245389379235 0.44841584367542175 0.06542659255827132 0.04204625889134021
1 0.5305505293192767 0.46433625020939695 0.06046627404661713 0.03401543507002262
1 0.4670783063611187 0.47275237179718416 0.05421627404661713 0.033724336641599
1 0.5051413015517954 0.4772193939230907 0.06698909255827132 0.042119033498446076
1 0.44371272823081753 0.4941201036002191 0.057395837748947895 0.035432385855810725
1 0.4144617378494644 0.4830028211352305 0.06364583774894794 0.03572348428423418
1 0.383392787123825 0.5016094259737947 0.06386409255827141 0.04197348428423435
1 0.3574304878494644 0.48565909429459425 0.05120040145127884 0.036703787427387446
1 0.31655995118897556 0.4945824840793465 0.06548115626060227 0.043608758891340214
1 0.258583760081983 0.5019626445422632 0.06386409255827141 0.041973484284234176
1 0.20483127750517816 0.5224057311838625 0.06391865626060227 0.04353598428423418
1 0.22586054011904988 0.5456056366843803 0.0731299651536097 0.03928513192686935
1 0.2545212534585611 0.551290556452922 0.060684528855940556 0.04026543507002245
1 0.2866988363981856 0.5232725643108049 0.05901290145127884 0.03706766046291676
1 0.3043674860353659 0.5310294063290876 0.06860615626060226 0.04375430810555194
1 0.3438392138028473 0.5174912911514411 0.06704365626060227 0.043681533498445904
1 0.5737548922959681 0.477923561210433 0.07022321996293304 0.045389582712657625
1 0.7964557823145016 0.4886105423942954 0.07485615626060209 0.044045406533975394
1 0.7180034001005164 0.5016242727495882 0.07501984736759475 0.0487329065339754
1 0.680094172333035 0.5150896133201288 0.06709821996293322 0.0452440334984459
1 0.6454835593563436 0.5011020419800106 0.0667708377489479 0.03586903349844608
1 0.5957464541842004 0.5182381921038451 0.08272321996293322 0.04597177956950453
1 0.5610812775051782 0.5058131207637269 0.06375496515360979 0.038848484284234173
1 0.520892787123825 0.49520526054847913 0.0683333377489479 0.03594180810555194
1 0.6158605136253621 0.7239958864794926 0.10040179328391083 0.06083480024766903
1 0.6234299661651 0.6635849253546221 0.09722222958158007 0.059126751033457305
1 0.462284135039574 0.6547108471900783 0.08466766587924912 0.05698205417661058
1 0.2506645887604383 0.6840666691493691 0.08132441106992569 0.050586504962398846
1 0.3864582450210406 0.6371830529382654 0.07669147477225655 0.051930681141081084
1 0.23060754910472453 0.6553616263452982 0.0908085384745874 0.05414815260503385
1 0.24584316870483797 0.6211129048813454 0.07981647477225655 0.05207623035529281
1 0.3292732275978454 0.621906963401182 0.07529266587924913 0.0565454065339754
1 0.18509664166299594 0.6184823645584739 0.08283234736759484 0.049096779569504534
1 0.5206422720628826 0.6363931867271616 0.08612103847458741 0.05392982878371626
1 0.5760118183420182 0.6143148254784567 0.07663691106992569 0.05036818114108108
1 0.6261581512816428 0.5854599253546221 0.07965278366526399 0.047388730355292806
1 0.5164284872164921 0.6007103978520322 0.08126984736759475 0.04902400496239885
1 0.4525743183420182 0.6200640194398194 0.08902778366526398 0.047825377997927986
1 0.45034961943047735 0.5944283186540311 0.08255952885594056 0.041284279569504534
1 0.3900296783234848 0.6019176410276066 0.07652778366526398 0.04724318114108108
1 0.20367551607243276 0.5778380938803094 0.0768006021769182 0.05505568114108108
1 0.25482878830495137 0.5871552818458161 0.08444941106992569 0.05073205417661057
1 0.29220230273292164 0.5666950785788285 0.06079365626060227 0.043390435070022625
1 0.35421122941194394 0.5778465942945943 0.0798710384745874 0.053638730355292805
1 0.43010160681660564 0.5711920258499601 0.08573909255827132 0.04299232878371626
1 0.4903124205189364 0.5668277034763847 0.08126984736759475 0.04902400496239885
1 0.5479339475607785 0.5696037930134679 0.08121528366526398 0.04746150496239867
1 0.6630777979235982 0.5556611093911874 0.08121528366526398 0.04746150496239885
1 0.7214359349469067 0.5373434489282707 0.07970734736759474 0.04895123035529281
1 0.6413218490120574 0.5309350911942223 0.06709821996293322 0.0452440334984459
1 0.6008506164352525 0.5507595936754217 0.07669147477225664 0.051930681141081084
1 0.5189557756910796 0.5506740105484791 0.07803571996293321 0.04575345574818712
1 0.5498883171608918 0.535973655709915 0.08283234736759475 0.049096779569504534
1 0.45600190790506473 0.5442463821362664 0.08261409255827132 0.042846779569504535
1 0.38558028050040305 0.55064623945603 0.08126984736759484 0.04902400496239867
1 0.3451462534585611 0.5470696292407823 0.07496528366526398 0.0471704065339754
1 0.40749248603536586 0.5262262822601009 0.0591765925582715 0.04175516046291676
1 0.4398511182493511 0.5153594028144308 0.07792659255827132 0.04262845574818712
1 0.4694022089935238 0.5178829352794196 0.06844246515360979 0.039066808105551944
1 0.5045857408446893 0.5154642566195378 0.07652778366526398 0.04724318114108108
1 0.29738831053746995 0.5968727301504051 0.06893353847458741 0.05312930810555194