1 0.66015625 0.41953125 0.07265625 0.0375
1 0.57109375 0.39921875 0.07421875 0.03046875
1 0.47890625 0.409375 0.07734375 0.03515625
1 0.534375 0.42265625 0.06640625 0.03515625
1 0.396875 0.4375 0.06796875 0.03359375
1 0.453125 0.440625 0.0609375 0.03671875
1 0.33984375 0.44453125 0.06796875 0.03359375
1 0.3546875 0.4640625 0.04765625 0.03671875
1 0.30703125 0.47109375 0.07109375 0.03515625
1 0.40625 0.47421875 0.0515625 0.03515625
1 0.4640625 0.46953125 0.0640625 0.03515625
1 0.51328125 0.4484375 0.06484375 0.03359375
1 0.6078125 0.446875 0.059375 0.03203125
1 0.5640625 0.4671875 0.06640625 0.0296875
1 0.66796875 0.46328125 0.0515625 0.03046875
1 0.77109375 0.4609375 0.0640625 0.03359375
1 0.809375 0.48125 0.06796875 0.03515625
1 0.73125 0.47578125 0.05625 0.03203125
1 0.68984375 0.48671875 0.0609375 0.03203125
1 0.74609375 0.50234375 0.06796875 0.02734375
1 0.8015625 0.51015625 0.06484375 0.03671875
1 0.7125 0.5234375 0.07109375 0.03671875
1 0.64921875 0.5140625 0.0609375 0.03359375
1 0.621875 0.48359375 0.0625 0.0359375
1 0.5484375 0.4921875 0.0578125 0.02890625
1 0.484375 0.49453125 0.0515625 0.028125
1 0.52265625 0.503125 0.0640625 0.03515625
1 0.4609375 0.51328125 0.0546875 0.0296875
1 0.43203125 0.49921875 0.0609375 0.02890625
1 0.40078125 0.51484375 0.0609375 0.03515625
1 0.375 0.496875 0.04765625 0.03203125
1 0.334375 0.5015625 0.0625 0.0375
1 0.27578125 0.503125 0.0609375 0.0359375
1 0.221875 0.51796875 0.0609375 0.03671875
1 0.24296875 0.54375 0.06953125 0.03203125
1 0.27109375 0.55234375 0.0578125 0.03515625
1 0.30390625 0.52734375 0.05625 0.03203125
1 0.32109375 0.53671875 0.06484375 0.0375
1 0.3609375 0.52734375 0.0640625 0.03671875
1 0.590625 0.51015625 0.06640625 0.0390625
1 0.81328125 0.54296875 0.07109375 0.0375
1 0.734375 0.5484375 0.07109375 0.04140625
1 0.69609375 0.5578125 0.0640625 0.0390625
1 0.6625 0.540625 0.0640625 0.0296875
1 0.6125 0.553125 0.07890625 0.0375
1 0.578125 0.53671875 0.0609375 0.0328125
1 0.53828125 0.52265625 0.06640625 0.02890625
1 0.62890625 0.7609375 0.09609375 0.0515625
1 0.6375 0.7015625 0.0921875 0.04921875
1 0.4765625 0.6765625 0.0796875 0.0484375
1 0.26484375 0.68515625 0.07734375 0.0421875
1 0.4015625 0.6515625 0.07265625 0.04453125
1 0.2453125 0.65390625 0.0875 0.0453125
1 0.2609375 0.62109375 0.07578125 0.04453125
1 0.34453125 0.63046875 0.07109375 0.04921875
1 0.20078125 0.6125 0.0796875 0.04140625
1 0.53515625 0.6640625 0.0828125 0.0453125
1 0.590625 0.646875 0.07265625 0.04296875
1 0.64140625 0.6234375 0.07578125 0.03984375
1 0.53203125 0.62734375 0.07734375 0.040625
1 0.46796875 0.640625 0.0859375 0.03984375
1 0.465625 0.61484375 0.0796875 0.0328125
1 0.40546875 0.61640625 0.07265625 0.040625
1 0.2203125 0.5734375 0.07265625 0.04765625
1 0.27109375 0.58828125 0.08125 0.0421875
1 0.30859375 0.57109375 0.0578125 0.0375
1 0.3703125 0.58828125 0.07578125 0.046875
1 0.44609375 0.58984375 0.0828125 0.03515625
1 0.50625 0.59140625 0.07734375 0.04140625
1 0.56328125 0.59921875 0.07734375 0.03984375
1 0.67890625 0.596875 0.07734375 0.03984375
1 0.7375 0.584375 0.07578125 0.040625
1 0.6578125 0.5703125 0.0640625 0.03828125
1 0.61640625 0.5859375 0.07265625 0.0453125
1 0.53515625 0.57734375 0.07421875 0.0390625
1 0.56640625 0.56640625 0.07890625 0.04140625
1 0.47265625 0.56484375 0.07890625 0.034375
1 0.4015625 0.56484375 0.07734375 0.04140625
1 0.36171875 0.55703125 0.07109375 0.040625
1 0.42421875 0.5421875 0.05625 0.03671875
1 0.45703125 0.534375 0.07421875 0.0359375
1 0.4859375 0.53984375 0.06484375 0.0328125
1 0.52109375 0.540625 0.07265625 0.03984375
1 0.31328125 0.60234375 0.06484375 0.046875