1 0.56640625 0.6828125 0.040625 0.078125
1 0.5875 0.5890625 0.0328125 0.078125
1 0.5765625 0.49140625 0.0375 0.08125
1 0.5625 0.54921875 0.0375 0.071875
1 0.546875 0.40390625 0.034375 0.071875
1 0.54375 0.4640625 0.0390625 0.065625
1 0.53984375 0.34375 0.034375 0.071875
1 0.51875 0.359375 0.0390625 0.05
1 0.5109375 0.30859375 0.0375 0.075
1 0.5078125 0.41328125 0.0375 0.0546875
1 0.51328125 0.475 0.0375 0.06875
1 0.53515625 0.52734375 0.034375 0.06875
1 0.53671875 0.628125 0.034375 0.0625
1 0.51484375 0.58125 0.03125 0.071875
1 0.51953125 0.6921875 0.0328125 0.0546875
1 0.521875 0.80078125 0.034375 0.06875
1 0.50078125 0.8421875 0.0375 0.071875
1 0.50625 0.75859375 0.034375 0.059375
1 0.49453125 0.71484375 0.034375 0.065625
1 0.478125 0.77421875 0.028125 0.071875
1 0.46953125 0.83359375 0.0390625 0.06875
1 0.45546875 0.7390625 0.0390625 0.075
1 0.465625 0.67109375 0.034375 0.065625
1 0.49765625 0.64296875 0.0375 0.065625
1 0.4890625 0.56484375 0.03125 0.0609375
1 0.4859375 0.496875 0.0296875 0.0546875
1 0.47734375 0.5375 0.0375 0.06875
1 0.46640625 0.471875 0.03125 0.0578125
1 0.48125 0.44140625 0.03125 0.065625
1 0.46484375 0.4078125 0.0375 0.065625
1 0.484375 0.38046875 0.034375 0.05
1 0.47890625 0.3375 0.040625 0.065625
1 0.47734375 0.275 0.0375 0.065625
1 0.46171875 0.21875 0.0390625 0.065625
1 0.434375 0.240625 0.034375 0.075
1 0.425 0.2703125 0.0375 0.0609375
1 0.4515625 0.3046875 0.034375 0.059375
1 0.44140625 0.3234375 0.040625 0.06875
1 0.4515625 0.365625 0.0390625 0.06875
1 0.4703125 0.609375 0.040625 0.071875
1 0.43515625 0.84609375 0.040625 0.075
1 0.42890625 0.76171875 0.04375 0.075
1 0.41953125 0.721875 0.040625 0.06875
1 0.4375 0.68515625 0.03125 0.06875
1 0.42421875 0.6328125 0.040625 0.084375
1 0.44140625 0.59609375 0.034375 0.065625
1 0.45625 0.55390625 0.03125 0.071875
1 0.20390625 0.65 0.0546875 0.103125
1 0.2671875 0.659375 0.053125 0.096875
1 0.29375 0.48828125 0.0515625 0.084375
1 0.284375 0.2640625 0.0453125 0.08125
1 0.3203125 0.40859375 0.046875 0.078125
1 0.3171875 0.24296875 0.046875 0.09375
1 0.35234375 0.259375 0.046875 0.08125
1 0.3421875 0.3484375 0.053125 0.075
1 0.3609375 0.19609375 0.04375 0.084375
1 0.30703125 0.55 0.046875 0.0875
1 0.325 0.609375 0.046875 0.078125
1 0.35 0.66328125 0.0421875 0.08125
1 0.3453125 0.546875 0.04375 0.08125
1 0.33125 0.4796875 0.0421875 0.090625
1 0.35859375 0.47734375 0.034375 0.084375
1 0.35703125 0.4125 0.04375 0.078125
1 0.40234375 0.21640625 0.05 0.078125
1 0.3875 0.2703125 0.0453125 0.0875
1 0.40546875 0.31015625 0.040625 0.0609375
1 0.38671875 0.37578125 0.05 0.08125
1 0.3859375 0.45625 0.0375 0.0875
1 0.38359375 0.51953125 0.04375 0.08125
1 0.375 0.58046875 0.0421875 0.08125
1 0.37734375 0.703125 0.0421875 0.08125
1 0.39140625 0.765625 0.04375 0.08125
1 0.40625 0.68046875 0.040625 0.06875
1 0.38984375 0.63671875 0.046875 0.078125
1 0.39921875 0.55 0.040625 0.078125
1 0.41015625 0.584375 0.04375 0.084375
1 0.41171875 0.484375 0.0359375 0.084375
1 0.41171875 0.40859375 0.04375 0.08125
1 0.4203125 0.36640625 0.04375 0.075
1 0.43515625 0.4328125 0.0390625 0.059375
1 0.44375 0.46796875 0.0375 0.078125
1 0.43828125 0.4984375 0.034375 0.06875
1 0.4375 0.5359375 0.0421875 0.078125
1 0.37265625 0.315625 0.05 0.06875