1 0.5331499304601235 0.5398126882620395 0.25350337403768836 0.5259361374938141
1 0.3440774643813215 0.574312761758645 0.2759029172311404 0.3884294934412793
1 0.8081831507227971 0.879992873699004 0.3836336985544058 0.24001425260199188
1 0.4758209458368131 0.9314690852552504 0.3687986668924562 0.13706182948949924
1 0.31103375452255577 0.13706174525030163 0.36417312188998174 0.2590496099041942
1 0.47536184814554916 0.061530558004314805 0.23509869629109836 0.08555679895920328
1 0.09482997964646939 0.32284435775648757 0.1709078007682256 0.28787621551297515
1 0.10545537765573298 0.6147861962910983 0.14416823835289666 0.3425703595655099
1 0.09069027702379297 0.08032598710970122 0.1802341338757694 0.13877697421940244
1 0.7666817254625979 0.4616754794193268 0.3236520997274287 0.5264960594746528
1 0.676652110470021 0.1858289523955338 0.30642922094004205 0.3167935108541339
1 0.8250154466297825 0.7588237963572114 0.3499691067404349 0.2590429658516594
1 0.9815719838303408 0.5946019233355759 0.03685603233931829 0.23123671189493056
1 0.882751624264831 0.13430183118292055 0.2311282485296619 0.18819047602842476
1 0.18547814959114328 0.7740217554270669 0.2714876549066686 0.27444888059640904
1 0.16531729929788755 0.46366078753924256 0.2592133842144536 0.36729812188998173
1 0.9580753112279045 0.21952335820671348 0.08384937754419113 0.2635512449116174
1 0.1413187980546921 0.2138688274533343 0.27968965852471317 0.3714876549066686
1 0.8314724072815178 0.48780861148607385 0.33705518543696444 0.47294833559393473
1 0.26442318464399495 0.4221084526226765 0.46371717774659 0.46371717774659016
1 0.47510389359824945 0.8445167983933765 0.3845675090451116 0.2616766429208809
1 0.557287956806548 0.16788677860567264 0.2302009136130959 0.2894254274079058
1 0.443577338873295 0.2429542983933764 0.2569537641334943 0.17552005766563053