0 0.853125 0.53125 0.2359375 0.2484375
0 0.71484375 0.79453125 0.2234375 0.290625
0 0.7640625 0.17421875 0.23125 0.2234375
0 0.6625 0.36328125 0.21875 0.2109375
0 0.69296875 0.496875 0.19375 0.2859375
0 0.565625 0.4890625 0.175 0.178125
0 0.515625 0.5953125 0.19375 0.1890625
0 0.5203125 0.7359375 0.18125 0.1953125
0 0.39921875 0.81640625 0.1078125 0.328125
0 0.37578125 0.49296875 0.103125 0.29375
0 0.46484375 0.45 0.171875 0.275
0 0.475 0.309375 0.171875 0.2515625
0 0.5421875 0.125 0.159375 0.25
0 0.3296875 0.19296875 0.125 0.2625
0 0.41171875 0.04453125 0.090625 0.0890625
0 0.36015625 0.07109375 0.1171875 0.1421875
0 0.275 0.5421875 0.14375 0.221875
0 0.29140625 0.90703125 0.121875 0.1859375
0 0.1828125 0.61015625 0.1625 0.196875
0 0.165625 0.90703125 0.103125 0.1859375
0 0.07734375 0.86953125 0.115625 0.259375
0 0.128125 0.6515625 0.1234375 0.365625
0 0.11171875 0.1859375 0.096875 0.2859375
0 0.065625 0.19453125 0.0609375 0.3
0 0.02578125 0.08984375 0.0515625 0.1796875
0 0.0203125 0.5203125 0.040625 0.3046875
0 0.209375 0.315625 0.1140625 0.2765625
0 0.2453125 0.11796875 0.1125 0.2359375