0 0.54140625 0.83671875 0.2484375 0.2359375
0 0.8046875 0.6984375 0.290625 0.2234375
0 0.184375 0.74765625 0.2234375 0.23125
0 0.3734375 0.64609375 0.2109375 0.21875
0 0.5078125 0.6765625 0.2859375 0.19375
0 0.49921875 0.54921875 0.178125 0.175
0 0.60546875 0.49921875 0.1890625 0.19375
0 0.74609375 0.50390625 0.1953125 0.18125
0 0.8265625 0.3828125 0.328125 0.1078125
0 0.50390625 0.359375 0.29375 0.103125
0 0.4609375 0.44765625 0.275 0.171875
0 0.3203125 0.45859375 0.2515625 0.171875
0 0.13046875 0.52578125 0.259375 0.159375
0 0.203125 0.31328125 0.2625 0.125
0 0.05 0.3953125 0.1 0.090625
0 0.07578125 0.34375 0.1515625 0.11875
0 0.553125 0.25859375 0.221875 0.14375
0 0.9125 0.27421875 0.175 0.1234375
0 0.6203125 0.16640625 0.196875 0.1625
0 0.9125 0.1484375 0.175 0.103125
0 0.875 0.0609375 0.25 0.115625
0 0.6625 0.11171875 0.365625 0.1234375
0 0.19609375 0.0953125 0.2859375 0.096875
0 0.2046875 0.04921875 0.3 0.0609375
0 0.09453125 0.01796875 0.1890625 0.0359375
0 0.53046875 0.01171875 0.3046875 0.0234375
0 0.32578125 0.19296875 0.2765625 0.1140625
0 0.12265625 0.2296875 0.2453125 0.1125