0 0.3989485525541415 0.8384163750937155 0.27965332670272564 0.2720620636389584
0 0.16660077124445866 0.6587424864166321 0.31866128270208927 0.26828375341847244
0 0.7579150198918232 0.8147314872696534 0.2545624200349984 0.26366768218006975
0 0.5922002079090042 0.6842776550133338 0.2403362880330894 0.24927787385944455
0 0.4585064605745043 0.6897619759673962 0.3089408373647258 0.23837804787138914
0 0.48726835459104895 0.568523408813056 0.20072834802672598 0.2014936840799308
0 0.39192003926641217 0.5022243019554518 0.21502720536281678 0.22213349240055572
0 0.25540128393541206 0.481854637727153 0.21802493602799872 0.21126872758291687
0 0.19753533461968398 0.35078516926229186 0.336174952020999 0.16247016451263913
0 0.5136234112826387 0.38549335647635463 0.3016726826861809 0.15073257750666685
0 0.5406757126034575 0.4783354731176047 0.2946237986950896 0.2161757395507642
0 0.6746870859325486 0.5127130859591326 0.2711135733609078 0.2093802256830557
0 0.8509308652530491 0.6113720575581258 0.28664766669318065 0.20193140159486128
0 0.8112705706158658 0.3932026325962507 0.27374767735518085 0.16726546086541685
0 0.9420836712683212 0.5009631940510078 0.1059056493475449 0.10712412860909737
0 0.9208450179424117 0.44576654777448 0.15005563868554467 0.14251742116215294
0 0.4828194012969562 0.2792790708571532 0.23793744668999892 0.17736650626826406
0 0.12780518463559234 0.2319429438635765 0.2017090453532718 0.15153005167111128
0 0.432411415977092 0.17886019034819484 0.21624426002545333 0.1924823599917363
0 0.14797332865213703 0.11050435495774318 0.19836586935072648 0.13270731648875017
0 0.19705626599300033 0.05616300028434044 0.27151246801399936 0.10941659327423633
0 0.40107105665181886 0.1187396547289934 0.3739113093570898 0.18365548670097248
0 0.8535597099777282 0.1839737561713549 0.29066245735199914 0.144228004368403
0 0.8509710593173189 0.13780727098899376 0.2965306493475449 0.11156097473312525
0 0.934828438653728 0.11709668711715357 0.12910679201145428 0.08735714247680565
0 0.547265351328773 0.046340590708785184 0.30234429734245405 0.07420644509784748
0 0.7128432559675469 0.25571885676069506 0.2877192706874537 0.15978026918604193
0 0.8854898679583201 0.32772440938173686 0.22360222668681723 0.15360169794763917