0 0.4609375 0.8390625 0.24375 0.23046875
0 0.20234375 0.70390625 0.284375 0.21875
0 0.81015625 0.7515625 0.21875 0.22578125
0 0.625 0.65234375 0.20703125 0.21328125
0 0.49453125 0.68203125 0.2796875 0.190625
0 0.50234375 0.55703125 0.1734375 0.171875
0 0.39765625 0.509375 0.18515625 0.190625
0 0.26015625 0.51328125 0.190625 0.178125
0 0.18125 0.39453125 0.321875 0.10546875
0 0.49765625 0.371875 0.2875 0.10078125
0 0.53984375 0.45859375 0.26953125 0.16953125
0 0.678125 0.46875 0.24609375 0.1671875
0 0.86796875 0.534375 0.2640625 0.15546875
0 0.7921875 0.3265625 0.25625 0.12265625
0 0.946875 0.4078125 0.10625 0.08984375
0 0.92109375 0.35703125 0.1578125 0.115625
0 0.45 0.27265625 0.2171875 0.13984375
0 0.0921875 0.28984375 0.18359375 0.11953125
0 0.38359375 0.1828125 0.1921875 0.159375
0 0.0921875 0.16640625 0.18359375 0.10078125
0 0.128125 0.08046875 0.25625 0.1140625
0 0.3421875 0.1296875 0.35703125 0.12109375
0 0.79921875 0.11328125 0.2796875 0.0953125
0 0.790625 0.06796875 0.29296875 0.059375
0 0.903125 0.02734375 0.19375 0.0546875
0 0.47265625 0.021875 0.29921875 0.04296875
0 0.671875 0.20859375 0.27109375 0.11171875
0 0.875 0.24609375 0.24921875 0.11015625