0 0.5526341349416033 0.6490349326262645 0.14756470258518864 0.1727671185055307
0 0.5493194980600147 0.39525141355154114 0.14897069368794008 0.13063416558343127
0 0.7476110539149641 0.663367988225582 0.1422060405319101 0.1945330243497292
0 0.6456851620904596 0.3844423729664622 0.1634788626613009 0.14181712743398425
0 0.8384270549035472 0.6696373534847015 0.15352554250907638 0.20409893912238175
0 0.4613512658545119 0.47803091152294624 0.1454928666156335 0.16023984496658022
0 0.4546277164625342 0.6387365864418684 0.15805653361182798 0.16202053327818292
0 0.5594531848278725 0.49067300770734246 0.1197925296574951 0.1426159683433749
0 0.6506405534206724 0.6593332788106608 0.161690869581383 0.17457508035608366
0 0.3114374960828483 0.38173083563108945 0.12400518577927463 0.09272506249917623
0 0.4586334896570577 0.35385307183137177 0.15231586958138305 0.17441143912238158
0 0.15612259638685952 0.45943132142762994 0.13691636266130086 0.14135347727182856
0 0.3853551571475437 0.35647746550070575 0.1183918557412186 0.10824096834337489
0 0.830147686805039 0.5047663299457513 0.128369033611828 0.16150233603812653
0 0.7376418518240669 0.4953446911476812 0.12642453163466172 0.15210006249917604
0 0.35829654452342397 0.6120729005658976 0.14201503954332698 0.18984552434972918
0 0.213067616158523 0.5541086217519415 0.11752969269935694 0.1254011948044244
0 0.3094704308735399 0.46757287824476323 0.1072288626613009 0.14083528003177204
0 0.3882984264249156 0.4478700787312306 0.09466519566510642 0.13905459172016937
0 0.638263934333581 0.48970657142433466 0.10442219764227278 0.14859323295387128
0 0.2361629234591661 0.4311620454530476 0.09571835969555131 0.12658186525911966