0 0.509375 0.65703125 0.121875 0.159375
0 0.55234375 0.4 0.13125 0.1125
0 0.7046875 0.6953125 0.1125 0.18125
0 0.65234375 0.40234375 0.1453125 0.121875
0 0.7953125 0.71328125 0.121875 0.190625
0 0.44765625 0.47265625 0.121875 0.1453125
0 0.41171875 0.634375 0.1375 0.1453125
0 0.5453125 0.49765625 0.1 0.13125
0 0.60703125 0.6796875 0.1375 0.159375
0 0.31328125 0.35703125 0.1125 0.078125
0 0.46796875 0.34765625 0.128125 0.159375
0 0.140625 0.415625 0.11875 0.128125
0 0.39296875 0.340625 0.1046875 0.0953125
0 0.81796875 0.5453125 0.1046875 0.15
0 0.725 0.525 0.1046875 0.140625
0 0.31796875 0.5953125 0.1125 0.178125
0 0.18203125 0.51796875 0.1 0.1125
0 0.2953125 0.44296875 0.0875 0.13125
0 0.3796875 0.434375 0.071875 0.13125
0 0.625 0.50703125 0.08125 0.140625
0 0.22734375 0.39765625 0.078125 0.11875