0 0.6296875 0.4609375 0.171875 0.13125
0 0.353125 0.4140625 0.121875 0.1421875
0 0.671875 0.25 0.196875 0.121875
0 0.35546875 0.30625 0.13125 0.15625
0 0.69140625 0.15234375 0.20625 0.13125
0 0.43125 0.52734375 0.15625 0.13125
0 0.60546875 0.56640625 0.15625 0.146875
0 0.45859375 0.421875 0.1421875 0.1078125
0 0.6546875 0.35546875 0.171875 0.146875
0 0.30625 0.671875 0.084375 0.121875
0 0.296875 0.5046875 0.171875 0.1375
0 0.3703125 0.8578125 0.1375 0.128125
0 0.2890625 0.5859375 0.103125 0.1125
0 0.51015625 0.12734375 0.1625 0.1125
0 0.4875 0.228125 0.153125 0.1125
0 0.5640625 0.66640625 0.190625 0.121875
0 0.48046875 0.8140625 0.121875 0.1078125
0 0.39921875 0.69140625 0.1421875 0.09375
0 0.38984375 0.60078125 0.1421875 0.078125
0 0.46796875 0.3359375 0.153125 0.0875
0 0.35078125 0.76484375 0.128125 0.084375