1 0.953125 0.5953125 0.065625 0.059375
1 0.95078125 0.6625 0.0625 0.05625
1 0.953125 0.734375 0.065625 0.06875
1 0.95078125 0.8046875 0.065625 0.071875
1 0.9484375 0.871875 0.059375 0.0640625
1 0.8765625 0.59765625 0.059375 0.0625
1 0.87890625 0.66796875 0.06875 0.06875
1 0.87890625 0.73671875 0.059375 0.06875
1 0.88046875 0.803125 0.059375 0.065625
1 0.87890625 0.871875 0.0640625 0.0625
1 0.9265625 0.3734375 0.10625 0.0625
1 0.921875 0.30859375 0.109375 0.0625
1 0.92265625 0.2421875 0.1078125 0.065625
1 0.921875 0.1765625 0.10625 0.0625
1 0.92265625 0.1171875 0.1015625 0.053125
1 0.80078125 0.1140625 0.1078125 0.059375
1 0.80546875 0.18125 0.1078125 0.0625
1 0.8046875 0.24609375 0.1078125 0.0625
1 0.80859375 0.31015625 0.103125 0.053125
1 0.8078125 0.3765625 0.1015625 0.065625
1 0.64921875 0.11484375 0.05 0.05625
1 0.64375 0.18515625 0.05625 0.0625
1 0.6453125 0.24765625 0.0546875 0.0453125
1 0.6453125 0.30703125 0.05 0.053125
1 0.6484375 0.37734375 0.0453125 0.05
1 0.57890625 0.37265625 0.0625 0.05
1 0.578125 0.31171875 0.053125 0.053125
1 0.58125 0.24765625 0.05 0.05625
1 0.58046875 0.1765625 0.059375 0.053125
1 0.57890625 0.1140625 0.0625 0.0578125
1 0.4359375 0.109375 0.0546875 0.0578125
1 0.4375 0.1734375 0.065625 0.065625
1 0.4359375 0.23359375 0.06875 0.05625
1 0.4359375 0.2984375 0.0640625 0.0625
1 0.4375 0.36640625 0.0640625 0.0625
1 0.3671875 0.1140625 0.059375 0.065625
1 0.36640625 0.17265625 0.059375 0.053125
1 0.36875 0.234375 0.0625 0.05
1 0.36875 0.2953125 0.0625 0.05625
1 0.36796875 0.36640625 0.0640625 0.05625
1 0.5609375 0.5859375 0.0546875 0.0453125
1 0.5625 0.6625 0.0546875 0.059375
1 0.5625 0.73828125 0.0546875 0.0625
1 0.5625 0.81171875 0.0546875 0.053125
1 0.5578125 0.89453125 0.0453125 0.0484375
1 0.48125 0.5875 0.05 0.053125
1 0.48046875 0.6609375 0.05 0.0578125
1 0.48359375 0.7421875 0.04375 0.046875
1 0.48515625 0.81015625 0.053125 0.0578125
1 0.48046875 0.9 0.059375 0.0625
1 0.40625 0.58046875 0.046875 0.0625
1 0.4046875 0.65859375 0.046875 0.065625
1 0.4015625 0.73359375 0.05625 0.065625
1 0.4015625 0.81640625 0.0546875 0.0625
1 0.4078125 0.8953125 0.0640625 0.05625
1 0.2328125 0.0890625 0.06875 0.075
1 0.2375 0.1671875 0.06875 0.06875
1 0.2359375 0.23984375 0.059375 0.0625
1 0.2390625 0.31328125 0.075 0.071875
1 0.2390625 0.384375 0.078125 0.065625
1 0.13671875 0.0875 0.08125 0.065625
1 0.1359375 0.16640625 0.06875 0.075
1 0.1359375 0.2359375 0.0625 0.065625
1 0.13203125 0.30859375 0.06875 0.06875
1 0.1375 0.38203125 0.06875 0.0625
1 0.28125 0.559375 0.0546875 0.06875
1 0.28125 0.63125 0.06875 0.0625
1 0.28203125 0.68515625 0.0640625 0.053125
1 0.27890625 0.75078125 0.06875 0.059375
1 0.28203125 0.8140625 0.0625 0.059375
1 0.28046875 0.87734375 0.0625 0.06875
1 0.28125 0.93984375 0.0546875 0.0578125
1 0.20546875 0.6265625 0.0625 0.065625
1 0.209375 0.6921875 0.0546875 0.05625
1 0.20859375 0.75234375 0.059375 0.05
1 0.2046875 0.8125 0.053125 0.05625
1 0.2046875 0.87890625 0.05 0.05625
1 0.2078125 0.93828125 0.05625 0.0578125
1 0.13359375 0.5625 0.059375 0.0578125
1 0.13046875 0.628125 0.053125 0.059375
1 0.13125 0.68984375 0.05625 0.0640625
1 0.12890625 0.75078125 0.053125 0.0546875
1 0.128125 0.81328125 0.0625 0.059375
1 0.13125 0.878125 0.0625 0.05625
1 0.13515625 0.94296875 0.0734375 0.0625