1 0.6389310691446265 0.09352061376122928 0.06322917549789597 0.06917420520520212
1 0.698660733209777 0.10021866381769902 0.05999504809323426 0.0658671946818584
1 0.764476706167935 0.10186519282748137 0.07109623920022692 0.07119173151356134
1 0.8281126202330856 0.10833572972977148 0.07422123920022665 0.07137374203690507
1 0.8878150024470706 0.1142525297862412 0.06462798439090349 0.06457771046687394
1 0.6343279038983496 0.16346138743875258 0.06301092068857254 0.0629242052052021
1 0.6985813768565075 0.1651989217102068 0.07115080290255768 0.07275423151356138
1 0.7597916953681618 0.16946221650500468 0.06937004809323426 0.0664132262518895
1 0.8201389183263199 0.17142726393063848 0.0661904843909034 0.0646687157285458
1 0.8821850505403048 0.17720755609460043 0.06629961179556502 0.06779371572854584
1 0.43658731914462645 0.10530579514773372 0.07229664065150558 0.10556673151356137
1 0.37710319173996476 0.105638995091264 0.0724057680561673 0.10869173151356137
1 0.317428091377145 0.10050344503479428 0.07391370435383653 0.10722023677523321
1 0.2586160865678216 0.0976661423474886 0.07229664065150558 0.10556673151356137
1 0.20524554990733276 0.09372907124433147 0.0611954495445131 0.1002421946818584
1 0.19263147721932725 0.20327837649188588 0.06922620435383645 0.10694722099021767
1 0.25370538647515434 0.20363542128668377 0.07235120435383653 0.10712923151356132
1 0.3117907049868086 0.20808072660482538 0.07235120435383653 0.10712923151356132
1 0.3697123323914704 0.20783853192296692 0.06437501324684396 0.1019867052052021
1 0.4293601509031246 0.21219283197943667 0.073750013246844 0.10253273677523322
1 0.18099955117327712 0.3409526817394403 0.05805060217691822 0.05483868942018653
1 0.243936060791924 0.3498124712725663 0.06295635698624161 0.0613617052052021
1 0.29959578375008195 0.3520505344832157 0.048730165879249124 0.05585515785015547
1 0.3537202885594054 0.3551608529555369 0.05648810217691817 0.05474768415851479
1 0.41797376151756344 0.3568983872269911 0.05158234736759475 0.048224668373499216
1 0.4083829959084667 0.41851842668952993 0.05525298439090345 0.06403167889684287
1 0.35347724109914336 0.4154536108480446 0.056542665879249124 0.05631018415851474
1 0.2945561088851582 0.40949130816073903 0.058050602176918265 0.05483868942018653
1 0.23181057222466936 0.40610026862761295 0.056760920688572546 0.06256018415851475
1 0.17456106741534594 0.40317196067863553 0.06155754809323426 0.06595819994353032
1 0.15872279100647613 0.5324800290803695 0.05972222958157998 0.05805469468185827
1 0.21750751396463414 0.5345360817676752 0.06947917549789595 0.0695382262518894
1 0.2717138643274538 0.5399901502399963 0.06015873920022674 0.07055469468185827
1 0.3305531509879427 0.543608702927302 0.06629961179556502 0.06779371572854594
1 0.3909276557972661 0.5463550003529358 0.06473711179556503 0.06770271046687384
1 0.15778033909971034 0.5951620396037132 0.0661904843909034 0.06466871572854575
1 0.21039690761136462 0.5999258633377063 0.05514385698624169 0.06090667889684287
1 0.26753728501602636 0.5997291712866838 0.055252984390903405 0.06403167889684269
1 0.32168907167651517 0.603620739759005 0.05999504809323426 0.06586719468185845
1 0.3852704220393349 0.6085287766612951 0.060049611795565026 0.06742969468185844
1 0.5988368703179037 0.44735054002723623 0.048730165879249124 0.05585515785015538
1 0.6678324069783924 0.4503775585136749 0.061284729581580065 0.05814569994353036
1 0.7368825073412122 0.45496707700011346 0.06290179328391084 0.0597992052052021
1 0.8028076077040318 0.4597386060098958 0.0550347295815798 0.05778167889684287
1 0.8774628673226786 0.46791585608048303 0.050019847367595106 0.0481336631118273
1 0.594315550625123 0.5196350637047595 0.05643353847458741 0.05318518415851479
1 0.6602406509879426 0.5244065927145419 0.059613102176918176 0.054929694681858446
1 0.7338691239461006 0.525598095415965 0.04840278366526398 0.04648015785015538
1 0.7958334106065895 0.529034637579927 0.05966766587924912 0.05649219468185844
1 0.8760119839275671 0.5384558692346626 0.06301092068857272 0.0629242052052021
1 0.5817907579741843 0.5869058636906421 0.06268353847458741 0.0535492052052021
1 0.652457922039335 0.592966876915409 0.06580853847458741 0.05373121572854593
1 0.7200000861044854 0.5992099006635194 0.0676438569862416 0.061634720990217676
1 0.7945462183184706 0.6042621507341066 0.06290179328391084 0.0597992052052021
1 0.8657763775742978 0.6040276613280374 0.060049611795565026 0.06742969468185844
1 0.12515386677452453 0.7144881632530017 0.0774553666048885 0.07468075256024882
1 0.1956300578815171 0.7150804264777685 0.07120536660488855 0.07431673151356151
1 0.26158244009550224 0.7206332054875508 0.06457342068857255 0.06301521046687383
1 0.32817966305366025 0.7222342318664972 0.0760565577118811 0.07927724729857691
1 0.39173373156531455 0.7263610187687873 0.07142362141421188 0.08056673151356133
1 0.11568215225388703 0.8019349553463766 0.06997024881887368 0.08360072625188968
1 0.18632203446787216 0.8072147185711434 0.07583830290255769 0.07302724729857682
1 0.24987610297952645 0.8113415054734334 0.06937004809323426 0.06641322625188942
1 0.31510179889584244 0.8185022871140516 0.07120536660488855 0.07431673151356151
1 0.3815898944493387 0.8169783134929979 0.06651786660488845 0.07404371572854566
1 0.5528249989885097 0.698973224185751 0.06915179328391083 0.06016322625188941
1 0.6179415675001639 0.7030090058263692 0.06646330290255768 0.07248121572854575
1 0.6665427586071566 0.7048753427145419 0.058487111795565025 0.06733868942018653
1 0.7262724226723071 0.7115733927710116 0.06328373920022674 0.0707367052052021
1 0.7826588319281342 0.712203453350825 0.06312004809323427 0.0660492052052021
1 0.8399901822909539 0.7174755112998026 0.07098711179556502 0.06806673151356132
1 0.8956771871002773 0.720494824510452 0.059722229581580064 0.05805469468185827
1 0.6069792748492253 0.7701888005505799 0.06937004809323426 0.06641322625188958
1 0.6672992159562179 0.7713725979762138 0.05815972958158007 0.05796368942018652
1 0.7222322526167068 0.775218663817699 0.0535813569862416 0.06081567363517095
1 0.7757119166818573 0.7822807349208561 0.05810516587924912 0.05640118942018653
1 0.8353324533423461 0.7858537849773259 0.058050602176918174 0.05483868942018653
1 0.8893751125981734 0.7866203534496471 0.059776793283910834 0.059617194681858623
1 0.544154381835467 0.8317780189099617 0.061502984390903494 0.06439569994353037
1 0.6038840459006176 0.8384760689664315 0.06123016587924912 0.05658319994353036
1 0.658789800709941 0.8415408848079167 0.0645188569862416 0.06145271046687384
1 0.7145313692215953 0.8461226980185661 0.056542665879249124 0.056310184158514784
1 0.7702729377332496 0.8507045112292154 0.06312004809323427 0.0660492052052021
1 0.829030378840242 0.8519793139165209 0.05999504809323426 0.06586719468185862
1 0.8885417880960691 0.8524273639729909 0.06662699400955034 0.07716871572854558