1 0.8828125 0.58125 0.065625 0.059375
1 0.88125 0.64765625 0.0625 0.05625
1 0.8828125 0.7203125 0.065625 0.06875
1 0.88125 0.790625 0.065625 0.071875
1 0.878125 0.85703125 0.059375 0.0625
1 0.80625 0.5828125 0.059375 0.0625
1 0.809375 0.653125 0.06875 0.06875
1 0.809375 0.721875 0.059375 0.06875
1 0.81015625 0.7890625 0.059375 0.065625
1 0.809375 0.85703125 0.0640625 0.0625
1 0.85625 0.359375 0.10625 0.0625
1 0.8515625 0.29453125 0.109375 0.0625
1 0.853125 0.22734375 0.1078125 0.065625
1 0.8515625 0.1625 0.10625 0.0625
1 0.853125 0.103125 0.1015625 0.053125
1 0.73125 0.09921875 0.1078125 0.059375
1 0.7359375 0.1671875 0.1078125 0.0625
1 0.73515625 0.23203125 0.1078125 0.0625
1 0.7390625 0.29609375 0.103125 0.053125
1 0.7375 0.36171875 0.1015625 0.065625
1 0.57890625 0.1 0.05 0.05625
1 0.5734375 0.1703125 0.05625 0.0625
1 0.57578125 0.2328125 0.0546875 0.0453125
1 0.57578125 0.2921875 0.05 0.053125
1 0.578125 0.3625 0.0453125 0.05
1 0.509375 0.35859375 0.0625 0.05
1 0.50859375 0.296875 0.053125 0.053125
1 0.5109375 0.2328125 0.05 0.05625
1 0.51015625 0.1625 0.059375 0.053125
1 0.509375 0.09921875 0.0625 0.0578125
1 0.36640625 0.09453125 0.0546875 0.0578125
1 0.36796875 0.15859375 0.065625 0.065625
1 0.36640625 0.21953125 0.06875 0.05625
1 0.36640625 0.284375 0.0640625 0.0625
1 0.36796875 0.35234375 0.0640625 0.0625
1 0.296875 0.09921875 0.059375 0.065625
1 0.29609375 0.1578125 0.059375 0.053125
1 0.29921875 0.2203125 0.0625 0.05
1 0.29921875 0.28046875 0.0625 0.05625
1 0.2984375 0.35234375 0.0640625 0.05625
1 0.49140625 0.57109375 0.0546875 0.0453125
1 0.4921875 0.64765625 0.0546875 0.059375
1 0.4921875 0.7234375 0.0546875 0.0625
1 0.4921875 0.796875 0.0546875 0.053125
1 0.4875 0.8796875 0.0453125 0.0484375
1 0.4109375 0.5734375 0.05 0.053125
1 0.41015625 0.64609375 0.05 0.0578125
1 0.4140625 0.72734375 0.04375 0.046875
1 0.41484375 0.79609375 0.053125 0.0578125
1 0.41015625 0.88515625 0.059375 0.0625
1 0.33671875 0.565625 0.046875 0.0625
1 0.33515625 0.64453125 0.046875 0.065625
1 0.33203125 0.71953125 0.05625 0.065625
1 0.33203125 0.80234375 0.0546875 0.0625
1 0.3375 0.88125 0.0640625 0.05625
1 0.16328125 0.075 0.06875 0.075
1 0.16796875 0.15234375 0.06875 0.06875
1 0.16640625 0.22578125 0.059375 0.0625
1 0.16875 0.2984375 0.075 0.071875
1 0.16875 0.3703125 0.078125 0.065625
1 0.0671875 0.0734375 0.08125 0.065625
1 0.06640625 0.1515625 0.06875 0.075
1 0.06640625 0.22109375 0.0625 0.065625
1 0.0625 0.29453125 0.06875 0.06875
1 0.06796875 0.3671875 0.06875 0.0625
1 0.2109375 0.5453125 0.0546875 0.06875
1 0.2109375 0.61640625 0.06875 0.0625
1 0.2125 0.6703125 0.0640625 0.053125
1 0.209375 0.73671875 0.06875 0.059375
1 0.2125 0.8 0.0625 0.059375
1 0.21015625 0.8625 0.0625 0.06875
1 0.2109375 0.925 0.0546875 0.0578125
1 0.1359375 0.61171875 0.0625 0.065625
1 0.13984375 0.678125 0.0546875 0.05625
1 0.1390625 0.73828125 0.059375 0.0515625
1 0.13515625 0.79765625 0.053125 0.05625
1 0.13515625 0.86484375 0.05 0.05625
1 0.1375 0.92421875 0.05625 0.0578125
1 0.0640625 0.54765625 0.059375 0.0578125
1 0.06015625 0.6140625 0.053125 0.059375
1 0.0609375 0.675 0.05625 0.0625
1 0.059375 0.73671875 0.053125 0.053125
1 0.05859375 0.7984375 0.0625 0.059375
1 0.0609375 0.8640625 0.0625 0.05625
1 0.06484375 0.92890625 0.0734375 0.0625