1 0.58828125 0.1171875 0.05390625 0.059375
1 0.6484375 0.11953125 0.05078125 0.05625
1 0.7140625 0.1171875 0.06171875 0.059375
1 0.778125 0.11953125 0.065625 0.059375
1 0.83828125 0.121875 0.05703125 0.0546875
1 0.58984375 0.18671875 0.05546875 0.053125
1 0.65390625 0.184375 0.06171875 0.06171875
1 0.715625 0.184375 0.06171875 0.0546875
1 0.77578125 0.1828125 0.05859375 0.0546875
1 0.83828125 0.184375 0.05703125 0.0578125
1 0.3875 0.14140625 0.05703125 0.0953125
1 0.328125 0.1453125 0.05703125 0.0984375
1 0.26796875 0.14453125 0.05859375 0.096875
1 0.209375 0.1453125 0.05703125 0.0953125
1 0.15546875 0.14453125 0.04765625 0.0921875
1 0.15234375 0.2546875 0.05390625 0.096875
1 0.21328125 0.25078125 0.05703125 0.096875
1 0.271875 0.2515625 0.05703125 0.096875
1 0.3296875 0.24765625 0.04921875 0.09375
1 0.38984375 0.2484375 0.06015625 0.0921875
1 0.153125 0.3921875 0.05078125 0.04609375
1 0.21640625 0.396875 0.05546875 0.05078125
1 0.27265625 0.3953125 0.040625 0.04921875
1 0.3265625 0.3953125 0.04921875 0.04609375
1 0.390625 0.39296875 0.04609375 0.040625
1 0.38671875 0.4546875 0.04609375 0.05625
1 0.33125 0.45546875 0.04921875 0.04765625
1 0.27265625 0.453125 0.05078125 0.04609375
1 0.209375 0.45390625 0.04921875 0.053125
1 0.15234375 0.4546875 0.05234375 0.05625
1 0.14765625 0.584375 0.05234375 0.04921875
1 0.20625 0.5828125 0.06015625 0.059375
1 0.2609375 0.584375 0.05078125 0.06171875
1 0.31953125 0.584375 0.05703125 0.0578125
1 0.38046875 0.5828125 0.05546875 0.0578125
1 0.15234375 0.646875 0.05859375 0.0546875
1 0.2046875 0.64765625 0.04765625 0.053125
1 0.26171875 0.64453125 0.04609375 0.05625
1 0.31640625 0.64453125 0.05078125 0.05625
1 0.38046875 0.6453125 0.05078125 0.0578125
1 0.57890625 0.47109375 0.040625 0.04921875
1 0.6484375 0.4703125 0.05390625 0.04921875
1 0.7171875 0.4703125 0.05546875 0.04921875
1 0.78359375 0.4703125 0.04765625 0.04921875
1 0.85859375 0.47421875 0.04375 0.040625
1 0.58125 0.54375 0.04921875 0.04453125
1 0.646875 0.54453125 0.05234375 0.04609375
1 0.7203125 0.540625 0.0421875 0.0390625
1 0.7828125 0.53984375 0.05234375 0.04765625
1 0.86328125 0.54453125 0.05546875 0.053125
1 0.57421875 0.6109375 0.05546875 0.04296875
1 0.6453125 0.6125 0.05859375 0.04296875
1 0.71328125 0.61484375 0.06015625 0.05078125
1 0.78828125 0.61484375 0.05546875 0.04921875
1 0.859375 0.61015625 0.05078125 0.0578125
1 0.1296875 0.7671875 0.06875 0.06171875
1 0.2 0.76328125 0.06171875 0.06328125
1 0.26640625 0.76484375 0.05703125 0.053125
1 0.3328125 0.7625 0.065625 0.06796875
1 0.396875 0.7625 0.06015625 0.06953125
1 0.128125 0.8546875 0.05859375 0.0734375
1 0.19921875 0.85546875 0.0671875 0.06171875
1 0.2625 0.85546875 0.06015625 0.05625
1 0.328125 0.85859375 0.06171875 0.06328125
1 0.39453125 0.853125 0.05703125 0.06328125
1 0.55546875 0.72421875 0.06171875 0.04921875
1 0.6203125 0.72421875 0.05703125 0.06171875
1 0.66875 0.7234375 0.04921875 0.0578125
1 0.72890625 0.72578125 0.05390625 0.06171875
1 0.7859375 0.7234375 0.05390625 0.05625
1 0.84296875 0.725 0.06171875 0.05625
1 0.89921875 0.72421875 0.05234375 0.04921875
1 0.615625 0.7921875 0.06015625 0.05625
1 0.67578125 0.7890625 0.05078125 0.04921875
1 0.73046875 0.78984375 0.04609375 0.053125
1 0.784375 0.79296875 0.05078125 0.04765625
1 0.84453125 0.79296875 0.05078125 0.04609375
1 0.8984375 0.790625 0.05234375 0.05078125
1 0.5578125 0.85703125 0.05234375 0.0546875
1 0.61796875 0.86015625 0.05390625 0.04765625
1 0.6734375 0.859375 0.05703125 0.05078125
1 0.72890625 0.8609375 0.04921875 0.04765625
1 0.78515625 0.86171875 0.05390625 0.05625
1 0.84375 0.859375 0.05078125 0.05625
1 0.903125 0.85625 0.05703125 0.06640625