0 0.21563129249078788 0.5640625 0.10409176959604131 0.140625
0 0.34358645942126215 0.665625 0.13405205423577735 0.15
0 0.24835652744709308 0.6953125 0.1056088054894186 0.1390625
0 0.7989870132613281 0.66328125 0.13567673871722885 0.0984375
0 0.37000890393184355 0.5265625 0.08475073620994644 0.1203125
0 0.6432371184341776 0.68046875 0.13640416442319178 0.1234375
0 0.313409562944759 0.54140625 0.11971676959604131 0.140625
0 0.13168820150370336 0.57890625 0.0975689849563052 0.13125
0 0.9267195566765529 0.59609375 0.1356312746106063 0.096875
0 0.40312894398185595 0.64453125 0.07859166442319179 0.1234375
0 0.16347306208682919 0.7046875 0.10101223370266399 0.1421875