0 0.5588051031942924 0.7749523281307028 0.1377226235152495 0.17571040818602893
0 0.4849069504495832 0.8407167689947344 0.12329641066226812 0.16247342378986113
0 0.4089080547645028 0.6559898869279872 0.1395124440483629 0.18360479534115867
0 0.3234886949727998 0.4723341819304615 0.10196697994174028 0.18007700361804457
0 0.41277015531849875 0.44258580619529253 0.13113765439406197 0.21748847241038013
0 0.45474602131190095 0.2100532671857119 0.1093703029821361 0.1664239393936934
0 0.30044731472712566 0.2692567695605611 0.10026808762187223 0.17530761646291487
0 0.3791777199791174 0.22565393373948384 0.10087584138279589 0.14257700361804462
0 0.2391076832943173 0.5219004127085847 0.1166659774344578 0.20268898801421234
0 0.2185919094751339 0.3126958310713789 0.11032504922121245 0.19923643939369332
0 0.5317093380840907 0.17339979420950488 0.1113874440483631 0.18213082654882312
0 0.4750033823572452 0.40124815524535284 0.11437605172849494 0.17760710085908257
0 0.5575036452893689 0.3625375373120999 0.11566576708875882 0.16831398801421243