0 0.60546875 0.73515625 0.11640625 0.1578125
0 0.54140625 0.81171875 0.1046875 0.14609375
0 0.44140625 0.640625 0.1171875 0.16484375
0 0.3328125 0.471875 0.0796875 0.1671875
0 0.4171875 0.42890625 0.1046875 0.20078125
0 0.42734375 0.1921875 0.0890625 0.15234375
0 0.2828125 0.27421875 0.07890625 0.16328125
0 0.3546875 0.21875 0.08359375 0.1296875
0 0.25625 0.534375 0.0921875 0.1875
0 0.2078125 0.33046875 0.0859375 0.1859375
0 0.4984375 0.14375 0.08984375 0.16875
0 0.4734375 0.378125 0.0921875 0.16328125
0 0.54921875 0.3265625 0.09609375 0.15390625