0 0.55703125 0.24609375 0.12578125 0.12109375
0 0.6796875 0.25546875 0.13515625 0.11328125
0 0.58125 0.2953125 0.1421875 0.09296875
0 0.71640625 0.32265625 0.13671875 0.08828125
0 0.825 0.3234375 0.1671875 0.103125
0 0.871875 0.38984375 0.184375 0.0859375
0 0.73828125 0.3828125 0.1453125 0.128125
0 0.30078125 0.29765625 0.159375 0.1171875
0 0.38515625 0.315625 0.1390625 0.11796875
0 0.1546875 0.40546875 0.1359375 0.08671875
0 0.26015625 0.37265625 0.14921875 0.10234375
0 0.0875 0.53828125 0.175 0.16171875
0 0.21171875 0.51171875 0.159375 0.16015625
0 0.3015625 0.571875 0.14609375 0.17421875
0 0.45390625 0.6171875 0.2203125 0.13671875
0 0.63828125 0.63515625 0.175 0.16328125
0 0.79375 0.6921875 0.1953125 0.1953125
0 0.81328125 0.58984375 0.165625 0.14296875
0 0.91015625 0.55078125 0.1796875 0.12109375
0 0.89921875 0.48515625 0.15703125 0.10703125
0 0.75390625 0.496875 0.12421875 0.1
0 0.634375 0.5671875 0.1609375 0.09765625
0 0.46171875 0.52734375 0.17578125 0.0953125
0 0.3421875 0.490625 0.12421875 0.11015625
0 0.40625 0.4421875 0.12421875 0.096875
0 0.52890625 0.45859375 0.14921875 0.12265625
0 0.6328125 0.48828125 0.15234375 0.12265625
0 0.6671875 0.425 0.16015625 0.0859375
0 0.62421875 0.3625 0.13125 0.09375
0 0.53515625 0.396875 0.13984375 0.0921875
0 0.515625 0.34140625 0.15 0.08515625
0 0.4109375 0.37578125 0.13828125 0.1
0 0.171875 0.453125 0.12421875 0.09609375