0 0.5774381570086418 0.2489757719610016 0.13670109016268786 0.13204086123992675
0 0.6984182775201465 0.2678025191323313 0.14447722872636942 0.12583631303532483
0 0.5966739703385542 0.29964339247250643 0.15060905405833439 0.10556017447164327
0 0.7292592113615637 0.3379332119507389 0.14433178298109545 0.10083631303532484
0 0.8370126240275463 0.34746222717424524 0.17568177693097126 0.11820562021691713
0 0.8772285578689634 0.4175383778381752 0.19121587334017526 0.10267152380771342
0 0.7453063921779188 0.3995565131804029 0.15706813231716552 0.14153403590796182
0 0.31789498536566885 0.27939102156821816 0.16951359016268794 0.1322317587805987
0 0.3997807896203949 0.30391377771653827 0.14919199980360834 0.13055108411256366
0 0.16187626864135193 0.37482676229664014 0.14432269262201589 0.09927381303532493
0 0.26982512402754616 0.3507620275201465 0.15848518657189173 0.11654312626704133
0 0.08863927742195064 0.501821054352922 0.1772785548439013 0.17760789129415605
0 0.2088871031466991 0.48548700634471176 0.1744465298578376 0.17444652985783762
0 0.2928666725267357 0.5529648769544124 0.16201925273047452 0.18687380698520073
0 0.44018657924078985 0.6099183380213885 0.2321499455488821 0.1560328731437835
0 0.6220178413410382 0.6432343111886131 0.19009880093507653 0.17922493344863372
0 0.7716087751824554 0.7126741367169698 0.2121646984757483 0.2121646984757483
0 0.8003155581635509 0.6125105102535366 0.1790340359079618 0.15728630093507653
0 0.9004928201656035 0.5814599772724411 0.1898533612399266 0.1370374334486339
0 0.8961916604264873 0.51508099834968 0.16632495764913066 0.12127607806243948
0 0.7501070007855668 0.5143684469236243 0.13345791549465283 0.11171018052176755
0 0.6247570219610017 0.5752519256499937 0.1693954154946528 0.11191925878059869
0 0.45632518452878823 0.5215461844305924 0.18345791549465282 0.11200107201231528
0 0.3409774404807166 0.47456262100248414 0.1335124576491305 0.12108518052176756
0 0.4091916301758663 0.4319796903825207 0.1334397347764936 0.10858518052176751
0 0.5293495940715127 0.4578422327333902 0.1601658612399266 0.13686471662612104
0 0.6306848350945223 0.49631385939321504 0.1632908612399266 0.13688289734428025
0 0.6708785639190877 0.4359258052366847 0.16776928298109545 0.10097266842151917
0 0.6337603590004315 0.3705189738545956 0.13967155405833437 0.105496541958086
0 0.5414228680756179 0.396836555040293 0.14748405405833437 0.10554199375348405
0 0.5276876210024841 0.3406683682720096 0.15682269262201592 0.0993465359079618
0 0.4197296752572102 0.3662956030485032 0.14752041549465283 0.11179199375348406
0 0.174871172330344 0.4239682442444634 0.13343064441741398 0.10702268052176755