0 0.44453125 0.23828125 0.1296875 0.125
0 0.31875 0.24765625 0.1375 0.115625
0 0.41953125 0.28828125 0.146875 0.0953125
0 0.28046875 0.31640625 0.140625 0.090625
0 0.16953125 0.31796875 0.171875 0.10625
0 0.12109375 0.3859375 0.1890625 0.0875
0 0.25859375 0.378125 0.15 0.13125
0 0.70703125 0.29140625 0.1625 0.1203125
0 0.62109375 0.31015625 0.14375 0.121875
0 0.85703125 0.4015625 0.140625 0.0890625
0 0.74921875 0.36875 0.153125 0.1046875
0 0.91875 0.5375 0.1625 0.165625
0 0.79921875 0.5109375 0.1625 0.1640625
0 0.70703125 0.57265625 0.15 0.178125
0 0.55 0.61875 0.225 0.140625
0 0.36171875 0.6375 0.1796875 0.1671875
0 0.2015625 0.69609375 0.2 0.2
0 0.18203125 0.59140625 0.1703125 0.146875
0 0.0875 0.55078125 0.175 0.125
0 0.09375 0.484375 0.1609375 0.109375
0 0.2421875 0.49609375 0.128125 0.103125
0 0.365625 0.56796875 0.165625 0.1
0 0.54296875 0.52734375 0.18125 0.096875
0 0.665625 0.4890625 0.128125 0.1125
0 0.59921875 0.43984375 0.128125 0.1
0 0.4734375 0.45625 0.153125 0.1265625
0 0.36640625 0.4875 0.15625 0.1265625
0 0.33125 0.421875 0.1640625 0.0875
0 0.37578125 0.3578125 0.134375 0.096875
0 0.46640625 0.39296875 0.14375 0.09375
0 0.4875 0.3359375 0.153125 0.0875
0 0.59453125 0.37109375 0.140625 0.103125
0 0.840625 0.4515625 0.128125 0.0984375