0 0.41484375 0.2359375 0.1390625 0.134375
0 0.2796875 0.24609375 0.15 0.125
0 0.38828125 0.28984375 0.15625 0.103125
0 0.23828125 0.3203125 0.1515625 0.096875
0 0.11875 0.32109375 0.184375 0.1140625
0 0.084375 0.39453125 0.16875 0.0953125
0 0.21484375 0.38671875 0.159375 0.140625
0 0.69765625 0.29296875 0.175 0.1296875
0 0.60546875 0.31328125 0.153125 0.13125
0 0.859375 0.41171875 0.15 0.096875
0 0.74375 0.37578125 0.165625 0.1125
0 0.91875 0.55859375 0.1625 0.178125
0 0.796875 0.5296875 0.175 0.178125
0 0.69765625 0.59609375 0.1625 0.1921875
0 0.52890625 0.64609375 0.24375 0.1515625
0 0.325 0.665625 0.19375 0.18125
0 0.153125 0.72890625 0.215625 0.215625
0 0.13125 0.61640625 0.184375 0.1578125
0 0.0625 0.571875 0.125 0.134375
0 0.0625 0.5 0.125 0.11875
0 0.196875 0.51328125 0.1375 0.1109375
0 0.3296875 0.59140625 0.178125 0.109375
0 0.5203125 0.546875 0.19375 0.10625
0 0.65234375 0.50625 0.1375 0.121875
0 0.58203125 0.453125 0.1375 0.10625
0 0.44609375 0.4703125 0.165625 0.1359375
0 0.33046875 0.50390625 0.16875 0.1359375
0 0.29296875 0.43359375 0.178125 0.0953125
0 0.340625 0.36484375 0.14375 0.103125
0 0.43828125 0.40234375 0.1546875 0.1015625
0 0.4609375 0.34140625 0.165625 0.09375
0 0.5765625 0.37890625 0.153125 0.1109375
0 0.84140625 0.46484375 0.1375 0.10625