0 0.48726659780925086 0.2253406999873647 0.1568408130679506 0.15123955423577742
0 0.6100148930945212 0.20304449967079563 0.16436221463952716 0.14521687476889084
0 0.5196766834173927 0.26652798964166574 0.165051419354257 0.12651233887551347
0 0.6581034826316043 0.25937941620555843 0.1585830955329392 0.12164298244902279
0 0.7647002390417452 0.2320918390085275 0.19234166542531544 0.14291022868809905
0 0.8230906277930401 0.2850062388502429 0.20425946856846844 0.13077394154108052
0 0.6900041459900053 0.3115042058598595 0.17766273531769167 0.16276808762187223
0 0.2439638999189467 0.3400864762473236 0.18823636228216234 0.15527383636823106
0 0.3307554245260526 0.33600071832976475 0.16934081306795062 0.15160326708875882
0 0.11955459719007835 0.48180026629733597 0.15694782092583343 0.12003501834239998
0 0.2174869830458892 0.42277695579335245 0.17493584160399786 0.1377226235152495
0 0.09268824814022777 0.6273544586963464 0.18537649628045555 0.202876262074194
0 0.19502116997793864 0.5701065968595793 0.19957627667402048 0.1977341210079672
0 0.2940194421038451 0.6054554119824164 0.1907106989237614 0.20839883636823106
0 0.4521765444612099 0.6102158051602142 0.25382712903138527 0.18995036473976085
0 0.6368619135677978 0.5814362726320492 0.21705487510244376 0.20448422618081655
0 0.8007595936754217 0.5969523093833564 0.24529119106587852 0.2411946159934022
0 0.8016928550479612 0.493159719649913 0.20197353060296203 0.18220004922121263
0 0.8834009274215366 0.43070753226546754 0.19797523531769165 0.16335912100796715
0 0.8674891370986652 0.3703156015449398 0.18303944003242129 0.14419994404836292
0 0.7263889480997011 0.4181119070343584 0.14957196856846852 0.12918269780928676
0 0.6211684470662439 0.5163568419115213 0.18423806699689216 0.13643290815498563
0 0.4438246970662439 0.5215170180131956 0.19837334160399783 0.13840458511458992
0 0.319224957405326 0.5165603965430101 0.15164389081820956 0.14016566191590946
0 0.3736620543860074 0.4533413310244617 0.14786391935425688 0.12601223370266398
0 0.49764536393930137 0.4380309166012699 0.18056941149637407 0.15817151583511763
0 0.6052031528144308 0.44036264324430485 0.1836944114963739 0.15826244404836293
0 0.6279728728306415 0.37026309191152135 0.18060364474715093 0.12540447994174037
0 0.5740880475615819 0.3211185497499379 0.15404114474715094 0.12463159012915473
0 0.49270746091998274 0.37653948713438323 0.16192641935425697 0.12642141066226814
0 0.4637498610438172 0.32823001926683687 0.17108309553293927 0.12200669530200425
0 0.36656233788445347 0.3880118477175091 0.16378001778268025 0.13271687476889085
0 0.14493343279822019 0.5231921444314391 0.14786391935425686 0.12601223370266404