0 0.29570756325591263 0.5773496288934378 0.15323518268618094 0.1472776563445141
0 0.5180183679185493 0.6122195106366671 0.19976473734881744 0.11868118407993081
0 0.5409029792727755 0.4588042231176046 0.14366018801718106 0.12987195079743064
0 0.2918291325986849 0.5077092761198961 0.18593859468490823 0.1386663757593057
0 0.3362774719128222 0.6501883700597225 0.11250109468490824 0.1369570989738195
0 0.40611780458309477 0.6252442278672573 0.12036813868554463 0.14182643692972227
0 0.4276030005967759 0.5249357565526045 0.17943405601527207 0.11664590539458342
0 0.4386319546069573 0.45017214589527815 0.15476132001909004 0.14418902393569458
0 0.32092683394336624 0.4247701427611461 0.21388178134945388 0.1236959924005557
0 0.5193723299252306 0.5630189444322574 0.19498633068109025 0.110759581306389
0 0.5934189045990031 0.5123844712177436 0.1745829240133631 0.10247430262104178