0 0.31786217802978467 0.554513741415793 0.15162204210278443 0.13679199375348397
0 0.5389757753973795 0.5985490459651068 0.1988591406515056 0.10269879488495234
0 0.5656870644201211 0.44601894360397465 0.14170140507947587 0.12111245159900644
0 0.3154340932760616 0.48498249141579297 0.18561509618646851 0.12605448165323557
0 0.35639145389050036 0.6285234131569618 0.107653787293461 0.13028746369925487
0 0.42674859390903375 0.6070160518188392 0.11562997840045366 0.13502041549465282
0 0.4506275488110244 0.5076382205349459 0.17854664065150558 0.10258062021691713
0 0.4636607729503088 0.4333285669441497 0.15151291469812272 0.13366699375348415
0 0.34619053075485706 0.4035370486955812 0.21464783175849816 0.10747719847574846
0 0.5411632687739576 0.5493075700674076 0.19551588584218216 0.09643061416679295
0 0.6168701077040318 0.5019825972929667 0.17498513103285873 0.0900624394987581