1 0.08515625 0.625 0.0625 0.084375
1 0.071875 0.70703125 0.071875 0.0875
1 0.553125 0.30234375 0.075 0.090625
1 0.453125 0.315625 0.06875 0.0890625
1 0.621875 0.35078125 0.065625 0.0890625
1 0.25 0.6125 0.075 0.084375
1 0.03515625 0.9046875 0.06875 0.1
1 0.24609375 0.8109375 0.071875 0.09375
1 0.31171875 0.384375 0.0625 0.0875
1 0.03203125 0.54609375 0.0640625 0.0859375
1 0.91640625 0.55703125 0.0875 0.096875
1 0.02265625 0.625 0.0453125 0.0875
1 0.178125 0.65390625 0.071875 0.08125
1 0.09921875 0.5421875 0.0640625 0.08125
1 0.50703125 0.3640625 0.0734375 0.090625
1 0.28671875 0.890625 0.084375 0.09375
1 0.18515625 0.48125 0.059375 0.0765625
1 0.35 0.45390625 0.071875 0.09375
1 0.28203125 0.50234375 0.0625 0.090625
1 0.734375 0.33671875 0.078125 0.090625
1 0.2484375 0.43671875 0.0640625 0.084375
1 0.4890625 0.259375 0.0625 0.0890625
1 0.21015625 0.7328125 0.06875 0.09375
1 0.05078125 0.803125 0.075 0.0953125
1 0.86953125 0.625 0.075 0.09375
1 0.359375 0.853125 0.08125 0.103125
1 0.38203125 0.5171875 0.06875 0.1
1 0.8328125 0.5015625 0.0796875 0.096875
1 0.53515625 0.19921875 0.071875 0.09375
1 0.42421875 0.584375 0.078125 0.096875
1 0.6890625 0.40234375 0.0734375 0.0921875
1 0.759375 0.45390625 0.08125 0.096875
1 0.284375 0.68828125 0.078125 0.090625
1 0.6625 0.2890625 0.075 0.0875
1 0.31796875 0.5703125 0.0671875 0.0875
1 0.5078125 0.74140625 0.0828125 0.103125
1 0.5765625 0.4109375 0.075 0.0921875
1 0.0140625 0.70859375 0.028125 0.0890625
1 0.2140625 0.37578125 0.059375 0.084375
1 0.56796875 0.5515625 0.084375 0.096875
1 0.32421875 0.7640625 0.078125 0.09375
1 0.596875 0.2421875 0.071875 0.0828125
1 0.6453125 0.45859375 0.075 0.0875
1 0.27734375 0.32734375 0.06875 0.0875
1 0.2140625 0.54765625 0.0703125 0.08125
1 0.0515625 0.46875 0.06875 0.078125
1 0.8765625 0.4359375 0.08125 0.090625
1 0.35546875 0.63828125 0.0734375 0.0890625
1 0.95703125 0.4875 0.084375 0.1
1 0.7921875 0.56875 0.0796875 0.1
1 0.80625 0.38359375 0.075 0.0890625
1 0.11796875 0.4671875 0.071875 0.084375
1 0.70703125 0.67890625 0.06875 0.09375
1 0.00703125 0.79140625 0.0125 0.1015625
1 0.7953125 0.74453125 0.0875 0.109375
1 0.02265625 0.9796875 0.04375 0.040625
1 0.71484375 0.5140625 0.0765625 0.09375
1 0.434375 0.7984375 0.0796875 0.1
1 0.82890625 0.684375 0.071875 0.0953125
1 0.15390625 0.41796875 0.065625 0.0625
1 0.634375 0.61796875 0.0859375 0.109375
1 0.3921875 0.71328125 0.071875 0.08125
1 0.46328125 0.6609375 0.071875 0.0890625