1 0.103125 0.6203125 0.0640625 0.0875
1 0.0890625 0.70390625 0.071875 0.090625
1 0.584375 0.28828125 0.078125 0.0921875
1 0.48046875 0.30234375 0.0703125 0.090625
1 0.65390625 0.33828125 0.06875 0.0921875
1 0.271875 0.60703125 0.078125 0.0859375
1 0.0484375 0.90703125 0.078125 0.1015625
1 0.26796875 0.8109375 0.075 0.096875
1 0.3359375 0.37265625 0.0640625 0.0890625
1 0.04765625 0.53984375 0.06875 0.0875
1 0.95546875 0.55 0.0890625 0.1
1 0.0328125 0.62109375 0.059375 0.0890625
1 0.1984375 0.65 0.0734375 0.084375
1 0.1171875 0.53515625 0.065625 0.084375
1 0.5359375 0.3515625 0.075 0.09375
1 0.31015625 0.89296875 0.0859375 0.096875
1 0.20546875 0.471875 0.059375 0.078125
1 0.37578125 0.44453125 0.075 0.096875
1 0.30546875 0.49375 0.0640625 0.09375
1 0.76953125 0.32421875 0.08125 0.09375
1 0.27109375 0.4265625 0.065625 0.0859375
1 0.51796875 0.24453125 0.065625 0.090625
1 0.23125 0.73046875 0.0703125 0.096875
1 0.06796875 0.80234375 0.078125 0.096875
1 0.90859375 0.61953125 0.078125 0.096875
1 0.38515625 0.85390625 0.084375 0.10625
1 0.4078125 0.50859375 0.071875 0.1015625
1 0.87109375 0.49296875 0.08125 0.0984375
1 0.56484375 0.1828125 0.075 0.0953125
1 0.4515625 0.57734375 0.0796875 0.1
1 0.7234375 0.390625 0.075 0.09375
1 0.7953125 0.44453125 0.0828125 0.0984375
1 0.3078125 0.68515625 0.0796875 0.0921875
1 0.6953125 0.275 0.078125 0.090625
1 0.3421875 0.56328125 0.06875 0.0890625
1 0.5375 0.73984375 0.084375 0.10625
1 0.6078125 0.4 0.078125 0.09375
1 0.02265625 0.70546875 0.04375 0.090625
1 0.2359375 0.36328125 0.0625 0.0859375
1 0.5984375 0.54453125 0.0875 0.1
1 0.3484375 0.7625 0.0796875 0.096875
1 0.628125 0.2265625 0.075 0.084375
1 0.67890625 0.44921875 0.075 0.090625
1 0.30078125 0.3140625 0.071875 0.0890625
1 0.23515625 0.540625 0.071875 0.084375
1 0.06875 0.459375 0.0703125 0.08125
1 0.915625 0.42578125 0.084375 0.09375
1 0.38125 0.63359375 0.075 0.090625
1 0.97734375 0.478125 0.0453125 0.103125
1 0.82890625 0.5625 0.08125 0.103125
1 0.84375 0.371875 0.078125 0.090625
1 0.13671875 0.4578125 0.0734375 0.0875
1 0.7421875 0.675 0.071875 0.096875
1 0.01484375 0.790625 0.0296875 0.103125
1 0.8328125 0.7421875 0.0890625 0.1125
1 0.03125 0.98125 0.0625 0.0375
1 0.75 0.50625 0.078125 0.096875
1 0.46171875 0.79765625 0.08125 0.1015625
1 0.86640625 0.68046875 0.071875 0.096875
1 0.17421875 0.4078125 0.065625 0.0625
1 0.6671875 0.61328125 0.0875 0.1125
1 0.41875 0.71015625 0.0734375 0.084375
1 0.49140625 0.65625 0.075 0.0921875