1 0.07421437126036699 0.5412478922659517 0.07763519867918126 0.09575345574818712
1 0.04442632658341292 0.6156828120344933 0.08550224267981757 0.10080482878371626
1 0.5884057826225474 0.35258157609311996 0.0918067866804538 0.10578342721213971
1 0.49005918929027475 0.3401842758454509 0.08395792401336308 0.1022945541766104
1 0.6431745512810478 0.4153213246453779 0.08239542401336308 0.10222177956950454
1 0.2333439232575035 0.5697646521907491 0.09017156134627217 0.09946065260503385
1 0.005084205283275031 0.7926241476426352 0.010168410566550061 0.11024829528527036
1 0.18818432256527737 0.7560446004953381 0.0902806493475448 0.10883565260503367
1 0.3411853372851841 0.3707706881703945 0.07767156134627218 0.09887845574818703
1 0.0406142673058649 0.45445421360606986 0.0812285346117298 0.09909677956950454
1 0.8784740625795948 0.6826694522290211 0.10441587468172671 0.11574062406898662
1 0.02299950596754695 0.5262007810172467 0.0459990119350939 0.09615156203449331
1 0.15648143125400366 0.5919799464425621 0.08544769867918127 0.09611732878371626
1 0.10479275660409378 0.4660681098009629 0.07917951734563582 0.09426373035529281
1 0.530801820615866 0.3991440529337562 0.09024428668045381 0.10571065260503384
1 0.20907753055382336 0.8414384449948201 0.09967383068109026 0.11083480024766885
1 0.20057797127627536 0.4298823608344202 0.07285679201145401 0.08772263192686935
1 0.3629870646085481 0.44526341997342944 0.09028064934754472 0.10883565260503385
1 0.2883955972708665 0.4738378761359012 0.07928860534690844 0.10363873035529281
1 0.7524404632797752 0.4297905471427879 0.09493178668045381 0.10592897642635143
1 0.2704546666136388 0.4034333308506309 0.07919769867918128 0.09582623035529281
1 0.536698379296638 0.2954561267550737 0.07925224267981754 0.1005137303552928
1 0.17037975190964053 0.6739213052100677 0.08557496801399936 0.10705482878371626
1 0.02436146395609293 0.7013099429279055 0.04872292791218586 0.1088698858558109
1 0.8200252159055044 0.7346642917661044 0.09340564934754489 0.10898120181924557
1 0.28667581922345964 0.8231657880465599 0.10132723734881743 0.1187200748547749
1 0.37940185793286674 0.5124701906515938 0.08719201201463563 0.11181510339082212
1 0.8113234725891398 0.6091912568199164 0.09656701201463562 0.1122517510334573
1 0.5927125693030014 0.2511646253073317 0.08869996801399935 0.10720037799792799
1 0.40590017592300354 0.5863999962759464 0.09500451201463563 0.11217897642635144
1 0.6963626386060028 0.47955079859052996 0.09026246801399936 0.10727315260503403
1 0.7510859539306395 0.5461967971427879 0.09656701201463562 0.1122517510334573
1 0.2511666752466858 0.6503254474760194 0.0933692866804539 0.10585620181924557
1 0.6953279446212748 0.36694163667987123 0.09022610534690845 0.10414815260503385
1 0.30709050592777604 0.5466225587247244 0.08237724267981754 0.10065927956950453
1 0.4523922732336409 0.7558435090962279 0.10134541868236298 0.12028257485477489
1 0.5871512706079118 0.46039407609311994 0.09182496801399935 0.10734592721213972
1 0.006156903962456273 0.6004366476426352 0.012313807924912545 0.09462329528527036
1 0.25089669195577474 0.33764351095825473 0.07607269867918127 0.09568068114108108
1 0.548887107256549 0.5914963728261323 0.10127269334818116 0.11403257485477489
1 0.2721053365690954 0.7318130419755013 0.09498633068109026 0.11061647642635145
1 0.6428756539624563 0.30665480003827206 0.08702838001272664 0.09775260339082212
1 0.6427103799331849 0.5223889619489308 0.08864542401336309 0.10251287799792799
1 0.3208097499602291 0.3080694809744654 0.08550224267981754 0.10080482878371626
1 0.21383140193350308 0.500068582298373 0.08544769867918127 0.09611732878371626
1 0.07603250461491147 0.3849978922659517 0.08226815467854491 0.09128427956950454
1 0.8674103879296851 0.5586497553721743 0.09807496801399936 0.10763702564056317
1 0.3289013239179129 0.6203340405277593 0.09022610534690845 0.10414815260503385
1 0.933062112587549 0.6265864261741732 0.10288973734881743 0.11879284946188076
1 0.7583342852482766 0.6622220574818701 0.09816587468172652 0.11544952564056317
1 0.8111245726050484 0.49193098221281045 0.09178860534690828 0.10422092721213971
1 0.13917739461332063 0.3996640138537389 0.08704656134627213 0.09931510339082213
1 0.6549723805697317 0.7449553207164364 0.08559314934754489 0.10861732878371626
1 0.7243485418921413 0.8286989280362 0.10766814401654479 0.12682367328319835
1 0.6966160825907307 0.5921235731976358 0.09340564934754489 0.10898120181924557
1 0.36990648989500485 0.7910853422231704 0.09658519334818116 0.1138142510334573
1 0.7686712538988228 0.781517867035164 0.0871556493475449 0.1086901033908223
1 0.18415408728518404 0.3634568401562558 0.07427384134309048 0.07529540653397522
1 0.5979962219128222 0.6703876602535198 0.10610564401654479 0.1267508986760923
1 0.3475144165738679 0.7001499731165826 0.08546588001272663 0.09767982878371625
1 0.4268297465786405 0.6686688407754284 0.08866360534690845 0.10407537799792799