1 0.09765625 0.62421875 0.0609375 0.08203125
1 0.08515625 0.70390625 0.06875 0.08515625
1 0.55390625 0.309375 0.0734375 0.0875
1 0.45625 0.32265625 0.06640625 0.08671875
1 0.6203125 0.35703125 0.06484375 0.08671875
1 0.2578125 0.61171875 0.0734375 0.08203125
1 0.04609375 0.89609375 0.07421875 0.09609375
1 0.2546875 0.8046875 0.07109375 0.09140625
1 0.31875 0.38984375 0.06015625 0.084375
1 0.0453125 0.54765625 0.06484375 0.08359375
1 0.90703125 0.5578125 0.0859375 0.0953125
1 0.03125 0.625 0.05703125 0.084375
1 0.18828125 0.65234375 0.06953125 0.0796875
1 0.1109375 0.54296875 0.0625 0.0796875
1 0.50859375 0.36953125 0.071875 0.0890625
1 0.29375 0.8828125 0.08125 0.09140625
1 0.1953125 0.48359375 0.05703125 0.07421875
1 0.35625 0.45703125 0.07109375 0.0921875
1 0.28984375 0.50390625 0.0609375 0.0890625
1 0.7296875 0.34296875 0.0765625 0.08828125
1 0.25703125 0.43984375 0.0625 0.08125
1 0.49140625 0.2671875 0.06171875 0.08671875
1 0.21953125 0.72890625 0.0671875 0.09140625
1 0.0640625 0.796875 0.0734375 0.09296875
1 0.86171875 0.6234375 0.07421875 0.09140625
1 0.36484375 0.8453125 0.08046875 0.1
1 0.38671875 0.51875 0.0671875 0.09609375
1 0.82578125 0.503125 0.078125 0.09375
1 0.5359375 0.209375 0.0703125 0.090625
1 0.428125 0.58359375 0.07578125 0.09375
1 0.6859375 0.40625 0.071875 0.08984375
1 0.75390625 0.45703125 0.078125 0.09375
1 0.2921875 0.68515625 0.07578125 0.0875
1 0.66015625 0.296875 0.0734375 0.0859375
1 0.32421875 0.5703125 0.065625 0.084375
1 0.51015625 0.7375 0.08046875 0.10078125
1 0.57578125 0.41484375 0.0734375 0.08984375
1 0.021875 0.7046875 0.04140625 0.08671875
1 0.2234375 0.38046875 0.05859375 0.08203125
1 0.56796875 0.55234375 0.0828125 0.09375
1 0.33046875 0.759375 0.07578125 0.0921875
1 0.59609375 0.25078125 0.07109375 0.08046875
1 0.64375 0.46171875 0.071875 0.08515625
1 0.28515625 0.334375 0.06796875 0.084375
1 0.2234375 0.5484375 0.06875 0.0796875
1 0.06484375 0.47109375 0.0671875 0.07578125
1 0.86875 0.43984375 0.08046875 0.08828125
1 0.3609375 0.63671875 0.071875 0.08671875
1 0.94765625 0.48984375 0.08359375 0.0984375
1 0.7859375 0.56875 0.078125 0.096875
1 0.8 0.3890625 0.07421875 0.08671875
1 0.1296875 0.46953125 0.06953125 0.0828125
1 0.70390625 0.67578125 0.0671875 0.0921875
1 0.0140625 0.7859375 0.028125 0.0984375
1 0.78984375 0.73984375 0.08515625 0.10703125
1 0.02890625 0.97421875 0.0578125 0.0515625
1 0.7109375 0.515625 0.07421875 0.09140625
1 0.43828125 0.79296875 0.07734375 0.09609375
1 0.821875 0.68203125 0.06875 0.09296875
1 0.16484375 0.42265625 0.0625 0.06015625
1 0.6328125 0.6171875 0.08359375 0.10703125
1 0.396875 0.709375 0.06953125 0.08046875
1 0.46640625 0.65859375 0.07109375 0.08671875