1 0.2781484629868973 0.20579958116686256 0.1352954528527029 0.18970915665497756
1 0.20920994851398592 0.5947569411509765 0.12988020678164433 0.1740023360381265
1 0.45675488255055113 0.6350445706135558 0.1298802067816443 0.1740023360381265
1 0.7748736056671337 0.2848396136309713 0.13038962903138546 0.18493983603812653
1 0.06283269716868774 0.7742790255675451 0.12566539433737547 0.20067393019392804
1 0.24539581327734758 0.4053904780826074 0.13544100206691462 0.19283415665497755
1 0.5510912717161309 0.8423270109537533 0.12980743217453855 0.17243983603812651
1 0.123540083955512 0.3860620052750058 0.13195212903138528 0.1849671095770768
1 0.7006118904084341 0.6705765162287591 0.12995298138875028 0.1755648360381265
1 0.4908153211352304 0.44094969723676114 0.13522267824559703 0.1881466566549775
1 0.1757124361079891 0.7935529512972462 0.13329630521006774 0.18030688311602727
1 0.6665514518237547 0.8646713896055538 0.13344185442427942 0.1834318831160271
1 0.5272558970234626 0.24611448416839213 0.12868157981717357 0.18178756249917613
1 0.7345631670824545 0.4788253928519645 0.12809938296032683 0.16928756249917623
1 0.6172130012428543 0.4634849906612139 0.12839048138875012 0.1755375624991761
1 0.3341906778358215 0.6141399610364788 0.13678517824559702 0.18817393019392786
1 0.40465530500517993 0.22599112459131526 0.1303896290313853 0.18493983603812653
1 0.5795010237830456 0.6520429301906325 0.1350771290313853 0.18502165665497755
1 0.29775010194758933 0.8089751741048479 0.13685795285270289 0.18973643019392802
1 0.3719390425991832 0.42480077150706014 0.13471325599585598 0.17720915665497755
1 0.7923498184491432 0.8832867962605311 0.13947353060296203 0.1788534772718286
1 0.8951668349889694 0.3041408128996227 0.1267552067816446 0.17394778896022584
1 0.42280360587653076 0.8267956939903502 0.13693072745980875 0.19129893019392802
1 0.8578722344936314 0.5005248891985166 0.12988020678164425 0.1740023360381265
1 0.09193255728149155 0.5778540389602258 0.13068072745980874 0.1911898360381265
1 0.1601625963615088 0.18732054220663671 0.1236302067816443 0.1738932418823252
1 0.6514553763452982 0.2654838672844193 0.12719185442427944 0.18332278896022586
1 0.8263738697302696 0.6899731728837366 0.12846325599585598 0.17710006249917623