1 0.246875 0.23515625 0.103125 0.1765625
1 0.25078125 0.6328125 0.103125 0.1625
1 0.50625 0.634375 0.1 0.1609375
1 0.7578125 0.23515625 0.1 0.171875
1 0.1328125 0.8359375 0.103125 0.1875
1 0.25234375 0.43828125 0.103125 0.1796875
1 0.6390625 0.82578125 0.1 0.159375
1 0.12734375 0.4390625 0.103125 0.171875
1 0.75546875 0.63046875 0.1 0.1625
1 0.50390625 0.43515625 0.1046875 0.175
1 0.25546875 0.8359375 0.103125 0.1671875
1 0.7578125 0.82890625 0.1046875 0.1703125
1 0.50390625 0.23515625 0.1 0.1703125
1 0.7546875 0.43515625 0.1 0.1578125
1 0.634375 0.4375 0.1 0.1625
1 0.3796875 0.63203125 0.10625 0.175
1 0.378125 0.23515625 0.1 0.171875
1 0.63203125 0.63125 0.1046875 0.171875
1 0.3796875 0.83203125 0.10625 0.178125
1 0.38203125 0.43828125 0.10625 0.1640625
1 0.88828125 0.82734375 0.1109375 0.165625
1 0.88125 0.2359375 0.1 0.1625
1 0.5078125 0.83046875 0.10625 0.178125
1 0.88203125 0.4359375 0.103125 0.1625
1 0.13125 0.634375 0.1 0.1796875
1 0.1265625 0.2359375 0.0953125 0.1625
1 0.63125 0.2359375 0.0984375 0.171875
1 0.88515625 0.63046875 0.1 0.1640625