1 0.24765625 0.23359375 0.103125 0.17421875
1 0.2515625 0.6265625 0.10078125 0.16015625
1 0.50390625 0.62734375 0.1 0.159375
1 0.753125 0.23359375 0.09921875 0.1703125
1 0.13515625 0.8265625 0.103125 0.1859375
1 0.25234375 0.434375 0.103125 0.17734375
1 0.63515625 0.81640625 0.1 0.15859375
1 0.12890625 0.434375 0.10078125 0.17109375
1 0.75078125 0.62421875 0.1 0.16171875
1 0.5015625 0.43125 0.10390625 0.1734375
1 0.25546875 0.82734375 0.103125 0.16484375
1 0.753125 0.8203125 0.103125 0.16796875
1 0.5015625 0.23359375 0.09765625 0.16796875
1 0.74921875 0.43046875 0.09921875 0.15546875
1 0.63046875 0.43359375 0.09921875 0.1609375
1 0.37890625 0.62578125 0.1046875 0.1734375
1 0.3765625 0.23359375 0.09921875 0.17109375
1 0.628125 0.625 0.10390625 0.1703125
1 0.37890625 0.8234375 0.1046875 0.175
1 0.38125 0.43359375 0.1046875 0.1625
1 0.88125 0.81875 0.109375 0.16328125
1 0.875 0.23359375 0.09765625 0.16015625
1 0.50546875 0.82109375 0.1046875 0.1765625
1 0.875 0.43203125 0.10078125 0.16015625
1 0.1328125 0.628125 0.09765625 0.17734375
1 0.128125 0.23359375 0.09375 0.16015625
1 0.62734375 0.23359375 0.096875 0.16953125
1 0.87890625 0.6234375 0.09921875 0.1625