0 0.41325591969806535 0.6709268339433663 0.25008285499341076 0.28570333203372567
0 0.5070807260940907 0.11987231659773046 0.22887949980360833 0.13234197469763495
0 0.6337502268796577 0.6371132659134585 0.3387453791939077 0.21798966804581604
0 0.2506852803488169 0.14785405529918338 0.2541067587805987 0.17169537603436202
0 0.6514745789462022 0.4103598619112313 0.1185328731437835 0.23261360001590833
0 0.18980180162244747 0.273554036640683 0.14943743949875796 0.1736022266868173
0 0.19900758821778028 0.5710830173058649 0.3027351563212707 0.20507149737427088
0 0.5206659822424109 0.20173993459582143 0.21822380093507637 0.1806522053628168
0 0.472201211165172 0.20699105593573025 0.18850902985783763 0.17561926002545336
0 0.41422053952219906 0.23657001527691168 0.1463124394987579 0.1735658640197264
0 0.2765432775201465 0.2686387226289108 0.15418857201231528 0.18459427068745357
0 0.3516296359314029 0.25292226861872946 0.15259880093507636 0.1798885893539081
0 0.1458331121236895 0.4459290233131828 0.2073226623713949 0.18677493602799872
0 0.30074332592114017 0.4058478212921838 0.1745010720123153 0.18483062802354447
0 0.4037319705349459 0.4280853532781843 0.12775333703942984 0.20616018801718106
0 0.7261018742239379 0.47354965790105 0.14975560206654456 0.2282897266868172
0 0.5669450428418488 0.43790415392268534 0.12169423458010194 0.23889996268299923
0 0.4652870940715128 0.45549219060313934 0.1127283007386847 0.30910337468172655
0 0.5378529613615637 0.33590584926004885 0.09496810811666875 0.21046588001272665