0 0.4203125 0.67734375 0.24375 0.27890625
0 0.5015625 0.12578125 0.22578125 0.12578125
0 0.63984375 0.6421875 0.334375 0.2078125
0 0.2453125 0.15546875 0.25078125 0.1640625
0 0.65234375 0.415625 0.1125 0.2296875
0 0.1875 0.28125 0.1453125 0.16953125
0 0.20390625 0.57890625 0.2984375 0.196875
0 0.51640625 0.2078125 0.21484375 0.175
0 0.46875 0.21328125 0.18515625 0.16953125
0 0.4109375 0.24296875 0.1421875 0.16953125
0 0.27421875 0.27578125 0.14921875 0.18046875
0 0.34921875 0.259375 0.14921875 0.175
0 0.14765625 0.45390625 0.20390625 0.18046875
0 0.3015625 0.4125 0.17109375 0.18046875
0 0.40546875 0.434375 0.1234375 0.20234375
0 0.72890625 0.478125 0.1453125 0.22421875
0 0.56875 0.44296875 0.11640625 0.23515625
0 0.4671875 0.46171875 0.10546875 0.30625
0 0.53671875 0.34140625 0.090625 0.2078125