0 0.4578125 0.72578125 0.2703125 0.3109375
0 0.5484375 0.109375 0.25 0.140625
0 0.7015625 0.6859375 0.371875 0.23125
0 0.2640625 0.14296875 0.278125 0.1828125
0 0.715625 0.4328125 0.125 0.25625
0 0.19921875 0.28359375 0.1609375 0.1890625
0 0.21796875 0.615625 0.33125 0.21875
0 0.56484375 0.2015625 0.2375 0.1953125
0 0.51171875 0.20703125 0.20625 0.1890625
0 0.44765625 0.240625 0.15625 0.1890625
0 0.29609375 0.27734375 0.165625 0.2015625
0 0.37890625 0.259375 0.165625 0.1953125
0 0.15546875 0.47578125 0.225 0.2015625
0 0.3265625 0.4296875 0.190625 0.2015625
0 0.44140625 0.45390625 0.1375 0.225
0 0.80078125 0.503125 0.1609375 0.25
0 0.62265625 0.46328125 0.128125 0.2625
0 0.51015625 0.484375 0.1171875 0.340625
0 0.58671875 0.35078125 0.1 0.23125