0 0.46296140162091487 0.7099474785297896 0.28246035825218596 0.31895991553090164
0 0.46694694173996476 0.15428130745486732 0.24268355172143127 0.16227029977412108
0 0.6757862946346732 0.6646482020096689 0.36314487386128247 0.2628456943995097
0 0.21734873502387556 0.19587946032569964 0.27378970798203356 0.20462439974588623
0 0.6569370577966991 0.4374486651779659 0.1443403101589517 0.24854245776545092
0 0.17740083601966744 0.32453581036805196 0.16893851687504097 0.19383954721387225
0 0.23534234390903377 0.6218427208490434 0.3250992368379741 0.2450365681193853
0 0.4931944724100038 0.23611513637994505 0.2381250264936879 0.21034377872743368
0 0.44667413647515436 0.2435412285297896 0.20811014427970279 0.1992396787556685
0 0.39324160162876404 0.2762935443712749 0.1657589531727101 0.1920950366905286
0 0.26284726269868974 0.3154785997600037 0.17400796279135697 0.20505006299888784
0 0.3346577753125615 0.29549159442774464 0.17378970798203355 0.19880006299888783
0 0.1616642525318887 0.49904298670464603 0.2289137176006804 0.21448524715740264
0 0.3088914273968125 0.4507027391943076 0.19593752649368784 0.2078866366622938
0 0.41474212331312843 0.46778309435715737 0.15122522721932724 0.22243498407381015
0 0.740878037378279 0.49691394141573797 0.1754811827542902 0.24723756299888783
0 0.5777232729503088 0.4686993942018656 0.14919150126594438 0.25350297355046647
0 0.4795412332945951 0.49260806008570324 0.14852186787083282 0.32363346302712265
0 0.5321255415546302 0.36858600213672577 0.12002979092165802 0.22217737884037314