0 0.6130249049227874 0.5909782849689404 0.1435467261808167 0.2118133413827959
0 0.50452471245727 0.15464231670568268 0.21471102084968247 0.13582515439406198
0 0.7071493264721151 0.6883283095795467 0.16730247492717537 0.2234328029821361
0 0.7988103260764037 0.8434681021368415 0.2545009465556454 0.161961757059629
0 0.46132732726353803 0.37623016020004973 0.168501262074194 0.21097826708875883
0 0.5376230543022844 0.33388118731793837 0.16831940564770315 0.20472826708875883
0 0.6425125134608491 0.7599472453146395 0.16032504922121263 0.1982509465556454
0 0.3017511211409811 0.754723570070895 0.16542172618081655 0.21244983887551355
0 0.21051601887112548 0.6386917416202228 0.18618886724704345 0.22866587226160834
0 0.8402549946562307 0.6014995624825407 0.18509772868809904 0.19116587226160817
0 0.2754289988793728 0.9337973046314888 0.22229620031656916 0.12823997492717537
0 0.8821529896416658 0.5589316292547303 0.19381951082055265 0.22264319279472175
0 0.4002738184880494 0.29782636388183115 0.14993311850068453 0.21668269780928656
0 0.5400229771052534 0.4395090616911178 0.23018290815498563 0.18467183135366608
0 0.3990149145562058 0.8247980408414353 0.14615490063313832 0.2477963054894186
0 0.7703911240439749 0.6377803917911427 0.18347304420664762 0.2426374440483629
0 0.2887884006996453 0.23281146615168674 0.14157504922121245 0.19770537727617327
0 0.7328265910535915 0.5045443429656415 0.21650084138279588 0.1436831185006847
0 0.7586951060972863 0.6366581609914725 0.15346729546028862 0.230836126022532
0 0.1557111954350182 0.7754954081549856 0.18101798244902273 0.1582624440483631
0 0.12105270209893577 0.6767480195960414 0.16836486975432585 0.20629076708875882
0 0.36968643039132343 0.6503603304957363 0.22411476458147642 0.19073997492717537
0 0.6147227633943422 0.2907736964891384 0.14180236975432586 0.20551787727617327
0 0.38949074584336485 0.1309654728156043 0.20882473370266394 0.1481432979675712
0 0.5197572558724948 0.22232992187853218 0.21084187476889085 0.1638137620741939
0 0.31578515822149267 0.2992775521242063 0.1827910826073073 0.21919994404836302
0 0.3399607926238019 0.3820816919367919 0.1132394490629279 0.13599498746358768
0 0.8769988252184738 0.6823236651481077 0.16824519780928676 0.14852373119538137
0 0.7699699237274059 0.7597463200043879 0.20275659012915453 0.1542114415410804
0 0.42141040327343476 0.7269288421742187 0.19497283386094857 0.20862615690134448
0 0.2258418390085275 0.7837912929530063 0.1649383413827959 0.14218280298213629
0 0.24234136573070475 0.8616806122324785 0.22381323620994645 0.1267229390337981
0 0.35210281063699755 0.8515818496960662 0.09000052586424748 0.08848348997087001
0 0.6729909383088822 0.5723934210206024 0.07901756175762475 0.08660274122451135