0 0.61640625 0.5921875 0.10859375 0.19375
0 0.56484375 0.1453125 0.19765625 0.1
0 0.69765625 0.70078125 0.13125 0.2
0 0.76875 0.86640625 0.23359375 0.11953125
0 0.49375 0.36015625 0.13515625 0.18671875
0 0.575 0.32734375 0.13515625 0.18046875
0 0.62421875 0.76328125 0.12890625 0.17578125
0 0.2875 0.71484375 0.13125 0.1890625
0 0.21171875 0.58828125 0.15 0.20234375
0 0.840625 0.63125 0.15625 0.16328125
0 0.23828125 0.8890625 0.20625 0.09140625
0 0.8875 0.59453125 0.15859375 0.1953125
0 0.44296875 0.27421875 0.11484375 0.19765625
0 0.56328125 0.4328125 0.20390625 0.14765625
0 0.375 0.796875 0.10390625 0.23046875
0 0.76640625 0.65859375 0.14375 0.2171875
0 0.340625 0.1953125 0.11015625 0.178125
0 0.74609375 0.521875 0.19765625 0.10859375
0 0.75546875 0.65625 0.11484375 0.2109375
0 0.13984375 0.71640625 0.15859375 0.13046875
0 0.11796875 0.6140625 0.13515625 0.1828125
0 0.36796875 0.61953125 0.19765625 0.1546875
0 0.65703125 0.29453125 0.10859375 0.18671875
0 0.45390625 0.1078125 0.18984375 0.11328125
0 0.57109375 0.21484375 0.1875 0.13046875
0 0.359375 0.26484375 0.14765625 0.19375
0 0.37265625 0.35 0.09140625 0.11953125
0 0.86640625 0.71640625 0.14609375 0.121875
0 0.75078125 0.7796875 0.18125 0.121875
0 0.409375 0.70234375 0.1625 0.18046875
0 0.20859375 0.73359375 0.14375 0.1171875
0 0.21484375 0.81328125 0.20859375 0.0890625
0 0.325 0.8171875 0.07734375 0.07421875
0 0.67890625 0.58125 0.06640625 0.07421875