0 0.8542312662744413 0.348251604793625 0.23133752471457925 0.1250992368379741
0 0.6688574989742359 0.4239261834720803 0.21248936562705048 0.16032740870767306
0 0.8872400844494994 0.4213815699472347 0.1983976907221905 0.12082839908902616
0 0.8290535582520452 0.5437451540679856 0.20011669961943923 0.1630158990890262
0 0.7842623230807929 0.4717684611468945 0.23235619665368965 0.1500992368379741
0 0.6087887736888151 0.30447428982534974 0.22093853558899426 0.17622522721932726
0 0.6244509243733871 0.38091030425332006 0.2077381986308559 0.1586012176006804
0 0.6625982287082807 0.519938087918584 0.24402852570316255 0.13022324645662095
0 0.6609494984799442 0.42599711496042597 0.22011086463846716 0.15591272721932725
0 0.6363421348300602 0.5690923505324557 0.23372769566510634 0.14546630054030488
0 0.4986630627006695 0.5110838991738442 0.14938718775644091 0.10507442431676957
0 0.6312461165412715 0.6557565368301249 0.17843270060802235 0.16693950725639403
0 0.5702396323586022 0.5785194250345598 0.10493685079830276 0.08635914065150559