0 0.834375 0.2625 0.21640625 0.084375
0 0.6671875 0.37265625 0.18828125 0.12578125
0 0.8890625 0.32734375 0.196875 0.084375
0 0.84765625 0.459375 0.175 0.13125
0 0.78984375 0.396875 0.21171875 0.11015625
0 0.58515625 0.26640625 0.1953125 0.13984375
0 0.61484375 0.33828125 0.18515625 0.12421875
0 0.6796875 0.46796875 0.228125 0.08671875
0 0.66015625 0.37578125 0.1984375 0.11875
0 0.6640625 0.5203125 0.21484375 0.1046875
0 0.5171875 0.48984375 0.13515625 0.0796875
0 0.67578125 0.60625 0.1515625 0.1390625
0 0.60078125 0.5421875 0.09140625 0.06875