1 0.5456273732963526 0.39262748838802447 0.053367194681858444 0.05926735141192587
1 0.5294086520237864 0.6247413064138554 0.08238683674699843 0.10222774122451135
1 0.5559249203690506 0.7037923089211379 0.056765210466874015 0.06404577962517113
1 0.5884875204114028 0.6582381165221276 0.055202710466874014 0.0640003155185486
1 0.6640783255883701 0.7468172317241069 0.058418715728545935 0.06565374373179385
1 0.5977777623777207 0.8043091344688162 0.06457771046687384 0.06427310015828454
1 0.734413941415738 0.7048594007661523 0.05814569994353018 0.060966243731793844
1 0.7915369257013096 0.6241573185545564 0.054929694681858446 0.05931281551854841
1 0.8113558730140038 0.6822736954350181 0.05814569994353036 0.060966243731793844
1 0.811440631047686 0.5359298928485934 0.048497684158514784 0.056005959092057724
1 0.6978456518120247 0.8428738778048988 0.09470482622365459 0.09946645407749281
0 0.8165145388978414 0.5827366966886595 0.05097023677523325 0.07167642319868044
0 0.7808206916274995 0.48047551471449046 0.05649219468185844 0.059358279625171304
0 0.6333218782756758 0.6890191035900038 0.06419827886860804 0.08454013605166182
0 0.7715946939759867 0.7789046545270759 0.06705026308359266 0.07994356426490726
0 0.8646782940889264 0.6572449517032244 0.054550263083592655 0.07957985141192588
0 0.5087915861117138 0.7544659103330638 0.07210178413027979 0.08632995658477541
0 0.4023001204537552 0.6190488990502926 0.08680132096198281 0.0976766335443795