1 0.4795315332438294 0.3996416325986849 0.04653416327441171 0.0536340773392725
1 0.4900275407070612 0.631409253262276 0.07210072930778502 0.09453179734245402
1 0.5252822879935277 0.7036109699236398 0.049904824739800804 0.05835794000636341
1 0.5529845641128096 0.6517575685869128 0.0483423247398008 0.05833975867281786
1 0.6374580613992762 0.7233865732415952 0.05154921189493056 0.059938621339908946
1 0.5783453329960022 0.7935632605824584 0.057717324739800804 0.05844884667409058
1 0.7020838054063823 0.6671996605665501 0.05130355042954129 0.05525112133990877
1 0.7498020104039079 0.5760746738940503 0.049659163274411534 0.05367044000636341
1 0.7758831535519315 0.6296445692234596 0.05130355042954129 0.05525112133990877
1 0.7592389654014335 0.485395129893414 0.0432453889641522 0.0504727146721816
1 0.6828723807120101 0.8103047705681409 0.08435506784239592 0.08998974801081765
0 0.7694051814802356 0.5297809292250504 0.04258364767057934 0.06764203333863605
0 0.7227559107880207 0.43663091323205017 0.051221663274411536 0.053688621339908774
0 0.6003165875185579 0.672287697247004 0.05409435775648763 0.07870680267345413
0 0.7478632948909327 0.7322519485598685 0.05845430913596861 0.07251134667409058
0 0.8262040581199159 0.5931434478835508 0.0445555834462283 0.0754727146721816
0 0.4846705760985972 0.7634223219287305 0.06355124491161739 0.08037839067472703
0 0.3632636448455042 0.6516228506126843 0.07646068068726608 0.08833634134309029