1 0.50546875 0.40546875 0.04140625 0.05078125
1 0.51640625 0.63828125 0.0625 0.08984375
1 0.5515625 0.71328125 0.04375 0.05625
1 0.57890625 0.66328125 0.0421875 0.05625
1 0.66328125 0.73984375 0.0453125 0.0578125
1 0.6046875 0.80703125 0.05234375 0.0546875
1 0.728125 0.68828125 0.04609375 0.05234375
1 0.77578125 0.6 0.04375 0.05078125
1 0.8015625 0.6546875 0.04609375 0.05234375
1 0.78515625 0.509375 0.0375 0.0484375
1 0.70859375 0.83046875 0.075 0.0859375
0 0.7953125 0.5546875 0.0359375 0.065625
0 0.7484375 0.45859375 0.0453125 0.05078125
0 0.6265625 0.68671875 0.04609375 0.0765625
0 0.7734375 0.75625 0.0515625 0.06953125
0 0.8515625 0.621875 0.0375 0.0734375
0 0.5109375 0.7703125 0.0546875 0.0765625
0 0.38984375 0.65078125 0.0671875 0.084375