1 0.40625 0.50703125 0.053125 0.04375
1 0.64921875 0.49609375 0.09375 0.065625
1 0.72734375 0.459375 0.059375 0.0453125
1 0.67578125 0.43046875 0.059375 0.04375
1 0.75625 0.34296875 0.0609375 0.046875
1 0.82578125 0.403125 0.05625 0.0546875
1 0.70234375 0.275 0.0546875 0.0484375
1 0.61015625 0.225 0.053125 0.0453125
1 0.66640625 0.19765625 0.0546875 0.0484375
1 0.51484375 0.215625 0.05 0.0390625
1 0.85 0.2953125 0.090625 0.078125
0 0.56171875 0.2046875 0.06875 0.0375
0 0.46171875 0.25390625 0.053125 0.046875
0 0.7 0.38125 0.08125 0.0484375
0 0.77265625 0.22734375 0.071875 0.053125
0 0.63203125 0.14609375 0.0765625 0.0390625
0 0.7875 0.5015625 0.08125 0.0578125
0 0.6625 0.628125 0.0875 0.0703125