1 0.61171875 0.44296875 0.05625 0.0453125
1 0.3546875 0.43125 0.1 0.06875
1 0.271875 0.3921875 0.0625 0.0484375
1 0.3265625 0.36171875 0.0625 0.046875
1 0.24140625 0.26875 0.0640625 0.05
1 0.16796875 0.3328125 0.059375 0.0578125
1 0.2984375 0.196875 0.0578125 0.05
1 0.39609375 0.14453125 0.05625 0.0484375
1 0.3359375 0.115625 0.0578125 0.05
1 0.496875 0.13359375 0.053125 0.040625
1 0.1421875 0.21796875 0.0953125 0.0828125
0 0.446875 0.12265625 0.071875 0.040625
0 0.553125 0.175 0.05625 0.05
0 0.30078125 0.309375 0.084375 0.05
0 0.22421875 0.14609375 0.0765625 0.05625
0 0.37265625 0.0609375 0.08125 0.040625
0 0.20859375 0.43671875 0.084375 0.0609375
0 0.340625 0.5703125 0.09375 0.075