1 0.34115298328250004 0.0554318676828344 0.11980596656500006 0.1108637353656688
1 0.14667693787965286 0.09134664178513537 0.16580945079743065 0.14313289734428025
1 0.1296089920193061 0.633706858607648 0.10596167211208343 0.12247496369925485
1 0.2485570541396532 0.5408148557789778 0.11402874525034734 0.13345791549465283
0 0.16781032152274328 0.26077789783525956 0.16457425911805568 0.15718630698520064
1 0.1932486922480559 0.3801773376286051 0.13063567021222236 0.17573631908544912
1 0.550201981382639 0.106188829142594 0.1385209053945836 0.17890677088084717
0 0.4521995860560417 0.05985120208998568 0.15752417211208342 0.11970240417997136
1 0.2627221248093752 0.20943759075186308 0.11235714247680564 0.1287613251355732
1 0.23394708064079897 0.4166642834720749 0.10283667211208343 0.1224567829810955
1 0.3498389586812154 0.1253256902843249 0.13786628875333343 0.15078177088084713
1 0.47387652393569457 0.15038880191703505 0.1316526563445141 0.15230790944452863
1 0.42860104473725713 0.1858132175098838 0.08514002583555555 0.10048178903121974
1 0.5888124993344099 0.22082350088376276 0.1011287017473613 0.11619769262201593
1 0.2533081443766667 0.07447275917338217 0.14411628875333343 0.14894551834676434
1 0.36626665852871554 0.2940029674116879 0.10439917211208342 0.12246587334017515
1 0.2486070330537503 0.3079705395221991 0.10472648043270849 0.13652837334017515
0 0.14865635875746533 0.04274603620254937 0.14418771751493065 0.08549207240509873
1 0.37498573546670155 0.1986268348981306 0.114137848023889 0.1381454154946528
1 0.27149575313413205 0.11640520823830576 0.12543902393569456 0.15383404800821018
1 0.0699216014423615 0.4527795663549745 0.12195034802388902 0.13819086729005098
1 0.1046570113022572 0.3002131025575239 0.14266289152687514 0.155496541958086
1 0.1310773069894448 0.4618000423508694 0.12482208130638908 0.19444995764913067
1 0.09576709488975696 0.019331262100248412 0.05403418977951393 0.038662524200496824
1 0.06753952422003502 0.3504358163549745 0.106652656344514 0.15216246369925485
1 0.1581430743725349 0.18113584963065765 0.15356402393569457 0.15399767447164328
1 0.52396874933441 0.22120075078556695 0.09800370174736131 0.1161795119038567
1 0.08699477298576404 0.17920571096878027 0.10378222948277793 0.16308178298109555
1 0.3859199694147917 0.031858012296640134 0.11558993882958335 0.06371602459328027
1 0.5325949476632987 0.022832470240358296 0.11206489532659739 0.04566494048071659
0 0.3031315321038197 0.3342194221339523 0.12983688962701406 0.20853972872636942
1 0.04499237699357669 0.355255126561629 0.06072190729444456 0.12533634328594587
1 0.05638185904180576 0.24032956332991243 0.04749455547083341 0.0940136204133089
1 0.09182513050895838 0.05139432835702708 0.06802526101791675 0.10278865671405416
1 0.44098867591180557 0.014447798499189504 0.07260235182361115 0.028895596998379007
1 0.20381859707395847 0.16289893403780892 0.11137652393569457 0.15375223477649363