1 0.9140625 0.63125 0.109375 0.159375
1 0.13828125 0.5109375 0.1265625 0.15625
1 0.515625 0.453125 0.1171875 0.1515625
1 0.38984375 0.29140625 0.121875 0.14375
1 0.58359375 0.56484375 0.11875 0.153125
1 0.74609375 0.6390625 0.11875 0.159375
1 0.48125 0.85625 0.134375 0.178125
1 0.65 0.740625 0.125 0.1703125
1 0.325 0.58359375 0.13125 0.1671875
1 0.86015625 0.47265625 0.1125 0.1625
1 0.96015625 0.7921875 0.0796875 0.1625
1 0.6375 0.38046875 0.125 0.1640625
1 0.61328125 0.17734375 0.1171875 0.1484375
1 0.9640625 0.4578125 0.071875 0.159375
1 0.81171875 0.3390625 0.115625 0.1640625
1 0.7734375 0.21875 0.103125 0.1171875
1 0.8921875 0.19765625 0.1171875 0.140625
1 0.92578125 0.31640625 0.096875 0.1328125
1 0.98359375 0.62265625 0.03125 0.16875