1 0.4078125 0.0671875 0.175 0.1203125
1 0.53828125 0.9109375 0.16875 0.1375
1 0.6015625 0.50078125 0.165625 0.128125
1 0.778125 0.63671875 0.1578125 0.1328125
1 0.48046875 0.4265625 0.1671875 0.128125
1 0.39921875 0.25 0.171875 0.128125
1 0.1625 0.53828125 0.19375 0.1453125
1 0.28828125 0.3546875 0.1859375 0.1359375
1 0.459375 0.7078125 0.18125 0.1421875
1 0.58046875 0.1265625 0.1765625 0.121875
1 0.23125 0.03046875 0.1765625 0.0609375
1 0.68125 0.36796875 0.178125 0.134375
1 0.90234375 0.39453125 0.1625 0.128125
1 0.596875 0.02578125 0.175 0.0515625
1 0.7265625 0.17890625 0.178125 0.125
1 0.85703125 0.2203125 0.128125 0.1125
1 0.88046875 0.09140625 0.153125 0.128125
1 0.75078125 0.0546875 0.14375 0.10625
1 0.4171875 0.0046875 0.184375 0.009375