1 0.08580248100138935 0.5308227531232579 0.14636977298576404 0.18051472267624522
1 0.8621298980794796 0.5833451850197676 0.1603959053945836 0.1790340359079618
1 0.5081119324644101 0.4463234706331417 0.15087543502986128 0.17272949375348415
1 0.6613434223964239 0.31572693472518 0.15385496466513898 0.16649767447164338
1 0.41883318654847274 0.5382615066392994 0.15247430262104178 0.17430108411256368
1 0.24699520735003516 0.5744222413175971 0.1541822729857641 0.18056017447164335
1 0.460281683033091 0.8419677687395477 0.17344141926229178 0.2025442587805987
1 0.3200898280753478 0.6935444251590144 0.1638482137152085 0.19311471662612104
1 0.6659276985163199 0.6133968202637995 0.16849934612402784 0.19157948770335978
1 0.1700293977951392 0.38968869301479936 0.14796864057694456 0.1820863130353249
1 0.04072898318559084 0.6756358042547261 0.05410953780340293 0.17685339149054774
1 0.40503952422003503 0.34847229879377706 0.1605777433504862 0.1868465359079617
1 0.46858961189159737 0.15823311817381375 0.14924019984750014 0.16959540339440443
1 0.0683389580156253 0.3512125211754347 0.11333906743868069 0.17094882513557322
1 0.2438279608654169 0.2704932654198981 0.15116637575930572 0.18522949375348405
1 0.304636214665139 0.1638751058771736 0.12972648043270843 0.136673819085449
1 0.19415200313413203 0.11685518101274683 0.14749586189159736 0.16177381303532484
1 0.1380494331300002 0.2242273194782325 0.12692878875333347 0.1507181383672898
1 0.032913217133680985 0.5076897801524252 0.04618793502986125 0.1721204396951496