1 0.12752361640628818 0.707373442699357 0.1385272105759968 0.18216519566510653
1 0.8564606409013725 0.473856513420235 0.15258062021691715 0.18117569863085597
1 0.47920779449216877 0.4741059338392894 0.1431692587805987 0.17454369665368966
1 0.5687737676593934 0.29576736961856415 0.14626698770335977 0.1699835306460784
1 0.4345997973208392 0.5933533409496521 0.14474993949875792 0.17773236364988404
1 0.29144067066101426 0.6890584772997681 0.14633971057599685 0.18248353064607842
1 0.5908190228257547 0.8629376235728967 0.1636544756031114 0.20505886760421674
1 0.40519007415361463 0.7741430845238615 0.15578743344863372 0.1953655326232447
1 0.6891100353187867 0.5732623113293378 0.16046584308955403 0.193994033611828
1 0.1492208335233885 0.5434528641441756 0.14009880093507646 0.1837913626613009
1 0.11130423964826745 0.8730793557412186 0.11664312021691718 0.17971135771838503
1 0.34689474336070064 0.4202885726608633 0.1526260720123153 0.18898819863085597
1 0.3308783370394299 0.21812123619701662 0.14315107806243949 0.17141869665368964
1 0.04846685460062735 0.5440338428896373 0.09160675878059872 0.17244268577927463
1 0.16950554156530254 0.4052498685927999 0.14324198165323568 0.18704369665368964
1 0.1836311531980127 0.2824172050566466 0.12421927088084712 0.13940469269935693
1 0.06801069837755253 0.27848709733826166 0.1337306262670414 0.1632241946765233
1 0.05856804156530252 0.40072951186299816 0.11335449375348408 0.15145902372599623
1 0.054903727842606644 0.7106629273763178 0.06974993949875796 0.17467634783255317