1 0.6015625 0.19375 0.115625 0.165625
1 0.33671875 0.60234375 0.15625 0.1375
1 0.13671875 0.75390625 0.121875 0.1625
1 0.696875 0.2359375 0.140625 0.128125
1 0.7125 0.14296875 0.09375 0.125
1 0.62109375 0.3484375 0.11875 0.14375
1 0.928125 0.109375 0.109375 0.1625
1 0.89375 0.753125 0.1140625 0.146875
1 0.1171875 0.50859375 0.1203125 0.175
1 0.9734375 0.0625 0.053125 0.121875
1 0.3765625 0.33359375 0.11875 0.159375
1 0.0421875 0.534375 0.084375 0.1578125
1 0.23046875 0.86484375 0.121875 0.14375
1 0.5828125 0.7046875 0.121875 0.14375
1 0.05703125 0.96171875 0.1140625 0.0765625
1 0.91328125 0.3125 0.090625 0.125
1 0.52890625 0.14375 0.1125 0.1828125
1 0.15390625 0.62265625 0.11875 0.14375
1 0.44453125 0.94296875 0.11875 0.1125
1 0.5359375 0.28203125 0.1484375 0.1375
1 0.321875 0.24765625 0.090625 0.1234375
1 0.8625 0.459375 0.11875 0.14375
1 0.85703125 0.26796875 0.084375 0.115625
1 0.82734375 0.075 0.146875 0.146875
1 0.7390625 0.56328125 0.1453125 0.140625
1 0.2203125 0.53515625 0.1609375 0.146875
1 0.80234375 0.934375 0.11875 0.13125
1 0.40390625 0.4859375 0.1234375 0.171875
1 0.7890625 0.17890625 0.1171875 0.175
1 0.81796875 0.8109375 0.128125 0.15625
1 0.6890625 0.31484375 0.0921875 0.121875
1 0.75 0.68046875 0.125 0.171875
1 0.3640625 0.68046875 0.0921875 0.115625
1 0.47109375 0.07734375 0.13125 0.1546875
1 0.20859375 0.3703125 0.14375 0.140625
1 0.0734375 0.06640625 0.13125 0.1328125
1 0.965625 0.23828125 0.06875 0.1203125
1 0.6328125 0.1046875 0.146875 0.146875
1 0.64609375 0.76171875 0.0875 0.1265625
1 0.09375 0.3921875 0.134375 0.175
1 0.02265625 0.103125 0.04375 0.1203125
1 0.0484375 0.8859375 0.084375 0.11875
1 0.221875 0.66171875 0.125 0.18125
1 0.90625 0.86640625 0.0875 0.1125
1 0.53359375 0.3890625 0.1125 0.1578125
1 0.97109375 0.10859375 0.0578125 0.2015625
1 0.25078125 0.06484375 0.1046875 0.1296875
1 0.7359375 0.98125 0.121875 0.0375
1 0.4734375 0.83515625 0.11875 0.16875
1 0.8359375 0.66171875 0.11875 0.175
1 0.203125 0.24921875 0.15 0.153125
1 0.965625 0.3515625 0.06875 0.178125
1 0.7484375 0.31875 0.08125 0.109375
1 0.8953125 0.2046875 0.128125 0.15625
1 0.32421875 0.475 0.1234375 0.190625
1 0.8984375 0.6046875 0.115625 0.1921875
1 0.11796875 0.221875 0.1171875 0.20625
1 0.85078125 0.3484375 0.0875 0.121875
1 0.5328125 0.9609375 0.16875 0.078125
1 0.69140625 0.415625 0.1390625 0.1578125
1 0.20390625 0.78203125 0.0875 0.1125
1 0.65390625 0.63359375 0.125 0.16875
1 0.05 0.30078125 0.1 0.1609375
1 0.12890625 0.9671875 0.0875 0.065625
1 0.509375 0.734375 0.0875 0.1125
1 0.8 0.28203125 0.0875 0.1125
1 0.2796875 0.71953125 0.1375 0.165625
1 0.3875 0.984375 0.125 0.03125
1 0.1265625 0.88046875 0.1375 0.16875
1 0.053125 0.19140625 0.10625 0.16875
1 0.1859375 0.946875 0.11875 0.10625
1 0.95234375 0.93125 0.0921875 0.1375
1 0.1984375 0.1515625 0.090625 0.11875
1 0.190625 0.05 0.1015625 0.1
1 0.70859375 0.859375 0.134375 0.203125
1 0.1453125 0.09296875 0.0828125 0.115625
1 0.82421875 0.55078125 0.090625 0.1234375
1 0.07578125 0.60859375 0.0796875 0.1203125
1 0.62578125 0.8421875 0.128125 0.2
1 0.79453125 0.46171875 0.0875 0.121875
1 0.26640625 0.96875 0.11875 0.0625
1 0.44921875 0.19296875 0.0953125 0.134375
1 0.30625 0.771875 0.1265625 0.159375
1 0.0328125 0.640625 0.065625 0.109375
1 0.4484375 0.2703125 0.0875 0.13125
1 0.46640625 0.409375 0.1 0.171875
1 0.92734375 0.03515625 0.1421875 0.0703125
1 0.00859375 0.453125 0.015625 0.171875
1 0.37109375 0.19609375 0.11875 0.1609375
1 0.659375 0.94375 0.1421875 0.1125
1 0.96484375 0.8609375 0.0703125 0.1890625
1 0.2734375 0.44921875 0.0875 0.115625
1 0.95859375 0.553125 0.08125 0.153125
1 0.728125 0.46640625 0.0875 0.1125
1 0.78359375 0.37890625 0.084375 0.1125
1 0.2875 0.1375 0.0875 0.196875
1 0.0171875 0.7640625 0.034375 0.190625
1 0.91484375 0.3953125 0.096875 0.134375
1 0.60546875 0.48203125 0.121875 0.165625
1 0.3953125 0.7609375 0.0828125 0.128125
1 0.321875 0.03046875 0.0921875 0.0609375
1 0.93671875 0.4953125 0.1265625 0.16875
1 0.60859375 0.03359375 0.121875 0.0671875
1 0.19765625 0.44765625 0.1171875 0.1265625
1 0.4203125 0.6453125 0.090625 0.125
1 0.3859375 0.10703125 0.13125 0.1859375
1 0.05546875 0.75234375 0.0875 0.221875
1 0.5328125 0.04140625 0.096875 0.08125
1 0.98984375 0.628125 0.01875 0.134375
1 0.471875 0.61171875 0.109375 0.175
1 0.96328125 0.7046875 0.0734375 0.203125
1 0.74140625 0.02890625 0.134375 0.0578125
1 0.70390625 0.05625 0.134375 0.1125
1 0.025 0.36328125 0.05 0.146875
1 0.3140625 0.93125 0.128125 0.1375
1 0.4390625 0.70859375 0.10625 0.13125
1 0.83125 0.02421875 0.1125 0.046875
1 0.56796875 0.5328125 0.125 0.1859375
1 0.00703125 0.159375 0.0140625 0.1875
1 0.7171875 0.753125 0.125 0.1859375
1 0.52265625 0.584375 0.1171875 0.175
1 0.13671875 0.02734375 0.1046875 0.053125
1 0.546875 0.8125 0.0875 0.11875
1 0.54140625 0.88515625 0.0875 0.1515625
1 0.875 0.92109375 0.103125 0.1578125
1 0.01328125 0.9078125 0.0265625 0.184375
1 0.396875 0.80859375 0.1046875 0.2203125
1 0.37109375 0.18671875 0.13125 0.165625
1 0.284375 0.3234375 0.1140625 0.203125
1 0.1 0.3875 0.1234375 0.184375
1 0.02578125 0.8984375 0.0515625 0.203125