1 0.4046875 0.1984375 0.1125 0.159375
1 0.66171875 0.59453125 0.153125 0.134375
1 0.85703125 0.7421875 0.11875 0.1578125
1 0.3109375 0.2390625 0.1375 0.125
1 0.29609375 0.1484375 0.090625 0.121875
1 0.38515625 0.3484375 0.115625 0.1390625
1 0.0859375 0.115625 0.10625 0.1578125
1 0.11953125 0.74140625 0.1109375 0.14375
1 0.8765625 0.503125 0.1171875 0.16875
1 0.03359375 0.0703125 0.0671875 0.11875
1 0.6234375 0.33359375 0.115625 0.1546875
1 0.95390625 0.52890625 0.090625 0.153125
1 0.765625 0.85 0.11875 0.140625
1 0.42265625 0.69375 0.11875 0.140625
1 0.93671875 0.953125 0.1140625 0.09375
1 0.10078125 0.31328125 0.0875 0.121875
1 0.475 0.14921875 0.109375 0.178125
1 0.83984375 0.6140625 0.115625 0.140625
1 0.55703125 0.93515625 0.115625 0.1296875
1 0.46875 0.28359375 0.1453125 0.1328125
1 0.67734375 0.25 0.0875 0.11875
1 0.15 0.45625 0.115625 0.140625
1 0.15546875 0.2703125 0.08125 0.1125
1 0.18359375 0.08203125 0.14375 0.1421875
1 0.2703125 0.55703125 0.140625 0.1359375
1 0.77578125 0.5296875 0.15625 0.14375
1 0.20859375 0.9265625 0.115625 0.146875
1 0.596875 0.48125 0.1203125 0.16875
1 0.221875 0.18359375 0.1140625 0.16875
1 0.19375 0.796875 0.125 0.1515625
1 0.31875 0.315625 0.090625 0.11875
1 0.259375 0.6703125 0.121875 0.16875
1 0.6359375 0.6703125 0.090625 0.1125
1 0.53125 0.0796875 0.1265625 0.159375
1 0.7875 0.36875 0.140625 0.1375
1 0.91875 0.0703125 0.128125 0.1390625
1 0.04140625 0.2421875 0.08125 0.115625
1 0.3734375 0.1109375 0.14375 0.14375
1 0.3609375 0.74921875 0.084375 0.121875
1 0.89921875 0.390625 0.1296875 0.171875
1 0.9734375 0.109375 0.053125 0.115625
1 0.94296875 0.86953125 0.08125 0.115625
1 0.77421875 0.65234375 0.121875 0.175
1 0.10703125 0.8515625 0.084375 0.109375
1 0.4703125 0.3875 0.109375 0.153125
1 0.0359375 0.115625 0.071875 0.196875
1 0.74609375 0.06796875 0.103125 0.1359375
1 0.27265625 0.971875 0.11875 0.05625
1 0.5296875 0.82109375 0.115625 0.1625
1 0.17578125 0.65234375 0.115625 0.16875
1 0.79296875 0.2515625 0.146875 0.1484375
1 0.04140625 0.3515625 0.08125 0.171875
1 0.2609375 0.31953125 0.0796875 0.10625
1 0.11796875 0.20859375 0.125 0.1515625
1 0.67421875 0.47109375 0.1203125 0.184375
1 0.11484375 0.596875 0.1125 0.1875
1 0.875 0.225 0.1140625 0.2015625
1 0.16171875 0.3484375 0.084375 0.11875
1 0.47109375 0.95234375 0.1640625 0.0953125
1 0.31640625 0.41328125 0.134375 0.153125
1 0.79140625 0.76953125 0.084375 0.109375
1 0.353125 0.62421875 0.121875 0.165625
1 0.94609375 0.3015625 0.1078125 0.15625
1 0.86484375 0.95859375 0.084375 0.0828125
1 0.49375 0.72265625 0.084375 0.109375
1 0.2109375 0.28359375 0.0875 0.109375
1 0.71796875 0.70859375 0.134375 0.1625
1 0.6125 0.975 0.121875 0.05
1 0.86640625 0.86484375 0.134375 0.1625
1 0.94375 0.19453125 0.1125 0.1640625
1 0.80859375 0.9390625 0.115625 0.121875
1 0.053125 0.92421875 0.10625 0.1515625
1 0.796875 0.15625 0.0875 0.115625
1 0.80546875 0.053125 0.0984375 0.10625
1 0.3 0.84453125 0.1296875 0.196875
1 0.8484375 0.1 0.08125 0.1125
1 0.18671875 0.54453125 0.0875 0.11875
1 0.9171875 0.60078125 0.078125 0.115625
1 0.38046875 0.82734375 0.125 0.19375
1 0.21640625 0.4578125 0.084375 0.11875
1 0.73046875 0.96015625 0.115625 0.0796875
1 0.553125 0.19765625 0.09375 0.1296875
1 0.6921875 0.759375 0.1234375 0.1546875
1 0.96328125 0.63203125 0.0734375 0.10625
1 0.553125 0.27265625 0.084375 0.128125
1 0.15078125 0.98359375 0.1859375 0.0328125
1 0.5359375 0.40703125 0.096875 0.16875
1 0.0796875 0.0390625 0.153125 0.078125
1 0.9875 0.44921875 0.025 0.1671875
1 0.628125 0.2 0.115625 0.15625
1 0.34765625 0.9359375 0.1375 0.128125
1 0.0421875 0.84609375 0.084375 0.184375
1 0.72421875 0.4453125 0.084375 0.1125
1 0.0484375 0.54609375 0.096875 0.1484375
1 0.28125 0.4625 0.084375 0.109375
1 0.2265625 0.378125 0.08125 0.109375
1 0.97578125 0.97578125 0.046875 0.046875
1 0.71015625 0.14296875 0.084375 0.190625
1 0.978125 0.75234375 0.04375 0.184375
1 0.09921875 0.39375 0.09375 0.1296875
1 0.98984375 0.04921875 0.0203125 0.0984375
1 0.4 0.47734375 0.11875 0.1625
1 0.60546875 0.7484375 0.08125 0.125
1 0.6765625 0.034375 0.090625 0.06875
1 0.0703125 0.48984375 0.140625 0.1640625
1 0.396875 0.0375 0.11875 0.075
1 0.79765625 0.44375 0.1140625 0.121875
1 0.58046875 0.63671875 0.0875 0.121875
1 0.6140625 0.11328125 0.1265625 0.18125
1 0.93671875 0.740625 0.0875 0.215625
1 0.471875 0.04453125 0.09375 0.0890625
1 0.01796875 0.61953125 0.034375 0.13125
1 0.53125 0.60390625 0.1078125 0.16875
1 0.353125 0.98828125 0.1 0.0234375
1 0.04375 0.69375 0.0875 0.196875
1 0.2671875 0.0328125 0.1296875 0.065625
1 0.3046875 0.059375 0.13125 0.11875
1 0.9703125 0.3625 0.059375 0.14375
1 0.68359375 0.92421875 0.125 0.1515625
1 0.5625 0.6984375 0.103125 0.128125
1 0.53359375 0.98828125 0.0984375 0.0234375
1 0.18046875 0.028125 0.109375 0.05625
1 0.43671875 0.52734375 0.121875 0.18125
1 0.98828125 0.16484375 0.0234375 0.18125
1 0.29140625 0.74140625 0.121875 0.18125
1 0.48125 0.57734375 0.1140625 0.16875
1 0.85625 0.0328125 0.103125 0.059375
1 0.4578125 0.7984375 0.084375 0.115625
1 0.99375 0.59453125 0.0125 0.16875
1 0.4625 0.86875 0.084375 0.146875
1 0.13671875 0.91015625 0.1 0.165625
1 0.98203125 0.8984375 0.034375 0.19375
1 0.60390625 0.79453125 0.103125 0.2140625
1 0.628125 0.190625 0.128125 0.159375
1 0.71328125 0.3234375 0.1109375 0.196875
1 0.89296875 0.3859375 0.1203125 0.178125
1 0.96953125 0.8875 0.0609375 0.20625