1 0.60234375 0.18984375 0.10703125 0.153125
1 0.35625 0.56953125 0.14609375 0.12890625
1 0.16953125 0.71171875 0.1140625 0.1515625
1 0.6921875 0.22890625 0.13125 0.11953125
1 0.70625 0.1421875 0.08671875 0.11640625
1 0.62109375 0.33359375 0.11015625 0.13359375
1 0.9078125 0.1109375 0.10078125 0.1515625
1 0.87578125 0.7109375 0.10625 0.1375
1 0.15078125 0.48203125 0.1125 0.1625
1 0.9625 0.06796875 0.07421875 0.11328125
1 0.39296875 0.3203125 0.11015625 0.1484375
1 0.06875 0.5078125 0.103125 0.146875
1 0.25703125 0.81484375 0.11328125 0.134375
1 0.58515625 0.665625 0.1140625 0.134375
1 0.09296875 0.934375 0.1109375 0.13125
1 0.89375 0.3 0.084375 0.11640625
1 0.53515625 0.14296875 0.10546875 0.1703125
1 0.1859375 0.5890625 0.1109375 0.134375
1 0.45703125 0.9 0.1109375 0.13046875
1 0.54140625 0.271875 0.1390625 0.12734375
1 0.3421875 0.23984375 0.08359375 0.11484375
1 0.84609375 0.4375 0.11015625 0.134375
1 0.84140625 0.25859375 0.07890625 0.10703125
1 0.8140625 0.07890625 0.13671875 0.1359375
1 0.73125 0.53359375 0.1359375 0.13046875
1 0.24765625 0.5078125 0.15 0.1375
1 0.790625 0.89375 0.11015625 0.15
1 0.41875 0.46171875 0.115625 0.1609375
1 0.77734375 0.17578125 0.109375 0.1625
1 0.8046875 0.7640625 0.11953125 0.1453125
1 0.684375 0.30234375 0.0859375 0.11328125
1 0.74140625 0.6421875 0.1171875 0.1609375
1 0.38125 0.6421875 0.0859375 0.10859375
1 0.48125 0.0765625 0.12109375 0.153125
1 0.2359375 0.35390625 0.13359375 0.13203125
1 0.1109375 0.0671875 0.12265625 0.13359375
1 0.95390625 0.2328125 0.0859375 0.11171875
1 0.63203125 0.10625 0.1375 0.1375
1 0.64453125 0.71796875 0.08125 0.11796875
1 0.12890625 0.37421875 0.12421875 0.1640625
1 0.04453125 0.10546875 0.07734375 0.11171875
1 0.0875 0.83359375 0.07890625 0.11015625
1 0.2484375 0.62578125 0.1171875 0.16875
1 0.8875 0.81640625 0.08046875 0.10546875
1 0.53984375 0.37109375 0.10546875 0.146875
1 0.96015625 0.11015625 0.0796875 0.1890625
1 0.275 0.06484375 0.096875 0.1296875
1 0.72890625 0.95234375 0.1140625 0.0953125
1 0.4828125 0.7875 0.11015625 0.15625
1 0.82109375 0.62578125 0.1109375 0.1625
1 0.23125 0.24140625 0.13984375 0.1421875
1 0.95546875 0.3375 0.0890625 0.165625
1 0.73984375 0.30625 0.0765625 0.10234375
1 0.8765625 0.2 0.11953125 0.1453125
1 0.34453125 0.4515625 0.115625 0.17734375
1 0.88046875 0.571875 0.1078125 0.17890625
1 0.15234375 0.215625 0.109375 0.19296875
1 0.83515625 0.33359375 0.08046875 0.11328125
1 0.53828125 0.93359375 0.1578125 0.1328125
1 0.68671875 0.39609375 0.1296875 0.146875
1 0.23203125 0.7375 0.08046875 0.10390625
1 0.6515625 0.5984375 0.1171875 0.1578125
1 0.075 0.2890625 0.12265625 0.15
1 0.16171875 0.9390625 0.0796875 0.121875
1 0.5171875 0.69296875 0.08125 0.10546875
1 0.78828125 0.271875 0.0828125 0.10546875
1 0.30234375 0.67890625 0.12734375 0.1546875
1 0.40390625 0.95546875 0.1171875 0.0890625
1 0.16015625 0.82890625 0.12734375 0.15625
1 0.0859375 0.1875 0.109375 0.1578125
1 0.215625 0.92109375 0.1109375 0.1578125
1 0.940625 0.9 0.10546875 0.171875
1 0.22734375 0.15 0.084375 0.11015625
1 0.21953125 0.0515625 0.09453125 0.10234375
1 0.70234375 0.809375 0.12421875 0.18828125
1 0.17734375 0.09609375 0.07734375 0.10859375
1 0.8109375 0.521875 0.084375 0.11484375
1 0.1125 0.57578125 0.07421875 0.11171875
1 0.62578125 0.79296875 0.11953125 0.18671875
1 0.7828125 0.4390625 0.08125 0.11328125
1 0.290625 0.940625 0.1109375 0.11640625
1 0.4609375 0.1890625 0.0890625 0.12421875
1 0.32734375 0.728125 0.11875 0.1484375
1 0.06328125 0.60546875 0.0796875 0.10234375
1 0.46015625 0.2609375 0.08125 0.12265625
1 0.84609375 0.9640625 0.17734375 0.071875
1 0.47734375 0.390625 0.09296875 0.1609375
1 0.9140625 0.0375 0.14609375 0.075
1 0.02890625 0.43203125 0.05703125 0.1609375
1 0.38828125 0.19140625 0.11015625 0.15
1 0.6578125 0.91328125 0.1328125 0.153125
1 0.95390625 0.8109375 0.08984375 0.17578125
1 0.296875 0.42734375 0.08125 0.10703125
1 0.94921875 0.52421875 0.10078125 0.1421875
1 0.72109375 0.44296875 0.08046875 0.10546875
1 0.77265625 0.3625 0.07890625 0.10546875
1 0.03984375 0.95625 0.07890625 0.0875
1 0.31015625 0.13671875 0.08046875 0.18203125
1 0.03828125 0.721875 0.0734375 0.17734375
1 0.89453125 0.37734375 0.08984375 0.12421875
1 0.02734375 0.04765625 0.04921875 0.0953125
1 0.60625 0.4578125 0.11328125 0.1546875
1 0.41015625 0.7171875 0.07734375 0.11953125
1 0.3421875 0.0328125 0.0859375 0.065625
1 0.92578125 0.4703125 0.13984375 0.15625
1 0.609375 0.0359375 0.1140625 0.071875
1 0.22578125 0.42578125 0.109375 0.11796875
1 0.434375 0.61015625 0.084375 0.11640625
1 0.40234375 0.10859375 0.12109375 0.1734375
1 0.09375 0.71015625 0.0828125 0.20703125
1 0.5390625 0.04296875 0.08984375 0.0859375
1 0.978125 0.59453125 0.04375 0.12578125
1 0.48125 0.57890625 0.103125 0.1625
1 0.653125 0.96875 0.09453125 0.0625
1 0.94765625 0.665625 0.08359375 0.18828125
1 0.734375 0.03125 0.12421875 0.0625
1 0.6984375 0.05703125 0.12578125 0.11328125
1 0.04453125 0.3484375 0.0875 0.1375
1 0.33515625 0.88984375 0.11953125 0.1515625
1 0.4515625 0.66953125 0.09921875 0.12265625
1 0.48046875 0.96875 0.09375 0.0625
1 0.81640625 0.0265625 0.1046875 0.053125
1 0.57109375 0.50546875 0.1171875 0.1734375
1 0.02734375 0.15703125 0.0546875 0.1734375
1 0.7109375 0.7109375 0.1171875 0.1734375
1 0.52890625 0.55390625 0.109375 0.1625
1 0.16953125 0.03125 0.09765625 0.05703125
1 0.5515625 0.765625 0.08046875 0.11015625
1 0.021875 0.5703125 0.04375 0.1625
1 0.546875 0.8328125 0.08046875 0.140625
1 0.85859375 0.87265625 0.09609375 0.1578125
1 0.034375 0.86171875 0.065625 0.18515625
1 0.41171875 0.76171875 0.09765625 0.20546875
1 0.38828125 0.1828125 0.1234375 0.153125
1 0.30703125 0.31015625 0.10625 0.18828125
1 0.13515625 0.36953125 0.115625 0.171875
1 0.0453125 0.85078125 0.090625 0.19765625