0 0.65625 0.33671875 0.1875 0.2125
0 0.853125 0.2203125 0.16875 0.175
0 0.9046875 0.6828125 0.190625 0.1890625
0 0.45625 0.76953125 0.1734375 0.18125
0 0.91796875 0.575 0.1625 0.20625
0 0.57734375 0.790625 0.15625 0.115625
0 0.64921875 0.221875 0.3265625 0.2390625
0 0.6515625 0.571875 0.1796875 0.153125
0 0.7765625 0.3 0.153125 0.1625
0 0.9453125 0.3015625 0.109375 0.196875
0 0.5234375 0.6703125 0.121875 0.1125
0 0.2796875 0.18125 0.3578125 0.184375
0 0.425 0.6078125 0.165625 0.1796875
0 0.34296875 0.5203125 0.178125 0.19375
0 0.2515625 0.76875 0.3171875 0.165625
0 0.8859375 0.3453125 0.159375 0.15
0 0.0375 0.4328125 0.075 0.203125
0 0.6078125 0.7234375 0.1828125 0.1171875
0 0.27421875 0.6546875 0.2328125 0.2125
0 0.409375 0.71796875 0.171875 0.14375
0 0.7609375 0.7234375 0.1734375 0.1484375
0 0.52890625 0.61171875 0.1453125 0.1109375
0 0.1796875 0.3015625 0.24375 0.178125
0 0.50390625 0.15078125 0.178125 0.1171875
0 0.1515625 0.50703125 0.275 0.1859375
0 0.7 0.45234375 0.146875 0.11875
0 0.83359375 0.4109375 0.315625 0.175
0 0.0859375 0.2640625 0.171875 0.1875
0 0.3515625 0.41171875 0.2328125 0.1390625
0 0.10859375 0.653125 0.2171875 0.15
0 0.52578125 0.2078125 0.1390625 0.1140625
0 0.9734375 0.4859375 0.053125 0.1984375
0 0.9765625 0.66640625 0.046875 0.125
0 0.5203125 0.553125 0.1765625 0.1203125
0 0.06328125 0.5546875 0.1265625 0.1328125
0 0.76796875 0.58515625 0.240625 0.1765625
0 0.384375 0.23515625 0.3265625 0.128125
0 0.7828125 0.784375 0.259375 0.125
0 0.603125 0.4890625 0.3265625 0.171875
0 0.13203125 0.409375 0.259375 0.115625
0 0.70234375 0.65546875 0.259375 0.1109375
0 0.428125 0.40234375 0.3578125 0.128125
0 0.36484375 0.32109375 0.278125 0.0953125
0 0.17109375 0.6296875 0.16875 0.14375
0 0.44921875 0.49453125 0.1265625 0.0765625