0 0.35392716804581603 0.34157261871417965 0.19149879869508962 0.21157494135899882
0 0.16542719470081663 0.25345335868872626 0.17233062802354437 0.17541926535645347
0 0.16563956409131397 0.6744925646880899 0.1975124413589988 0.19133516669318062
0 0.5793389847628593 0.71523902741086 0.17552835335772626 0.18170562802354429
0 0.13485209341181456 0.5796158693507264 0.1883010733609078 0.20528857869190809
0 0.47267136143376814 0.7452436060629971 0.15138178134945374 0.12049540802036277
0 0.348811859365044 0.23762091538031602 0.3200601507001803 0.25056581070972533
0 0.38373448874122384 0.5536095420512248 0.17836245202099904 0.15674199069063519
0 0.24274422004295254 0.319187994032453 0.15343517735518084 0.16270108935390812
0 0.07657432737904335 0.3375641820098632 0.14754880402608972 0.1938783640197264
0 0.5088441240849507 0.6316174580680878 0.12162155601527189 0.11389996268299925
0 0.6761096086887262 0.17034524542485943 0.3413897106938169 0.20394534937936148
0 0.590893008076042 0.5669560687459964 0.1676794906906352 0.17848972135581712
0 0.6547276940642698 0.48099184408813234 0.1803613040260897 0.19426017202418072
0 0.7634776274267684 0.6970719247692225 0.3036533533577261 0.18319649737427088
0 0.14880386338317952 0.3688692733529536 0.1611204080203627 0.15185449602163548
0 0.9347050007160884 0.37488948412631234 0.11473630402608989 0.193496556015272
0 0.4391679707590412 0.6854867980585427 0.17799882535009015 0.12549199069063519
0 0.7310549314130872 0.5959270480983136 0.23217834269572607 0.2167351560311804
0 0.6162480914226323 0.6648941294159507 0.1704408640197263 0.147276084022908
0 0.30106853409449563 0.6995027500397709 0.17205790802036275 0.15198176535645339
0 0.49729754941117826 0.5791464387332697 0.14351473734881742 0.1157170013526354
0 0.7788175327020893 0.26996453210531335 0.23964539735836254 0.1871385626989076
0 0.47134938335454446 0.16171349073040617 0.1732931440165446 0.12387494668999892
0 0.8262572487269063 0.4533042907781312 0.26787948535963507 0.19684082670272557
0 0.32705668006045174 0.4490578547103616 0.1451681440165446 0.12354768268618095
0 0.20255611939049736 0.42339368869349875 0.3021999413589988 0.19255331604072534
0 0.8673800460295895 0.2280321181174037 0.18811926002545326 0.18966357869190792
0 0.6356317013844521 0.3839077587523597 0.22514654535327186 0.1494749306969986
0 0.8872294693666347 0.5798218847867218 0.2255410612667304 0.16050333736472577
0 0.4579141393618623 0.21545610872849713 0.13728291868236298 0.11720677601845368
0 0.062113480068405946 0.504560778007636 0.11469994135899883 0.1903715560152719
0 0.07574127009067763 0.6687596380092268 0.1061056440165447 0.1230931493475449
0 0.4997952934038604 0.5252765514003606 0.1717670066836355 0.1269817653564534
0 0.9125947380649061 0.4886792641231307 0.13121473201781733 0.13275905068427196
0 0.28010095874440555 0.5758379833704528 0.234939716024817 0.18552151869827133
0 0.5877289086966805 0.2279026594127691 0.3079408640197265 0.14887604137490718
0 0.2868793121021317 0.7555800273710892 0.24691245735199913 0.14035446936663476
0 0.4179634907304061 0.4743311220559974 0.3131010786919079 0.1895555853755436
0 0.8338055720480433 0.36356053811263117 0.24682155068427186 0.13254196936663476
0 0.34637139608526885 0.6320703493793616 0.24676700668363552 0.12785446936663475
0 0.5668726107176795 0.38232653007636014 0.3361022266868172 0.15232830537872522
0 0.6143828627068618 0.3032026514162689 0.2606840560152719 0.11551810136854383
0 0.8220884640754056 0.5649594061107222 0.1688783640197265 0.14725790268936265
0 0.5569169027291335 0.466574260741542 0.12123974801081765 0.08108746268299924