0 0.3671875 0.2953125 0.1875 0.2125
0 0.171875 0.18046875 0.16875 0.1734375
0 0.11796875 0.63984375 0.196875 0.1875
0 0.565625 0.7265625 0.171875 0.18125
0 0.09609375 0.5328125 0.184375 0.2046875
0 0.4453125 0.74765625 0.1546875 0.115625
0 0.37421875 0.18125 0.325 0.2375
0 0.371875 0.5296875 0.178125 0.153125
0 0.24765625 0.259375 0.15 0.1625
0 0.0671875 0.26171875 0.134375 0.1953125
0 0.49921875 0.62734375 0.121875 0.1125
0 0.74140625 0.14140625 0.35625 0.1828125
0 0.59765625 0.565625 0.1640625 0.178125
0 0.678125 0.47890625 0.1765625 0.19375
0 0.76953125 0.72578125 0.315625 0.165625
0 0.1390625 0.3046875 0.159375 0.1484375
0 0.97265625 0.39140625 0.0546875 0.2015625
0 0.415625 0.68046875 0.18125 0.115625
0 0.746875 0.61171875 0.23125 0.2125
0 0.6125 0.675 0.1703125 0.14375
0 0.2625 0.68046875 0.171875 0.146875
0 0.49375 0.56953125 0.14375 0.1109375
0 0.840625 0.2609375 0.24375 0.178125
0 0.51875 0.1109375 0.1765625 0.115625
0 0.865625 0.46484375 0.26875 0.184375
0 0.32421875 0.4109375 0.146875 0.11875
0 0.19140625 0.36953125 0.3125 0.175
0 0.92421875 0.2234375 0.15 0.1875
0 0.66953125 0.3703125 0.23125 0.1375
0 0.9015625 0.6109375 0.196875 0.15
0 0.496875 0.16796875 0.1375 0.1125
0 0.0390625 0.44375 0.078125 0.196875
0 0.0359375 0.62265625 0.071875 0.1234375
0 0.50234375 0.5109375 0.175 0.11875
0 0.946875 0.5125 0.10625 0.13125
0 0.25625 0.54296875 0.240625 0.175
0 0.6375 0.1953125 0.325 0.128125
0 0.24140625 0.74140625 0.25625 0.125
0 0.4203125 0.44765625 0.325 0.171875
0 0.87890625 0.3671875 0.2421875 0.115625
0 0.321875 0.6125 0.259375 0.1109375
0 0.59375 0.3609375 0.35625 0.128125
0 0.65703125 0.28046875 0.2765625 0.0953125
0 0.85 0.58671875 0.16875 0.14375
0 0.5734375 0.453125 0.125 0.075