1 0.40390625 0.8640625 0.20546875 0.25546875
1 0.61171875 0.36015625 0.159375 0.21328125
1 0.8984375 0.265625 0.15234375 0.20390625
1 0.50546875 0.09140625 0.13984375 0.1828125
1 0.83984375 0.53046875 0.16171875 0.246875
1 0.678125 0.125 0.14765625 0.2296875
1 0.65234375 0.92890625 0.1921875 0.1421875
1 0.35703125 0.23984375 0.14765625 0.228125
1 0.16796875 0.7953125 0.1890625 0.27421875
1 0.21875 0.07734375 0.14921875 0.15390625
1 0.071875 0.325 0.13125 0.2421875
1 0.45625 0.490625 0.14765625 0.21328125
1 0.26328125 0.42421875 0.146875 0.25546875
1 0.03359375 0.675 0.06640625 0.2234375