1 0.1046875 0.4109375 0.209375 0.221875
1 0.61796875 0.63671875 0.23125 0.171875
1 0.72109375 0.93203125 0.2203125 0.1359375
1 0.9046875 0.52109375 0.190625 0.1515625
1 0.4328125 0.884375 0.26875 0.175
1 0.87265625 0.70859375 0.25 0.1609375
1 0.03828125 0.68125 0.0765625 0.2078125
1 0.7484375 0.36015625 0.246875 0.159375
1 0.14765625 0.153125 0.2953125 0.20625
1 0.92109375 0.209375 0.1578125 0.1625
1 0.65625 0.06015625 0.2625 0.1203125
1 0.4765625 0.4671875 0.23125 0.159375
1 0.54765625 0.2578125 0.278125 0.159375
1 0.27578125 0.021875 0.2421875 0.04375