1 0.2625 0.64453125 0.06796875 0.0453125
1 0.3453125 0.653125 0.0703125 0.03828125
1 0.2984375 0.73515625 0.06796875 0.06484375
1 0.3390625 0.7046875 0.06015625 0.04140625
1 0.3421875 0.73046875 0.06484375 0.04296875
1 0.3765625 0.68984375 0.053125 0.03828125
1 0.40078125 0.6734375 0.05703125 0.046875
1 0.4 0.7265625 0.075 0.046875
1 0.42109375 0.7109375 0.06171875 0.03984375
1 0.440625 0.6875 0.06171875 0.0484375
1 0.50078125 0.72109375 0.0734375 0.046875
1 0.5109375 0.69296875 0.06484375 0.0265625
1 0.4671875 0.6796875 0.05 0.03828125
1 0.4734375 0.6625 0.06640625 0.028125
1 0.48046875 0.64609375 0.06171875 0.028125
1 0.52578125 0.6671875 0.06484375 0.0515625
1 0.59296875 0.69765625 0.06171875 0.0453125
1 0.5078125 0.634375 0.05 0.03828125
1 0.5125 0.61796875 0.0515625 0.03828125
1 0.51484375 0.60390625 0.0515625 0.03515625
1 0.55390625 0.6234375 0.06796875 0.04296875
1 0.55 0.590625 0.0484375 0.03984375
1 0.5796875 0.57578125 0.03984375 0.0453125
1 0.61796875 0.58671875 0.0515625 0.0546875
1 0.63515625 0.55703125 0.046875 0.0203125
1 0.6171875 0.540625 0.0515625 0.028125
1 0.56484375 0.5359375 0.0515625 0.06015625
1 0.5921875 0.665625 0.06796875 0.04296875