1 0.24138777908884154 0.6461067081125345 0.07072367688202616 0.05003767401194459
1 0.323945611104064 0.650429225779965 0.07353034190105419 0.04229790919430556
1 0.276789426807664 0.7350412683330205 0.0730501808363588 0.0688240416031249
1 0.31715710022964905 0.7021008285535066 0.06272017589344295 0.045168336056041626
1 0.32001284479244163 0.7277911595755553 0.06747134288963733 0.04683993882958326
1 0.3553256036896902 0.6848217563651733 0.05634284190105419 0.04189786569131933
1 0.3794634406478285 0.667088742497465 0.061348676882026075 0.049819468464861315
1 0.37808001277721914 0.7201955587018747 0.07859984387822054 0.051782011967847194
1 0.39906101623726026 0.7033165300165274 0.06421900889724856 0.04364220364722229
1 0.41876602118017614 0.6794426189223607 0.0660998438782205 0.05149107123840295
1 0.4792114312562884 0.7092560990707287 0.07703734387822045 0.05174564437666671
1 0.48976427068588463 0.6801316435236454 0.06677100593149916 0.02965243882958344
1 0.4457105231573425 0.6694493698722913 0.053217841901054184 0.04182513050895835
1 0.45187961011548083 0.6521345833031593 0.06839717292769336 0.03125130642076392
1 0.459579363575522 0.6355646791428468 0.06370967292769336 0.03114220364722229
1 0.504096026123092 0.6540412689986106 0.06935217787060921 0.05468880642076392
1 0.5717000201915929 0.6805660949866661 0.0644100098858317 0.04832970364722229
1 0.4866511995450771 0.6224464300927773 0.053217841901054184 0.04182513050895835
1 0.49125778650321533 0.605168011114826 0.054780341901054186 0.04186149810013902
1 0.4941745394689649 0.5910509597280551 0.05465300790866543 0.038736498100139016
1 0.5325048690127294 0.6081105199485413 0.07059634288963731 0.046912674011944586
1 0.5291225424347143 0.5761883727220829 0.051719008897248564 0.04335126291777787
1 0.5586972958947556 0.5591093222852426 0.0425350098858317 0.04782055737069442
1 0.597345960419492 0.5683563825057286 0.05541701186299797 0.05748649810013902
1 0.6142124668452826 0.5375239565939232 0.04776633794672147 0.022966027735416717
1 0.5968803868072265 0.5223171838924994 0.05433467292769336 0.030923998100139016
1 0.5446639707996154 0.5204104981970481 0.05567167984777566 0.06373649810013901
1 0.570661443613578 0.6485893963734369 0.07059634288963731 0.046912674011944586