1 0.2609375 0.64375 0.06875 0.0453125
1 0.34375 0.65234375 0.0703125 0.0375
1 0.296875 0.73515625 0.06875 0.065625
1 0.33828125 0.7046875 0.059375 0.0421875
1 0.34140625 0.73046875 0.065625 0.04375
1 0.37578125 0.68984375 0.053125 0.0375
1 0.4 0.67265625 0.05625 0.046875
1 0.39921875 0.7265625 0.075 0.046875
1 0.4203125 0.7109375 0.0625 0.040625
1 0.440625 0.68671875 0.0625 0.0484375
1 0.50078125 0.7203125 0.0734375 0.046875
1 0.5109375 0.69296875 0.065625 0.0265625
1 0.4671875 0.6796875 0.05 0.0375
1 0.4734375 0.66171875 0.0671875 0.028125
1 0.48046875 0.6453125 0.0625 0.028125
1 0.52578125 0.6671875 0.065625 0.053125
1 0.59375 0.696875 0.0625 0.0453125
1 0.5078125 0.63359375 0.05 0.0375
1 0.5125 0.6171875 0.053125 0.0375
1 0.51484375 0.603125 0.053125 0.034375
1 0.5546875 0.62265625 0.06875 0.04375
1 0.55 0.58984375 0.0484375 0.040625
1 0.58046875 0.575 0.040625 0.0453125
1 0.61875 0.5859375 0.053125 0.05625
1 0.6359375 0.55546875 0.046875 0.0203125
1 0.61796875 0.5390625 0.053125 0.028125
1 0.565625 0.534375 0.053125 0.059375
1 0.59296875 0.665625 0.06875 0.04375