1 0.046875 0.23671875 0.09375 0.10625
1 0.08046875 0.4140625 0.14375 0.109375
1 0.3046875 0.07109375 0.1359375 0.1125
1 0.79921875 0.17265625 0.1453125 0.1015625
1 0.7015625 0.275 0.19375 0.128125
1 0.065625 0.03125 0.13125 0.0625
1 0.8625 0.05625 0.1625 0.103125
1 0.94140625 0.215625 0.1171875 0.1125
1 0.2375 0.25078125 0.175 0.109375
1 0.70078125 0.0328125 0.1546875 0.065625
1 0.15078125 0.121875 0.15 0.1140625
1 0.45859375 0.06796875 0.146875 0.103125
1 0.640625 0.11796875 0.1453125 0.109375
1 0.73046875 0.45078125 0.2 0.11875
1 0.4953125 0.30859375 0.18125 0.109375
1 0.40703125 0.19140625 0.178125 0.1125
1 0.3234375 0.36171875 0.1640625 0.10625
1 0.84609375 0.35390625 0.1734375 0.115625
1 0.9703125 0.1046875 0.059375 0.0953125
1 0.515625 0.00546875 0.1734375 0.0109375
1 0.93046875 0.00390625 0.1390625 0.0078125
1 0.22890625 0.00390625 0.159375 0.0078125
1 0.58046875 0.3875 0.16875 0.10625
1 0.1484375 0.31484375 0.13125 0.1