1 0.3153462036817814 0.06028092372760406 0.12243259263643722 0.12056184745520812
1 0.46401337272382676 0.1250454064414232 0.12614862602253202 0.14971167211208342
1 0.11518576464798339 0.280720710296736 0.12752926959604133 0.143498039703264
1 0.1142511211409811 0.7421485195672914 0.118336126022532 0.14952983415618065
1 0.2249362200456244 0.6677459719802428 0.15255801332783514 0.19873105357097245
1 0.11146268573509274 0.06180901576756942 0.1114496285298145 0.12361803153513884
1 0.03041830806320809 0.7818669426293056 0.06083661612641618 0.16439111474138884
1 0.12580708359825116 0.881628593655486 0.12583037727617324 0.13877417211208326
1 0.2879927788337483 0.24468902526687475 0.1316544799417403 0.17794577488562516
1 0.02554660312778544 0.6296868467896181 0.05109320625557088 0.15625130642076393
1 0.18851326755097725 0.14863360248920124 0.13106344655564542 0.15763327488562512
1 0.0838184412118761 0.41963839314239576 0.12155205423577739 0.15272756933854179
1 0.09522363948338117 0.5911315334349999 0.12619409012915472 0.15127417211208344
1 0.37727395836714195 0.718070014248958 0.14327394154108058 0.201637848023889
1 0.29346857436054413 0.48580433453743027 0.13183633636823106 0.18419577488562505
1 0.204145313077773 0.3895125224170831 0.13487040815498563 0.1811435100679862
1 0.37193821832976476 0.3379831239563538 0.12664873119538153 0.16689917211208344
1 0.42020719992085775 0.02621374183187485 0.11271060015828453 0.0524274836637497
1 0.2684325042896491 0.8096055104492358 0.1379044799417403 0.17809124525034728
1 0.036025798892008055 0.8926226046734026 0.07205159778401611 0.08350479065319476
1 0.018694861045344242 0.4603738023367014 0.037389722090688485 0.1636273953265972
1 0.05580841613905145 0.201688480148368 0.0621315901291547 0.14978310087368066
1 0.3479083702830513 0.57353941745934 0.12683058762187222 0.17314917211208342
1 0.36269491363176903 0.17268543227697886 0.1132394490629279 0.135358231382639