1 0.24296875 0.0921875 0.096875 0.1328125
1 0.40546875 0.146875 0.10078125 0.13125
1 0.09140625 0.35234375 0.103125 0.12421875
1 0.184375 0.8046875 0.09296875 0.1328125
1 0.278125 0.71484375 0.1171875 0.17734375
1 0.04140625 0.11953125 0.0828125 0.146875
1 0.078125 0.8625 0.0953125 0.1484375
1 0.2234375 0.93984375 0.103125 0.1203125
1 0.25546875 0.290625 0.10078125 0.16015625
1 0.04296875 0.71328125 0.0859375 0.1421875
1 0.1375 0.21171875 0.1046875 0.13828125
1 0.08828125 0.49296875 0.0953125 0.13515625
1 0.134375 0.659375 0.1 0.1328125
1 0.4390625 0.74140625 0.1078125 0.1828125
1 0.309375 0.5265625 0.1 0.165625
1 0.2015625 0.4453125 0.103125 0.1625
1 0.35703125 0.36953125 0.096875 0.15
1 0.33828125 0.0375 0.1 0.075
1 0.35 0.84765625 0.10703125 0.15859375
1 0.12265625 0.96640625 0.0875 0.06640625
1 0.0203125 0.54609375 0.0328125 0.15859375
1 0.01796875 0.93046875 0.0328125 0.1390625
1 0.01640625 0.28359375 0.0328125 0.1453125
1 0.38125 0.60390625 0.096875 0.15546875
1 0.31484375 0.209375 0.090625 0.11953125