0 0.20682783104070798 0.3452245454530476 0.16121529691210787 0.14491485389503395
0 0.11360109837908514 0.68677507142763 0.15658236061443875 0.14639553327818292
0 0.3490103857573642 0.23591950365015268 0.16724704210278443 0.13877394805083537
0 0.24417154130017624 0.641368888391033 0.123660733209777 0.14269778896022595
0 0.407209776957024 0.33777805843869113 0.18630457694917482 0.10319100405718977
0 0.054699879766914414 0.3643312812495881 0.10939975953382883 0.10366256249917613
0 0.20455603602751665 0.11926601744987039 0.199841287293461 0.13309669236879249
0 0.14088042722717647 0.21899723620028233 0.19353672359113014 0.13142509821299114
0 0.26130948911540874 0.26253082223840885 0.1823264050794759 0.12342168344033873
0 0.8005356802224014 0.2672526931762761 0.21826390507947585 0.12404897483619655
0 0.3608481537287135 0.45657292288703194 0.10198414065150559 0.10328073295387145
0 0.3861854596264961 0.42496441274076224 0.09907739546082901 0.1094761858759707
0 0.4989136381196169 0.3980082207757115 0.16561013103285874 0.09189894805083539
0 0.4727033129845406 0.4546167309219813 0.13372521397248321 0.11788870373287819
0 0.5985936903892023 0.4536872508074836 0.10897818511654264 0.07997960064862308
0 0.6180778111704421 0.5001491935833131 0.07847222958158007 0.056023903408566514
0 0.5737548922959681 0.5157917844927036 0.07685516587924912 0.0544341298696164
0 0.5207836597191633 0.5328468709378672 0.09916667549789579 0.06731595941492116
0 0.47680548122604255 0.5610030986167329 0.07814484736759475 0.046648903408566686
0 0.6800346633473604 0.4496367248329013 0.06931548439090332 0.062110262174864594
0 0.6245956843987527 0.3806588538917387 0.10681548439090349 0.0627648271096728