0 0.7484375 0.24140625 0.1375 0.15625
0 0.38515625 0.1078125 0.140625 0.15
0 0.85234375 0.40859375 0.1296875 0.165625
0 0.4203125 0.2546875 0.140625 0.115625
0 0.73359375 0.46171875 0.0875 0.1921875
0 0.7484375 0.06328125 0.0953125 0.1265625
0 0.96875 0.26015625 0.0625 0.2015625
0 0.89453125 0.18203125 0.11875 0.19375
0 0.83359375 0.309375 0.1109375 0.1828125
0 0.765625 0.89296875 0.10625 0.2140625
0 0.609375 0.39921875 0.1 0.096875
0 0.64140625 0.43046875 0.1078125 0.090625
0 0.6578125 0.55625 0.078125 0.1703125
0 0.59765625 0.52109375 0.1125 0.1296875
0 0.5859375 0.659375 0.0734375 0.1078125
0 0.53203125 0.67578125 0.0515625 0.078125
0 0.51953125 0.6265625 0.05 0.0765625
0 0.50703125 0.5671875 0.059375 0.1
0 0.48125 0.51640625 0.0390625 0.08125
0 0.5796875 0.74921875 0.059375 0.06875
0 0.66171875 0.6953125 0.053125 0.109375