0 0.23984375 0.30859375 0.14140625 0.12578125
0 0.11796875 0.6390625 0.13671875 0.128125
0 0.39140625 0.2140625 0.15 0.11796875
0 0.2515625 0.60703125 0.1046875 0.128125
0 0.43984375 0.321875 0.175 0.07890625
0 0.07109375 0.309375 0.1296875 0.08671875
0 0.2578125 0.0828125 0.18359375 0.1078125
0 0.1859375 0.17578125 0.1765625 0.1078125
0 0.3015625 0.23125 0.16640625 0.10078125
0 0.8375 0.29296875 0.203125 0.096875
0 0.38359375 0.43515625 0.08828125 0.09140625
0 0.41171875 0.40625 0.08359375 0.09765625
0 0.52578125 0.39140625 0.1546875 0.0703125
0 0.49453125 0.4453125 0.11796875 0.10234375
0 0.6203125 0.45703125 0.0984375 0.06640625
0 0.63515625 0.50546875 0.071875 0.046875
0 0.58984375 0.51640625 0.0703125 0.04453125
0 0.5359375 0.528125 0.09140625 0.0546875
0 0.48984375 0.5515625 0.0734375 0.0359375
0 0.7015625 0.46171875 0.06171875 0.053125
0 0.65234375 0.3875 0.1 0.04921875