0 0.23828125 0.309375 0.14375 0.128125
0 0.11484375 0.64375 0.1375 0.128125
0 0.3921875 0.2140625 0.153125 0.11875
0 0.25 0.6109375 0.10625 0.128125
0 0.440625 0.3234375 0.178125 0.0796875
0 0.06640625 0.3109375 0.13125 0.0875
0 0.25625 0.08125 0.1859375 0.109375
0 0.18359375 0.17578125 0.178125 0.109375
0 0.30078125 0.23125 0.16875 0.103125
0 0.84375 0.29453125 0.20625 0.096875
0 0.38359375 0.4375 0.090625 0.0921875
0 0.4125 0.40859375 0.084375 0.1
0 0.528125 0.39296875 0.15625 0.071875
0 0.49609375 0.4484375 0.1203125 0.103125
0 0.6234375 0.459375 0.1 0.0671875
0 0.63828125 0.509375 0.071875 0.046875
0 0.59296875 0.5203125 0.071875 0.0453125
0 0.53828125 0.53125 0.09375 0.0546875
0 0.49140625 0.55546875 0.075 0.0359375
0 0.70625 0.46484375 0.0625 0.053125
0 0.65625 0.38984375 0.1015625 0.05