1 0.07421875 0.1 0.05 0.0625
1 0.05625 0.1390625 0.0296875 0.0625
1 0.08046875 0.15078125 0.034375 0.065625
1 0.10546875 0.18359375 0.0375 0.078125
1 0.12734375 0.36640625 0.053125 0.075
1 0.203125 0.27734375 0.03125 0.053125
1 0.0671875 0.39453125 0.034375 0.0453125
1 0.08125 0.4421875 0.0296875 0.053125
1 0.046875 0.440625 0.04375 0.0703125
1 0.04296875 0.63828125 0.0375 0.0578125
1 0.02265625 0.59765625 0.0359375 0.0640625
1 0.0125 0.5421875 0.025 0.0625
1 0.084375 0.5390625 0.046875 0.0703125
1 0.0859375 0.65546875 0.0265625 0.065625
1 0.10703125 0.65546875 0.028125 0.0625
1 0.13125 0.6171875 0.0328125 0.0671875
1 0.1453125 0.66328125 0.028125 0.0625
1 0.15703125 0.87265625 0.040625 0.0953125
1 0.134375 0.934375 0.03125 0.05625
1 0.21015625 0.41171875 0.034375 0.0578125
1 0.24140625 0.37421875 0.0328125 0.0578125
1 0.26171875 0.35703125 0.034375 0.06875
1 0.17734375 0.6375 0.028125 0.084375
1 0.17578125 0.5703125 0.0359375 0.065625
1 0.2203125 0.56015625 0.0515625 0.09375
1 0.1953125 0.62578125 0.0296875 0.0875
1 0.2046875 0.6953125 0.0375 0.071875
1 0.22265625 0.6359375 0.0453125 0.071875
1 0.2484375 0.6515625 0.03125 0.0703125
1 0.23984375 0.79296875 0.0375 0.06875
1 0.26875 0.85625 0.04375 0.096875
1 0.26796875 0.79453125 0.028125 0.0515625
1 0.240625 0.0734375 0.0328125 0.0625
1 0.2984375 0.04609375 0.03125 0.0625
1 0.2671875 0.13984375 0.053125 0.11875
1 0.30234375 0.1984375 0.06875 0.090625
1 0.28203125 0.24375 0.025 0.05625
1 0.2953125 0.26796875 0.0328125 0.090625
1 0.33671875 0.26640625 0.0453125 0.0828125
1 0.30859375 0.38984375 0.028125 0.05
1 0.3375 0.3453125 0.0515625 0.0796875
1 0.3609375 0.20859375 0.0296875 0.0703125
1 0.42421875 0.1546875 0.028125 0.05625
1 0.45703125 0.1296875 0.0359375 0.059375
1 0.44375 0.19609375 0.03125 0.059375
1 0.409375 0.3546875 0.053125 0.13125
1 0.45390625 0.2984375 0.0640625 0.0796875
1 0.33671875 0.49765625 0.040625 0.065625
1 0.36015625 0.4640625 0.03125 0.0578125
1 0.37265625 0.53046875 0.0359375 0.065625
1 0.415625 0.46953125 0.06875 0.06875
1 0.43203125 0.51953125 0.059375 0.084375
1 0.4703125 0.53828125 0.05625 0.1046875
1 0.4734375 0.3765625 0.034375 0.06875
1 0.4875 0.33203125 0.0375 0.071875
1 0.51953125 0.18125 0.0359375 0.065625
1 0.62109375 0.121875 0.034375 0.078125
1 0.646875 0.3046875 0.06875 0.0796875
1 0.6046875 0.3265625 0.0609375 0.084375
1 0.58828125 0.39453125 0.0359375 0.0625
1 0.6546875 0.36015625 0.03125 0.06875
1 0.72421875 0.409375 0.040625 0.075
1 0.74609375 0.53046875 0.0828125 0.14375
1 0.7671875 0.65703125 0.0453125 0.090625
1 0.77890625 0.75703125 0.08125 0.1
1 0.79375 0.6859375 0.053125 0.071875
1 0.8171875 0.8671875 0.0578125 0.134375
1 0.8546875 0.734375 0.0609375 0.1484375
1 0.865625 0.8421875 0.059375 0.0859375
1 0.6703125 0.796875 0.0796875 0.0796875
1 0.6703125 0.9609375 0.0515625 0.078125
1 0.7390625 0.97421875 0.0875 0.0515625
1 0.5953125 0.8828125 0.0640625 0.1140625
1 0.571875 0.83125 0.0625 0.1
1 0.54375 0.890625 0.06875 0.071875
1 0.5484375 0.94140625 0.04375 0.0625
1 0.521875 0.9828125 0.040625 0.034375
1 0.5609375 0.98203125 0.06875 0.0359375
1 0.52265625 0.77109375 0.0578125 0.134375
1 0.58359375 0.60078125 0.071875 0.08125
1 0.55 0.56875 0.0375 0.075
1 0.5921875 0.4765625 0.040625 0.059375
1 0.53046875 0.55703125 0.059375 0.125
1 0.49609375 0.59296875 0.05 0.0828125
1 0.5046875 0.6359375 0.028125 0.071875
1 0.5234375 0.653125 0.053125 0.140625
1 0.4875 0.7015625 0.059375 0.0953125
1 0.4515625 0.77109375 0.05625 0.078125
1 0.434375 0.6953125 0.05625 0.10625
1 0.43828125 0.909375 0.059375 0.1
1 0.40078125 0.81015625 0.053125 0.0796875
1 0.2953125 0.684375 0.0484375 0.1171875
1 0.2984375 0.55703125 0.04375 0.10625
1 0.31328125 0.80625 0.034375 0.040625
1 0.3671875 0.72109375 0.0453125 0.065625
1 0.36953125 0.6578125 0.05625 0.053125
1 0.3453125 0.63125 0.0328125 0.0484375
1 0.36875 0.86484375 0.053125 0.11875
1 0.37109375 0.93203125 0.053125 0.065625
1 0.32734375 0.9609375 0.053125 0.0625
1 0.31484375 0.92421875 0.053125 0.071875
1 0.3375 0.865625 0.0375 0.065625
1 0.3109375 0.878125 0.0359375 0.0546875
1 0.3015625 0.840625 0.040625 0.0625