1 0.04682301108127646 0.13358773832151752 0.07021732473980082 0.059767456584775315
1 0.08394787483065787 0.10988581386919583 0.06759029172311407 0.039409492478152605
1 0.09682301108127647 0.1321328869095917 0.07087906603337353 0.042625420691397985
1 0.1309147280645897 0.15142244451058137 0.08206222749876282 0.047631169437756735
1 0.3121647280645897 0.14614860814235037 0.08296298620519008 0.06481866943775674
1 0.2296178216875831 0.2327968134734844 0.058133404567984305 0.037574207838416564
1 0.33497146426977975 0.08308030680956686 0.050484678878243816 0.040471887305303114
1 0.3837398349165661 0.0902419374509524 0.058133404567984395 0.037574207838416515
1 0.3792504087518558 0.05683004387744313 0.07605788896415203 0.052136813011266006
1 0.5728709339666265 0.023894208762853347 0.06323034034363317 0.04552310015828457
1 0.5315023055179239 0.01577261794037102 0.06783595318850325 0.03154523588074204
1 0.47557985413844295 0.01229409685957928 0.06759029172311415 0.02458819371915856
1 0.4779402142697798 0.07892034105359154 0.07786605042954128 0.056869777117888674
1 0.5918765615108178 0.06312419332344715 0.0689071302577247 0.03476745658477529
1 0.593937028494131 0.0833457651102018 0.06594590456798421 0.037801528371529926
1 0.5588693097017955 0.11244824340258944 0.07079717887824373 0.04106292069139798
1 0.6052939303485818 0.119678070203909 0.06438340456798422 0.037756064264907255
1 0.8107184147447496 0.09965977223633778 0.1010578889641522 0.052864238717228895
1 0.86926457711465 0.06909408234460991 0.05977779172311415 0.039182171945039215
1 0.36214039461836156 0.21958009646386784 0.06306656603337349 0.04239810015828456
1 0.3274444900503773 0.25647234270294417 0.06298467887824373 0.04083560015828454
1 0.31227651345612567 0.27797526966254826 0.07244156603337357 0.042670884798020656
1 0.5816174129357273 0.15468956769662653 0.08790279172311415 0.040000525864247474
1 0.5156648643152083 0.16284906017477913 0.07096095318850323 0.044187920691397944
1 0.5086435803940104 0.2075167024946472 0.10163109905006032 0.06380173871722887
1 0.5705194606517352 0.172953834389674 0.09119156603337349 0.04321645407749282
1 0.6391466299190405 0.173297163698276 0.07737472749876276 0.04749477711788872
1 0.5840120725920943 0.1983031753767585 0.07934666327441153 0.05535274122451139
1 0.599971265265148 0.221240570203909 0.07548467887824373 0.041199313011266
1 0.7388224033247889 0.19145847882111305 0.07424972749876275 0.04740384890464329
1 0.8025606767305373 0.21066546839627182 0.10286605042954129 0.05759720282385159
1 0.7412546845324532 0.21946981855455636 0.0548446302577247 0.03435827962517113
1 0.03245343424953989 0.3001758447480082 0.06490686849907978 0.04092652837152997
1 0.020761800090857048 0.3585111819741691 0.041523600181714096 0.03922763605166182
1 0.09892002035353062 0.31538565610992164 0.12687676051544958 0.06921666442319178
1 0.15920574513875996 0.34093357389832574 0.09948874491161734 0.0824608105039836
1 0.20196313319840087 0.31394752507282464 0.05936835594746528 0.03136967194503928
1 0.22717117311249257 0.3241348673135504 0.09439845318850326 0.04486988229073816
1 0.22820805065668393 0.36388768910030506 0.08880355042954129 0.05718802586424747
1 0.3476065038451872 0.31829038110360397 0.0548446302577247 0.03435827962517113
1 0.30600218000989754 0.35304346582248236 0.08748671189493056 0.06183006175762475
1 0.17344530755408888 0.3966834687254762 0.07384029172311406 0.03959134890464337
1 0.12457071630594467 0.46597067781753393 0.059614017412854534 0.0360571719450391
1 0.10241575531552527 0.5017179612036288 0.06471095318850328 0.04400606426490725
1 0.16676153833221202 0.4795641648854102 0.06446529172311406 0.03931856426490725
1 0.3195457016066236 0.4220746106496328 0.1395405348257091 0.07270537727617335
1 0.26770656264247156 0.4735067300082473 0.08970430913596861 0.07437552586424748
1 0.4546410758714545 0.329997107746639 0.07120661465389269 0.04887542069139794
1 0.42352055065668387 0.3582046757724699 0.06290279172311411 0.03927310015828454
1 0.4905033327688596 0.3601559691876946 0.07096095318850323 0.044187920691397944
1 0.4332363873822723 0.4109659629194885 0.07901247060135788 0.07874477711788867
1 0.483485370873929 0.4196446294542513 0.09414614767057934 0.06982441818411549
1 0.5035588534610744 0.4533831319615338 0.11289614767057934 0.07036998746358769
1 0.34608054613412814 0.4813670426238019 0.07252345318850324 0.04423338479802066
1 0.30291040027257116 0.5013445735026142 0.07737472749876276 0.04749477711788863
1 0.15736220488598396 0.5547232892585896 0.07096095318850333 0.044187920691397944
1 0.10570012833716083 0.6623144804039587 0.08189845318850328 0.04450616943775678
1 0.28756760402690135 0.6601429119824164 0.08994997060135787 0.07906302586424747
1 0.3054854443705344 0.6159382709161896 0.09430992198083885 0.07294941818411545
1 0.37081719527504553 0.5898554925446596 0.06627345318850324 0.044051528371529966
1 0.3413919668717716 0.6601369003039339 0.07235967887824382 0.04110838479802066
1 0.39601086782171124 0.7193922283588947 0.07910100180902227 0.05066524122451135
1 0.5159139320460625 0.7237039921489481 0.15672139077317446 0.10284751834239998
1 0.6414085770031084 0.7255128815658224 0.09661605042954129 0.05741534639736088
1 0.7406682705806732 0.7218446607952821 0.1125619549975255 0.09376202335696497
1 0.6714712132537269 0.7472598494333688 0.07975609905006031 0.06316524122451135
1 0.851117769676162 0.7428127271717605 0.14126680913596842 0.07587584138279588
1 0.7233745499793154 0.798793605701575 0.15565685775648763 0.08253501834239999
1 0.8289251871344451 0.7941622785045439 0.09414614767057934 0.06982441818411544
1 0.7722635085948857 0.6101570030360078 0.09208568068726616 0.09004598997087018
1 0.9303592916115724 0.5852753603204285 0.07819359905006032 0.06311977711788863
1 0.942504087518558 0.6512269692542016 0.04866322930778537 0.09502299498543501
1 0.8500819713943273 0.5244264400247418 0.1226805834462282 0.07845527210332381
1 0.7986389801007545 0.5087619875966016 0.11009869629109836 0.07652905925034226
1 0.8551279975136092 0.47279574386480777 0.08369997060135788 0.07888116943775678
1 0.905168941091174 0.47055964245288207 0.06816350180902227 0.050346992478152684
1 0.9497754341937691 0.43805937952075824 0.05393722749876275 0.04681281551854859
1 0.94863233604822 0.4747553974674469 0.053930583446228295 0.07645485141192587
1 0.7358833525565632 0.47080499802144293 0.14291119629109836 0.0774838054894186
1 0.573113357644946 0.5551071048436451 0.09167624491161738 0.08223348997087018
1 0.5386907700148463 0.5272465292959667 0.07893722749876275 0.04754024122451135
1 0.4523538003179997 0.5820226090002801 0.06495661465389269 0.04869356426490725
1 0.5270915287212736 0.5104227421489481 0.13189180913596843 0.07560305674305993
1 0.5595665140219526 0.4712549420698059 0.09061171189493056 0.06192098997087001
1 0.603152739711693 0.47310694708437084 0.07532090456798421 0.03807431301126592
1 0.6210429245828306 0.4889676278048986 0.14743492198083885 0.07449519780928675
1 0.6654004341937692 0.44633384692608635 0.10368492198083885 0.07322220282385175
1 0.7309335809598372 0.40152380060786774 0.08616987336031982 0.06647209765100204
1 0.6555208231579212 0.39669755977906773 0.11445864767057934 0.07041545157021041
1 0.8660831869073025 0.36794911949162845 0.10993492198083885 0.07340405925034225
1 0.7666121313893786 0.34588155436879137 0.08765048620519007 0.06495506175762475
1 0.6352603120766447 0.26233693164496463 0.12350609905006031 0.06443823620994653
1 0.5108401662150877 0.2846785960681565 0.11232293758467105 0.05943248746358769
1 0.7561902877663851 0.2619384633817069 0.04423467887824373 0.040290030878812375
1 0.6763523015611951 0.32666620460621826 0.07145227611928177 0.05356292069139794
1 0.6148825350528517 0.3385955547645028 0.06256859905006032 0.06266513605166191
1 0.5870408180695386 0.3191241407370224 0.05352779172311415 0.0390003155185485
1 0.8177961731124925 0.30694943501017696 0.12687676051544977 0.06921666442319178
1 0.8837487217330116 0.29878994253202434 0.07350609905006031 0.06298338479802065
1 0.9095609492317746 0.2527954809326841 0.06873671189493039 0.06128449247815269
1 0.8725113285849881 0.24529286949162846 0.07975609905006031 0.06316524122451135
1 0.8163089162150875 0.2757903632234223 0.07260534034363308 0.04579588479802066
1 0.8270759978522934 0.24895507858368618 0.05837906603337366 0.04226170783841656
1 0.7890404093176826 0.24538144919594193 0.06651911465389268 0.04873902837152997