1 0.5032832095200813 0.19739755641385545 0.10779256784239592 0.09206313103709696
1 0.5140845906823174 0.2542014858807421 0.096773180687266 0.09018238229073816
1 0.41293152645796605 0.2649691528112163 0.08812852103089916 0.1336141335443794
1 0.4499335594746528 0.2842359783588947 0.08269739258219673 0.14905727711788863
1 0.48487512550802647 0.32390623211981834 0.09767393939369348 0.10736988229073816
1 0.5370927227490644 0.3349059166012699 0.09463082654882307 0.10884145407749282
1 0.5597390066702623 0.378846133215175 0.0922494549975255 0.0931709899708701
1 0.4290279172311404 0.36308840406485754 0.11214587516934213 0.11559155925034234
1 0.4994942254625979 0.40876696542677093 0.09660276232447185 0.11669941818411544
1 0.6039227758921392 0.46049929849629667 0.07546474672063966 0.13012542069139793
1 0.569135018090223 0.46855349089530696 0.07858974672063965 0.13021634890464337
1 0.5365615355030776 0.503928701241006 0.06937852103089917 0.13306856426490726
1 0.5678768125268705 0.578914329375109 0.07743668249628825 0.13798338479802066
1 0.5956642978275495 0.6164454216158347 0.08196040818602893 0.13499477711788863
1 0.6041495844622808 0.7335647254559008 0.07661116689245624 0.15200042069139794
1 0.552354711101961 0.6709116127612039 0.09364153663473154 0.11973348997087019
1 0.5466236895052351 0.74071564740094 0.10120837516934209 0.1152733105039836
1 0.5182840055386085 0.7822271974800822 0.10129026232447184 0.11683581050398359
1 0.5964399830373713 0.8253346883088822 0.10795634215265544 0.09518813103709682
1 0.44806335877254033 0.7412361361181689 0.10507700361804458 0.09978470282385157
1 0.3653360679539375 0.7303417517158597 0.1090275192218769 0.08585859514371971
1 0.2886607033000449 0.685626296780437 0.09931832654882307 0.10897784639736088
1 0.3436038308442363 0.6441231068887092 0.10294129353213641 0.08880173871722903
1 0.40321452623082343 0.6916824169969813 0.09677318068726617 0.09018238229073816
1 0.4842598083429991 0.6854120334526018 0.09701884215265544 0.09486988229073816
1 0.4892129019659925 0.6007642488128658 0.08928158525525039 0.12584709765100222
1 0.4459951684743359 0.6121934937983008 0.0888721494796016 0.11803459765100222
1 0.40335396709485494 0.6196937567304246 0.09331398801421247 0.11348348997087002
1 0.390092649252459 0.5308813093168494 0.08755531094499087 0.1226766335443795
1 0.42726510063194 0.523540170757905 0.09035276232447198 0.11651756175762476
1 0.3444083350281078 0.5400350004622184 0.09783771370395282 0.11049488229073816
1 0.31495985244096236 0.5753192825946721 0.10154256784239593 0.09188127461060631
1 0.2689004019659925 0.6071746878466638 0.10573874491161739 0.08264266693047428
1 0.2570754313646346 0.5308395083797772 0.09783771370395282 0.11049488229073816
1 0.23286664744343671 0.4869447558724948 0.1080382293077851 0.09675063103709683
1 0.2754392497728574 0.41841606472712567 0.10631195499752569 0.09358016693047429
1 0.3210693323145743 0.4679470517950019 0.10886374491161739 0.08273359514371954
1 0.3893855630926975 0.38302047083704727 0.09923643939369331 0.10741534639736088
0 0.4771588800305821 0.4454091590794225 0.09907266508343397 0.10429034639736087
0 0.5097400859326189 0.559480019266837 0.08886550542706698 0.1476766335443795
0 0.4436403731331772 0.4776821014784328 0.08911781094499087 0.12272209765100221
0 0.36848656490171977 0.4321399324363875 0.09972776232447185 0.11679034639736088