1 0.84375 0.528125 0.0875 0.1046875
1 0.7828125 0.51328125 0.0875 0.09375
1 0.765625 0.62265625 0.1359375 0.075
1 0.74609375 0.58125 0.1546875 0.06875
1 0.70546875 0.54296875 0.10625 0.090625
1 0.69609375 0.4859375 0.1078125 0.0875
1 0.65078125 0.46015625 0.090625 0.0875
1 0.65859375 0.6015625 0.1140625 0.10625
1 0.6140625 0.5234375 0.115625 0.0875
1 0.56484375 0.40859375 0.134375 0.0625
1 0.55390625 0.44609375 0.134375 0.065625
1 0.51328125 0.48046875 0.1375 0.05625
1 0.43359375 0.44375 0.1421875 0.0640625
1 0.3953125 0.41171875 0.1375 0.0703125
1 0.26796875 0.39765625 0.159375 0.0609375
1 0.33359375 0.45546875 0.11875 0.0859375
1 0.25703125 0.4609375 0.1140625 0.09375
1 0.21015625 0.4890625 0.115625 0.09375
1 0.16875 0.403125 0.090625 0.1046875
1 0.25 0.56640625 0.096875 0.1
1 0.25703125 0.65625 0.08125 0.10625
1 0.3 0.74140625 0.1078125 0.0921875
1 0.3484375 0.68359375 0.084375 0.1
1 0.30078125 0.6171875 0.0875 0.09375
1 0.31328125 0.5296875 0.090625 0.0921875
1 0.40546875 0.52734375 0.128125 0.078125
1 0.390625 0.57421875 0.11875 0.08125
1 0.37890625 0.6203125 0.1140625 0.0859375
1 0.47421875 0.63828125 0.125 0.078125
1 0.484375 0.59765625 0.11875 0.08125
1 0.4625 0.68671875 0.109375 0.090625
1 0.421875 0.71796875 0.0890625 0.096875
1 0.384375 0.76640625 0.078125 0.1046875
1 0.46640625 0.78125 0.109375 0.090625
1 0.5125 0.809375 0.09375 0.1046875
1 0.5890625 0.76640625 0.0890625 0.103125
1 0.53828125 0.715625 0.078125 0.10625
1 0.63515625 0.64375 0.10625 0.0921875
0 0.5734375 0.54609375 0.1015625 0.09375
0 0.4515625 0.50703125 0.153125 0.075
0 0.5359375 0.58203125 0.125 0.08125
0 0.58046875 0.66484375 0.115625 0.0921875