1 0.40804431686999976 0.22740439997655892 0.11162979065319459 0.09751132513557328
1 0.4294822525654512 0.2798799601832133 0.10221842306201392 0.09589428298109545
1 0.33413273176388864 0.3144862434588965 0.096950348023889 0.138045421544777
1 0.373740092421215 0.32487429761542674 0.092590156344514 0.1520806504675382
1 0.4152366081887845 0.3548072373105764 0.10261846656500002 0.11308178298109554
1 0.46839797577996495 0.3535538095192834 0.10105596656499997 0.11307269262201594
1 0.4995745873872218 0.3904589118804156 0.09604115824437506 0.0989829215447771
1 0.3694870438842358 0.4068919120768073 0.11846167211208343 0.12254768657189175
1 0.446194361038576 0.43468563485124834 0.10280030452090294 0.1208942829810955
1 0.5589119133752775 0.45956343588452064 0.08277874525034719 0.13327610831306055
1 0.5264988036678815 0.4757833335233885 0.08590374525034736 0.13329428903121965
1 0.5020611949104163 0.5186157281371943 0.07812761284152785 0.13481133723582167
1 0.5474269398764231 0.5837321889095828 0.08608558320625015 0.14110678903121965
1 0.5818922056439926 0.6136242219888741 0.090700348023889 0.13800906010845856
1 0.6144299890789924 0.7263287550681656 0.08641289152687506 0.15516928903121982
1 0.5514948844055898 0.6775185503459011 0.10131053970326391 0.12401019262201593
1 0.5592515265980549 0.747104342500379 0.10745143692972228 0.11935905405833439
1 0.5401917488626382 0.7938748033709633 0.10752417211208343 0.12248405405833437
1 0.6256019187905202 0.8170310231203424 0.11330139342673622 0.10220791549465283
1 0.464138395139166 0.7715543757760621 0.11028549620027786 0.10687723477649377
1 0.3818889395920827 0.7804521319243822 0.11308318787965285 0.09283291549465282
1 0.29807763725538133 0.7557425025340827 0.10577983415618064 0.11466246369925467
1 0.3430823191511105 0.7020907825883121 0.10846842306201392 0.0959306444174139
1 0.41032371732749945 0.7337362132082754 0.10221842306201405 0.09589428298109545
1 0.4874862825819786 0.7084003908031767 0.10229115824437507 0.09901928298109546
1 0.4753876325057287 0.6239435775714602 0.09676851006798622 0.130232921544777
1 0.4358159862292008 0.6455913185944697 0.09658667211208342 0.12242042154477702
1 0.3955540089306244 0.6633282644379395 0.0996025693385418 0.11775110226293624
1 0.3646689912631939 0.5803248668972675 0.09509690729444457 0.1255363311856975
1 0.3994258509705898 0.564118604797019 0.09655030452090285 0.12085792154477701
1 0.322026896373437 0.5996106772021178 0.10425370174736122 0.11621587334017516
1 0.30073247141156195 0.6416800025340829 0.10541615824437507 0.09903746369925485
1 0.2622505464496869 0.683649333916172 0.10984908510611122 0.08812723477649378
1 0.23578027184840225 0.6123919574527388 0.10425370174736122 0.11621587334017516
1 0.20304116024114535 0.5754777647325271 0.1133377610179167 0.10377041549465282
1 0.23062260600458293 0.49828400565734066 0.11166615824437506 0.0990738251355733
1 0.2844554676118398 0.5353209182251273 0.11301045269729179 0.08970791549465282
1 0.33443924344739545 0.4355981741770557 0.10418096656500006 0.11309087334017516
0 0.43274880366788154 0.4752379119786115 0.10407186379145852 0.10840337334017516
0 0.4873616088543745 0.5794759600850174 0.09727765634451409 0.152107921544777
0 0.40604018009277737 0.5149316710537978 0.09669577488562506 0.12710792154477701
0 0.32380956155166624 0.489449882022578 0.10752417211208343 0.12248405405833437