1 0.52734375 0.20546875 0.1 0.0828125
1 0.5140625 0.26328125 0.0890625 0.0828125
1 0.6171875 0.2796875 0.071875 0.128125
1 0.578125 0.2984375 0.0640625 0.146875
1 0.54140625 0.33671875 0.0859375 0.1
1 0.4875 0.3453125 0.084375 0.1015625
1 0.46328125 0.38828125 0.08125 0.0875
1 0.596875 0.38046875 0.1 0.1078125
1 0.5234375 0.4234375 0.084375 0.109375
1 0.41484375 0.46953125 0.059375 0.1265625
1 0.45078125 0.4796875 0.0625 0.1265625
1 0.4828125 0.51796875 0.053125 0.13125
1 0.44765625 0.59296875 0.059375 0.134375
1 0.41796875 0.6296875 0.0671875 0.13125
1 0.40390625 0.75 0.0578125 0.15
1 0.459375 0.68828125 0.08125 0.1125
1 0.4640625 0.7609375 0.0890625 0.1078125
1 0.490625 0.8046875 0.0890625 0.109375
1 0.409375 0.84453125 0.1 0.0875
1 0.5640625 0.7671875 0.0953125 0.0921875
1 0.64921875 0.7609375 0.1015625 0.0765625
1 0.7296875 0.7203125 0.0875 0.1015625
1 0.675 0.67421875 0.0953125 0.08125
1 0.6125 0.71953125 0.0890625 0.0828125
1 0.5296875 0.7078125 0.0875 0.0875
1 0.52734375 0.6203125 0.075 0.121875
1 0.57109375 0.634375 0.075 0.1125
1 0.61484375 0.6453125 0.08125 0.1078125
1 0.63203125 0.5546875 0.0734375 0.1171875
1 0.59375 0.5453125 0.078125 0.1125
1 0.678125 0.56640625 0.0859375 0.103125
1 0.7078125 0.6046875 0.0921875 0.084375
1 0.753125 0.640625 0.1 0.0734375
1 0.7671875 0.5625 0.0859375 0.103125
1 0.79375 0.51953125 0.1 0.0875
1 0.753125 0.44609375 0.096875 0.084375
1 0.7046875 0.49453125 0.1015625 0.0734375
1 0.6375 0.403125 0.0875 0.1
0 0.5453125 0.46171875 0.0890625 0.096875
0 0.5078125 0.5765625 0.0703125 0.14375
0 0.57890625 0.496875 0.075 0.1171875
0 0.6578125 0.4546875 0.0875 0.109375