0 0.6317247437983008 0.3945500380714554 0.09752352084968266 0.13241534639736088
0 0.5880633235026143 0.3122974792168245 0.08323370031656907 0.12419366943775678
0 0.5986778777383917 0.16211562279033376 0.09734166442319178 0.12616534639736088
0 0.5150326519532864 0.2199712383880245 0.09453491316955046 0.13701191818411546
0 0.3971297496042886 0.14065947459797096 0.09840405925034235 0.10902331050398355
0 0.4419755851810968 0.26268758729266783 0.07712009263643722 0.128699313011266
0 0.3070299353393814 0.20572819662215241 0.07605769780928666 0.14584134890464337
0 0.3795892454476535 0.2605999015575751 0.07818248746358769 0.11155727711788863
0 0.3395492671552659 0.2953302542231421 0.08212584138279588 0.13977320533113408
0 0.2955803068095669 0.3309555171552659 0.09790395407749282 0.0918358105039836
0 0.20466815030393387 0.37028845328606996 0.10388116943775669 0.08264266693047428
0 0.28196643619731115 0.36960048000824725 0.09776756175762476 0.0871483105039836
0 0.3079689950519421 0.41489860814235036 0.10576191818411544 0.093625631037097
0 0.3962586052393565 0.4388696540648575 0.07960859514371972 0.10691524122451135
0 0.3426107680131957 0.45838418369002876 0.09271634890464338 0.07451191818411544
0 0.3751899358015997 0.5191027233443297 0.0819894490629279 0.13508570533113406
0 0.3759664887837359 0.35827888361088644 0.09983016693047428 0.10438127461060623
0 0.4426000593168493 0.34853415907942253 0.09765991316955062 0.13710284639736087
0 0.48348582059962036 0.4456986640939874 0.10033027210332364 0.12156877461060614
0 0.32126330225722033 0.6018530388628782 0.10064852084968248 0.13250627461060632
0 0.30869275758835435 0.5241599478757937 0.09940426959604132 0.1433983105039836
0 0.25198811652212755 0.5414216557142102 0.0962338054894186 0.14174488229073817
0 0.18154758438967397 0.5746948084589196 0.10764266693047428 0.10460859514371953
0 0.17607648588074204 0.4944533789920329 0.10377352084968257 0.13259720282385157
0 0.1440044687919832 0.6577490008579299 0.07431334138279592 0.13954588479802066
0 0.18915784441880384 0.6618992917658721 0.07693823620994644 0.12244931301126591
0 0.24864650468536054 0.6562654057142102 0.1297449874635877 0.11305759263643722
0 0.519125455397641 0.3744086858015997 0.10004076708875882 0.16527331050398358