0 0.639082602732074 0.409947717538342 0.08479620031656906 0.12423913354437946
0 0.6049325747562555 0.32273487404397494 0.07055184389007838 0.11757995658477523
0 0.6311266648854102 0.17366087655125745 0.08461434389007856 0.11798913354437941
0 0.5422627416867298 0.22308186652212755 0.08180759263643722 0.12883570533113406
0 0.43409855219071336 0.13099731809233794 0.08880173871722885 0.10093802586424747
0 0.4655267454476535 0.25809937569332764 0.06448370031656907 0.12364810015828456
0 0.3380215225655422 0.18687289654301015 0.0618588054894186 0.1407446719450392
0 0.40488476214070096 0.24971622585161218 0.06710859514371958 0.10655152837152995
0 0.3610749261681813 0.2798727387837359 0.06792694906292791 0.13467652837152996
0 0.31411735814235037 0.31090142992910497 0.08986413354437942 0.08379598997087019
0 0.22035298627645344 0.3409502942731545 0.09735838479802066 0.07308581050398359
0 0.29664270163671735 0.34809755304864315 0.08968227711788863 0.07754598997087019
0 0.3178668322781029 0.3966570735026143 0.09767663354437942 0.0840233105039836
0 0.4027813898790926 0.4293127976383668 0.07005173871722899 0.10039245658477522
0 0.34694892702611113 0.44342677342347203 0.08623902837152997 0.06651756175762476
0 0.3723831845479585 0.5082561515575751 0.06774509263643713 0.12842652837152996
0 0.39034723753009465 0.34693220665128227 0.09174488229073816 0.09477895407749282
0 0.45755746958340604 0.344196000066507 0.08493259263643722 0.12892663354437942
0 0.48739207059962036 0.4455850038274307 0.0891199874635877 0.11187552586424747
0 0.3108259074300698 0.584983787609237 0.08948370031656916 0.12437552586424747
0 0.30611332686782655 0.5055008760890389 0.08511444906292791 0.1351766335443795
0 0.2488092922280905 0.5165353159807669 0.0819894490629279 0.13508570533113406
0 0.17544834857543892 0.5428681469387217 0.09804034639736088 0.09652331050398359
0 0.178571000066507 0.4623766648854103 0.09260870031656912 0.12446645407749272
0 0.13020639324430486 0.6222434098708453 0.0616769490629279 0.1344946719450391
0 0.17444212655125746 0.6311039328320989 0.06430184389007838 0.11739810015828453
0 0.23374893039132338 0.631720046780437 0.12005173871722888 0.1018473079967011
0 0.5307305451310843 0.37797395500192965 0.08418844655564542 0.1570061694377567