0 0.6098796952750456 0.564204840083706 0.1785764586155702 0.19732856826055975
0 0.3676036640673811 0.5502766609045144 0.17281778154634875 0.20633954721387227
0 0.25787013794809927 0.6080730213290361 0.16953565128862397 0.17343604195220053
0 0.49133109113660256 0.5524167426016025 0.14921650723608923 0.2018494682887944
0 0.738223780530296 0.4336689296733017 0.19001192559888339 0.17774411035393456
0 0.36862168871632484 0.3227886977362173 0.17586753844375363 0.17536256299888783
0 0.5608058666900575 0.2967968031814158 0.15891905585660826 0.20864549985882572
0 0.497262429332529 0.7810576820923762 0.21303334577069996 0.20089318401734033
0 0.574185613976524 0.3684519953030255 0.15192542740790566 0.2238154735504664
0 0.4426213534610744 0.44153942676011715 0.12503537878738663 0.21601838410204496
0 0.4526492079382017 0.23533492939095307 0.1301323145630356 0.22410389988706053