0 0.79609375 0.58984375 0.090625 0.1203125
0 0.56875 0.31171875 0.090625 0.109375
0 0.5203125 0.303125 0.0875 0.09296875
0 0.465625 0.2921875 0.065625 0.09296875
0 0.42890625 0.27890625 0.0765625 0.109375
0 0.3890625 0.25703125 0.0875 0.09296875
0 0.3 0.34453125 0.1015625 0.10390625
0 0.33984375 0.3578125 0.090625 0.09296875
0 0.38515625 0.37421875 0.1015625 0.09296875
0 0.4234375 0.38515625 0.1015625 0.09296875
0 0.48203125 0.39921875 0.1015625 0.10390625
0 0.1984375 0.434375 0.0984375 0.10390625
0 0.23984375 0.459375 0.09453125 0.0984375
0 0.2890625 0.4703125 0.1015625 0.11484375
0 0.334375 0.48125 0.0984375 0.1203125
0 0.38203125 0.4921875 0.1125 0.13671875
0 0.10546875 0.53515625 0.11640625 0.12578125
0 0.1453125 0.56015625 0.11640625 0.1203125
0 0.178125 0.58203125 0.10546875 0.11484375
0 0.2234375 0.5953125 0.10546875 0.12578125
0 0.27109375 0.61171875 0.1234375 0.14765625
0 0.6203125 0.36875 0.0578125 0.109375
0 0.55625 0.39609375 0.06171875 0.08203125
0 0.60546875 0.47265625 0.065625 0.13671875
0 0.53984375 0.48125 0.0546875 0.14765625
0 0.47109375 0.4921875 0.065625 0.109375
0 0.5984375 0.60078125 0.06875 0.13671875
0 0.5203125 0.61171875 0.06171875 0.15859375
0 0.45625 0.60625 0.0578125 0.1640625
0 0.38359375 0.628125 0.0796875 0.175
0 0.86015625 0.57109375 0.090625 0.109375
0 0.7328125 0.61171875 0.0796875 0.109375
0 0.66328125 0.62578125 0.07265625 0.1421875
0 0.790625 0.48125 0.090625 0.0875
0 0.72734375 0.5 0.0796875 0.09296875
0 0.67265625 0.51328125 0.065625 0.1421875
0 0.6765625 0.4125 0.06875 0.10390625
0 0.73671875 0.4125 0.0796875 0.109375