0 0.81640625 0.5703125 0.096875 0.1296875
0 0.571875 0.2703125 0.096875 0.11875
0 0.51953125 0.26171875 0.09375 0.1
0 0.4609375 0.25 0.0703125 0.1
0 0.421875 0.23515625 0.08125 0.11875
0 0.37890625 0.21171875 0.09375 0.1
0 0.2828125 0.30625 0.109375 0.1125
0 0.3265625 0.3203125 0.096875 0.1
0 0.375 0.33828125 0.109375 0.1
0 0.415625 0.35 0.109375 0.1
0 0.478125 0.36484375 0.109375 0.1125
0 0.1734375 0.403125 0.10625 0.1125
0 0.21875 0.4296875 0.1015625 0.10625
0 0.271875 0.44140625 0.109375 0.1234375
0 0.3203125 0.453125 0.10625 0.1296875
0 0.37109375 0.46484375 0.121875 0.146875
0 0.07421875 0.51171875 0.125 0.134375
0 0.1171875 0.53828125 0.125 0.1296875
0 0.15234375 0.56171875 0.1125 0.1234375
0 0.2015625 0.5765625 0.1125 0.134375
0 0.2515625 0.59375 0.1328125 0.159375
0 0.6265625 0.33203125 0.0625 0.11875
0 0.55859375 0.36171875 0.065625 0.0875
0 0.6109375 0.44375 0.0703125 0.146875
0 0.540625 0.453125 0.059375 0.159375
0 0.4671875 0.46484375 0.0703125 0.11875
0 0.603125 0.58203125 0.075 0.146875
0 0.51953125 0.59375 0.065625 0.1703125
0 0.4515625 0.58828125 0.0625 0.1765625
0 0.3734375 0.61171875 0.0859375 0.1875
0 0.884375 0.55 0.096875 0.11875
0 0.7484375 0.59375 0.0859375 0.11875
0 0.6734375 0.60859375 0.078125 0.153125
0 0.8109375 0.453125 0.096875 0.09375
0 0.7421875 0.4734375 0.0859375 0.1
0 0.68359375 0.48828125 0.0703125 0.153125
0 0.6875 0.3796875 0.075 0.1125
0 0.7515625 0.3796875 0.0859375 0.11875