0 0.74646187905854 0.65859375 0.1212338054894186 0.1390625
0 0.6027934132360576 0.33359375 0.11779055674305994 0.128125
0 0.5580492145688412 0.3140625 0.1110404515702104 0.1109375
0 0.5087539082214926 0.28984375 0.08902905925034225 0.10625
0 0.4765779057142102 0.26796875 0.1036371285298145 0.125
0 0.44387070579335247 0.2375 0.1110404515702104 0.1109375
0 0.3349981594751339 0.30078125 0.1270746285298145 0.125
0 0.36949517992910497 0.3234375 0.11421091567683313 0.1125
0 0.4085660401165194 0.35 0.12363137978345566 0.1140625
0 0.4423500067304246 0.3703125 0.12363137978345584 0.1140625
0 0.4954606348645276 0.39765625 0.1270746285298145 0.125
0 0.21286709521022665 0.36328125 0.1239496285298145 0.125
0 0.24546063486452763 0.39765625 0.11908027210332381 0.11875
0 0.2901139053184988 0.4203125 0.13051787727617326 0.1359375
0 0.3309063898790926 0.44140625 0.12909176959604132 0.140625
0 0.37399716033306374 0.4640625 0.14682483887551348 0.159375
0 0.09584106809233794 0.43828125 0.1481145542357774 0.15
0 0.12765335774663894 0.47265625 0.14641566191590938 0.1453125
0 0.15337477177411935 0.5015625 0.13368834138279598 0.1375
0 0.19329507812146782 0.52578125 0.137086126022532 0.146875
0 0.23468695625557084 0.553125 0.16129651583511767 0.1734375
0 0.636753224597971 0.4015625 0.08631323620994635 0.1203125
0 0.5676849758516122 0.4125 0.08241534639736088 0.09375
0 0.5940679679340534 0.49921875 0.10119409012915455 0.1484375
0 0.5286702884671668 0.49140625 0.09360891066226813 0.15625
0 0.4601021448936574 0.48515625 0.09417120031656907 0.121875
0 0.552999035564173 0.621875 0.10436455423577744 0.15
0 0.4751240881505977 0.61328125 0.10334762351524951 0.16875
0 0.41480035359000383 0.5921875 0.10035901583511767 0.1734375
0 0.33890544332344713 0.59609375 0.12581365690134447 0.1890625
0 0.8129363252184738 0.65625 0.11779055674305994 0.128125
0 0.6798737726320492 0.66484375 0.10676212852981451 0.125
0 0.6088709508452945 0.66171875 0.10923391066226813 0.15625
0 0.7706471883088822 0.55234375 0.11246655925034225 0.10625
0 0.7041727421489482 0.5546875 0.10318248746358769 0.109375
0 0.6479227421489482 0.5546875 0.1028929824490227 0.153125
0 0.6788665167595545 0.4578125 0.0955973079967011 0.1171875
0 0.737028357746639 0.47265625 0.10676212852981451 0.125