1 0.200014042209932 0.31489084536122597 0.0896546095770769 0.12445565467854491
1 0.06637010471240347 0.6743465666772723 0.09968417451188502 0.16206474267981755
1 0.22753684456283846 0.17065049669795312 0.10149213636243806 0.17614542401336303
1 0.1321601148553779 0.21798802601845368 0.08809210957707685 0.12443747334499947
1 0.24640998092857186 0.47718230736790745 0.08647506249917622 0.12129429201145392
1 0.2507336477331144 0.8562158267027256 0.10628873051823946 0.18244996801399935
1 0.12056627557084051 0.38976302868395374 0.10149213636243806 0.17614542401336308
1 0.3458605560096497 0.46505557204804326 0.10587962743398434 0.15901246801399935
1 0.33834451623864503 0.7165817093809523 0.1476307508107789 0.13450336401972632
1 0.33584026826394453 0.1437800087125888 0.1045353157455871 0.1714942866804539
1 0.1989252804421045 0.5563334580283168 0.10286372158978567 0.16522610534690862
1 0.22916002557084053 0.39102663136536214 0.12611030681713337 0.15456132535009015
1 0.22859736932290006 0.6918624253659985 0.07877165665497757 0.12745338534372674
1 0.31757941761532144 0.24983910471036164 0.0738659683433748 0.11489884134309047
1 0.0929304249222174 0.49571303668045397 0.12180463636243807 0.1763817813494537
1 0.44920374432125243 0.4537555400620426 0.11634556899199797 0.22162155601527206
1 0.1882530129922341 0.7648453920273623 0.06747960064862309 0.10701361600890866
1 0.32431856696669836 0.35618910204486154 0.07378414772652384 0.11021134134309048
1 0.16344965625453103 0.6637550593570898 0.08189665665497756 0.12748974801081764
1 0.3884320653451405 0.6226140807208612 0.06616256249917614 0.1210579346753633
1 0.1294274379111562 0.7774448420194082 0.08345915665497752 0.1275079293443632
1 0.3690640511383857 0.29966692938413403 0.06616256249917622 0.1210579346753633
1 0.2637180320636623 0.29140843936981653 0.0735386858759707 0.09614884134309047
1 0.06822429992056975 0.2547516820098632 0.07085006249917618 0.12111247867599957
1 0.28380879505260104 0.5729493407065436 0.10149213636243815 0.17614542401336308
1 0.35760657954860003 0.463629432049634 0.06915119480442451 0.11328179734245403
1 0.3371286639651688 0.6071703467138615 0.06142051542127547 0.11787839067472702