1 0.30625 0.81640625 0.134375 0.0953125
1 0.7 0.95625 0.175 0.0875
1 0.1484375 0.78671875 0.190625 0.10625
1 0.2 0.89140625 0.134375 0.09375
1 0.4859375 0.76484375 0.13125 0.090625
1 0.9015625 0.76015625 0.196875 0.1109375
1 0.3890625 0.903125 0.190625 0.10625
1 0.4734375 0.65625 0.171875 0.109375
1 0.75 0.66484375 0.14375 0.1578125
1 0.11875 0.6671875 0.184375 0.109375
1 0.571875 0.8171875 0.178125 0.10625
1 0.390625 0.784375 0.165625 0.134375
1 0.721875 0.78515625 0.1375 0.0828125
1 0.2359375 0.68671875 0.125 0.078125
1 0.5046875 0.934375 0.190625 0.128125
1 0.4609375 0.54296875 0.240625 0.11875
1 0.8015625 0.8296875 0.115625 0.0703125
1 0.353125 0.6796875 0.11875 0.078125
1 0.690625 0.85703125 0.1375 0.0859375
1 0.646875 0.609375 0.13125 0.06875
1 0.815625 0.89375 0.1375 0.0875
1 0.290625 0.63046875 0.13125 0.06875
1 0.28125 0.746875 0.103125 0.078125
1 0.240625 0.96015625 0.13125 0.0734375
1 0.590625 0.72421875 0.190625 0.10625
1 0.471875 0.64296875 0.121875 0.071875
1 0.6296875 0.665625 0.128125 0.0625