1 0.9011123991314351 0.8088241720780532 0.19777520173712979 0.24961486975432584
1 0.22662453130301125 0.19673729301951332 0.19848217313564326 0.2305466210079671
1 0.8092014845605394 0.688114518475414 0.20698415389834962 0.20581940564770312
1 0.7477406509879426 0.5405324763138306 0.18872522721932725 0.21933633636823088
1 0.6567212921876024 0.44229721628470076 0.18850697241000383 0.21308633636823107
1 0.6236285060752678 0.23367237404397495 0.19810022721932724 0.2196091210079671
1 0.32334583011403567 0.7045976056350679 0.20360618275429002 0.24318301332783515
1 0.4117336852013608 0.39155438486452765 0.18392859981466553 0.216074944048363
1 0.8053671233131284 0.42154914410223465 0.1882887176006804 0.20683633636823107
1 0.49276546350914713 0.6292840539065729 0.19363098202865067 0.22572272868809903
1 0.9184921001311516 0.6298580861055336 0.16301579973769692 0.22862040815498563
1 0.42082839908902614 0.1817020117449895 0.19999010943331239 0.22902958511458982
1 0.33114339491267486 0.3008361081423504 0.18941470798203355 0.1943818004748537
1 0.5683085782151192 0.3291272780423255 0.18639883538669527 0.19741587226160834
1 0.5242634562527531 0.45631791534762867 0.1948115361123346 0.21483069279472175
1 0.7687897278522995 0.314691390341311 0.20117066351699647 0.21813754922121245
1 0.9388789946425223 0.46350566039957075 0.12224201071495529 0.2008303772761732
1 0.08026543039203737 0.39494277546853607 0.14066967313564324 0.2288644490629279