1 0.9109375 0.79296875 0.178125 0.2265625
1 0.18984375 0.234375 0.1703125 0.2078125
1 0.8046875 0.6796875 0.1828125 0.18125
1 0.73359375 0.5375 0.16171875 0.19765625
1 0.6359375 0.44609375 0.1625 0.19140625
1 0.58828125 0.240625 0.1703125 0.19765625
1 0.321875 0.7328125 0.17265625 0.2203125
1 0.38828125 0.4140625 0.15703125 0.19609375
1 0.7828125 0.41484375 0.16328125 0.1859375
1 0.48515625 0.6453125 0.165625 0.2046875
1 0.92109375 0.6125 0.1578125 0.2078125
1 0.3828125 0.2046875 0.171875 0.20625
1 0.3015625 0.3296875 0.165625 0.17265625
1 0.53984375 0.340625 0.1625 0.17578125
1 0.5046875 0.4703125 0.16796875 0.19296875
1 0.73828125 0.3109375 0.17421875 0.19609375
1 0.93515625 0.44453125 0.1296875 0.184375
1 0.0578125 0.44296875 0.1125 0.21484375