1 0.91484375 0.79921875 0.1703125 0.2484375
1 0.1390625 0.1890625 0.1859375 0.228125
1 0.81015625 0.6765625 0.2 0.196875
1 0.7328125 0.5203125 0.1765625 0.215625
1 0.62578125 0.42109375 0.178125 0.209375
1 0.5734375 0.19609375 0.1859375 0.215625
1 0.2828125 0.734375 0.1875 0.240625
1 0.35546875 0.38515625 0.171875 0.215625
1 0.78671875 0.3859375 0.178125 0.203125
1 0.46171875 0.63828125 0.18125 0.225
1 0.925 0.6015625 0.15 0.228125
1 0.35 0.15703125 0.1875 0.225
1 0.2609375 0.29296875 0.18125 0.1875
1 0.52109375 0.3046875 0.178125 0.1921875
1 0.4828125 0.446875 0.184375 0.2109375
1 0.7375 0.27265625 0.190625 0.215625
1 0.940625 0.41796875 0.11875 0.2015625
1 0.028125 0.41640625 0.05625 0.234375