0 0.86171875 0.60078125 0.22578125 0.41953125
0 0.74296875 0.68671875 0.16875 0.3421875
0 0.6109375 0.60078125 0.25703125 0.36796875
0 0.35625 0.7796875 0.19140625 0.32109375
0 0.22421875 0.54375 0.20703125 0.41953125
0 0.1515625 0.39140625 0.23359375 0.33671875
0 0.37734375 0.5515625 0.16484375 0.2796875
0 0.37734375 0.365625 0.1765625 0.228125
0 0.4 0.1609375 0.20703125 0.2796875
0 0.4984375 0.1890625 0.1953125 0.28515625
0 0.6359375 0.1609375 0.15703125 0.18125
0 0.56328125 0.29765625 0.1953125 0.17578125
0 0.59375 0.4328125 0.28359375 0.28515625