0 0.8104661934660232 0.6450866609174667 0.3046697263671092 0.4485112646343312
0 0.6771756586403141 0.7145911607210749 0.23306031999010238 0.3637453791939077
0 0.5638302108788777 0.6121570280111258 0.32721311171321654 0.401781710379605
0 0.27907567333963523 0.755176816747758 0.25247206128367516 0.3466760538619427
0 0.19464419889309015 0.5034012141902341 0.2873184520568496 0.4452862706844554
0 0.1522973258714546 0.34275915086032166 0.2972865943003619 0.3672430839161719
0 0.3430883429456249 0.5322160397185908 0.2172848337849123 0.30117265632127077
0 0.3785322772509356 0.3476910487937771 0.2193519448207603 0.25119992739850955
0 0.4404944459524141 0.15061255747617994 0.2596361080951718 0.3012251149523599
0 0.5313341299190405 0.18903769057891245 0.24902615671569084 0.31072946350286307
0 0.6724504528498191 0.17884455826174686 0.19181344301173803 0.20261698165323563
0 0.574452286861874 0.30515759426790445 0.227750943011738 0.2028260599120669
0 0.578924023632891 0.44337066657480745 0.3371812539567289 0.3237385236113216