0 0.35844270500192965 0.52911949329176 0.14168269780928666 0.14855160580511537
0 0.3310641995916533 0.6385589806778883 0.1274383413827959 0.14181053248413775
0 0.4576470831360327 0.5529711663425853 0.10975073620994635 0.12402283175849824
0 0.42968355601814406 0.6288714674310444 0.1225689849563052 0.13539684137714508
0 0.38773774841715436 0.5952157192451428 0.11457462852981451 0.1288740228654909
0 0.6184926210744741 0.2554637053653268 0.07167642319868044 0.04933036660488854
0 0.6172567300082473 0.2711159872164922 0.07801735141192587 0.05267362141421197
0 0.5617879800082474 0.27305299864923765 0.04704013605166182 0.06095734736759475
0 0.5880633235026143 0.30881688385844763 0.08284124373179384 0.05752481252120454
0 0.5857506657433401 0.3346526975607785 0.08472199247815268 0.0685168762235353
0 0.5252223427029442 0.3227181819516819 0.05963106426490725 0.06451885698624168
0 0.49403217867546373 0.2949304878494644 0.05650606426490725 0.06440972958157998