0 0.42940980243922144 0.5818253418404812 0.14251986061443875 0.14855160580511537
0 0.46286219790005056 0.688601131496195 0.12823910580511538 0.14181053248413775
0 0.529399878755424 0.555649733040141 0.11045140507947586 0.12402283175849824
0 0.5454093138719669 0.6333109415703287 0.12333335099579194 0.13539684137714508
0 0.4895586179556509 0.6243104530030741 0.11530259618646851 0.1288740228654907
0 0.5155431875636135 0.2260440785936373 0.0719494110699257 0.04933036660488854
0 0.5230927927357566 0.24064229193314843 0.07830853847458741 0.05267362141421197
0 0.4747743438242157 0.2681422985565704 0.04738592068857237 0.06095734736759475
0 0.516835358252186 0.28544636044480265 0.08315972958158006 0.05752481252120454
0 0.5286185956383143 0.3092831645284867 0.08510417549789598 0.06851687622353539
0 0.46900798266162286 0.3270088670682247 0.05999504809323426 0.0645188569862416
0 0.42646581859647226 0.3183258370311578 0.05687004809323426 0.06440972958157998