1 0.28046875 0.93359375 0.134375 0.13125
1 0.95625 0.271875 0.0875 0.12109375
1 0.809375 0.32890625 0.134375 0.12890625
1 0.578125 0.29609375 0.1265625 0.125
1 0.7328125 0.62109375 0.12109375 0.10546875
1 0.359375 0.59296875 0.1234375 0.1234375
1 0.4671875 0.28125 0.125 0.125
1 0.80546875 0.659375 0.13671875 0.1265625
1 0.690625 0.31171875 0.125 0.12109375
1 0.13125 0.09765625 0.0921875 0.09765625
1 0.78046875 0.88359375 0.18359375 0.2015625
1 0.74140625 0.21875 0.1328125 0.1234375
1 0.07890625 0.0578125 0.071875 0.0859375
1 0.5109375 0.40625 0.146875 0.15625
1 0.71875 0.0578125 0.1234375 0.115625
1 0.35859375 0.7578125 0.134375 0.17578125
1 0.25625 0.5421875 0.1078125 0.1171875
1 0.75859375 0.4453125 0.1546875 0.1578125
1 0.934375 0.0859375 0.11875 0.12890625
1 0.8765625 0.7265625 0.1421875 0.13125
1 0.33671875 0.07109375 0.15625 0.1421875
1 0.85078125 0.534375 0.15625 0.1546875
1 0.30625 0.26640625 0.1546875 0.1578125
1 0.80078125 0.115625 0.125 0.125
1 0.36015625 0.46796875 0.146875 0.1484375
1 0.4578125 0.9171875 0.15 0.165625
1 0.03984375 0.5 0.0796875 0.1171875
1 0.0484375 0.40859375 0.096875 0.1078125
1 0.059375 0.3140625 0.1015625 0.1109375
1 0.1609375 0.35546875 0.1078125 0.1078125
1 0.709375 0.82109375 0.1734375 0.19921875
1 0.4828125 0.62109375 0.1390625 0.13671875
1 0.6390625 0.76640625 0.16015625 0.18359375
1 0.884375 0.91484375 0.1390625 0.1578125
1 0.240625 0.234375 0.16015625 0.1625
1 0.9375 0.7859375 0.115625 0.11875
1 0.4609375 0.12109375 0.15234375 0.146875
1 0.890625 0.190625 0.12890625 0.1234375
1 0.11875 0.546875 0.11328125 0.1109375
1 0.625 0.20703125 0.13125 0.12890625
1 0.9046875 0.3453125 0.0953125 0.1015625
1 0.51953125 0.93515625 0.1671875 0.1296875
1 0.40234375 0.0921875 0.1390625 0.16015625
1 0.57109375 0.128125 0.1078125 0.0921875
1 0.4140625 0.8609375 0.1390625 0.1578125
1 0.5859375 0.7203125 0.171875 0.18125
1 0.178125 0.196875 0.1390625 0.140625
1 0.51484375 0.1828125 0.1234375 0.12109375
1 0.1421875 0.4484375 0.1171875 0.1109375
1 0.14375 0.65625 0.1484375 0.171875
1 0.6421875 0.153125 0.09765625 0.06875
1 0.6015625 0.49609375 0.1546875 0.1484375
1 0.05 0.178125 0.0625 0.0921875
1 0.8484375 0.03828125 0.1265625 0.0765625
1 0.02265625 0.646875 0.0453125 0.11875
1 0.05078125 0.8 0.1 0.19140625
1 0.25390625 0.40625 0.103125 0.09765625
1 0.0421875 0.95390625 0.084375 0.0921875
1 0.97734375 0.1640625 0.0453125 0.125
1 0.975 0.6859375 0.04296875 0.12890625
1 0.95859375 0.02109375 0.0828125 0.0421875
1 0.6109375 0.02421875 0.1109375 0.0484375
1 0.01640625 0.0796875 0.0328125 0.1234375