1 0.065625 0.27265625 0.13125 0.1359375
1 0.7328125 0.95625 0.121875 0.0875
1 0.675 0.809375 0.13125 0.1375
1 0.70859375 0.575 0.1265625 0.128125
1 0.3796875 0.73125 0.10625 0.121875
1 0.4078125 0.35390625 0.125 0.125
1 0.7234375 0.4625 0.1265625 0.1265625
1 0.340625 0.80546875 0.128125 0.1375
1 0.69296875 0.6890625 0.121875 0.1265625
1 0.909375 0.12265625 0.0984375 0.09375
1 0.11328125 0.7796875 0.203125 0.1859375
1 0.78671875 0.73984375 0.125 0.134375
1 0.94921875 0.0703125 0.0875 0.0734375
1 0.596875 0.50703125 0.1578125 0.1484375
1 0.9453125 0.71640625 0.109375 0.125
1 0.24140625 0.353125 0.178125 0.1375
1 0.459375 0.24921875 0.11875 0.109375
1 0.55703125 0.7578125 0.159375 0.15625
1 0.92109375 0.9359375 0.13125 0.1203125
1 0.27265625 0.87734375 0.13125 0.14375
1 0.93203125 0.32890625 0.1359375 0.1578125
1 0.4671875 0.85078125 0.15625 0.1578125
1 0.73828125 0.30078125 0.159375 0.15625
1 0.89140625 0.80078125 0.1265625 0.1265625
1 0.534375 0.3546875 0.15 0.1484375
1 0.08203125 0.45390625 0.1640625 0.153125
1 0.50234375 0.0359375 0.11875 0.071875
1 0.59375 0.04453125 0.109375 0.0890625
1 0.690625 0.05078125 0.1125 0.1
1 0.6484375 0.153125 0.109375 0.109375
1 0.1765625 0.7078125 0.2015625 0.1765625
1 0.3796875 0.478125 0.1375 0.140625
1 0.23203125 0.63671875 0.1859375 0.1625
1 0.08203125 0.88515625 0.159375 0.140625
1 0.77109375 0.2328125 0.1640625 0.1625
1 0.2125 0.9390625 0.1203125 0.115625
1 0.88515625 0.45625 0.1484375 0.153125
1 0.81484375 0.89140625 0.125 0.13125
1 0.4546875 0.1109375 0.1125 0.115625
1 0.7984375 0.62265625 0.13125 0.1328125
1 0.6578125 0.90546875 0.103125 0.096875
1 0.06328125 0.515625 0.1265625 0.1703125
1 0.91484375 0.396875 0.1625 0.140625
1 0.878125 0.56796875 0.09375 0.109375
1 0.13671875 0.409375 0.159375 0.140625
1 0.27890625 0.5828125 0.184375 0.175
1 0.80859375 0.1703125 0.1421875 0.140625
1 0.8234375 0.5109375 0.121875 0.125
1 0.5546875 0.134375 0.1125 0.11875
1 0.34375 0.13515625 0.175 0.15
1 0.853125 0.640625 0.06875 0.0984375
1 0.50625 0.5984375 0.15 0.15625
1 0.828125 0.040625 0.09375 0.0625
1 0.965625 0.8484375 0.06875 0.128125
1 0.3546875 0.01796875 0.1203125 0.0359375
1 0.19921875 0.0453125 0.19375 0.090625
1 0.596875 0.246875 0.0984375 0.1046875
1 0.04453125 0.0375 0.0890625 0.075
1 0.8421875 0.978125 0.1265625 0.04375
1 0.3140625 0.9765625 0.13125 0.04375
1 0.98203125 0.959375 0.0359375 0.08125
1 0.97890625 0.6078125 0.040625 0.1125
1 0.928125 0.01171875 0.125 0.0234375