0 0.25703125 0.66171875 0.0859375 0.06875
0 0.2625 0.60625 0.08125 0.071875
0 0.275 0.528125 0.046875 0.1171875
0 0.24609375 0.534375 0.0578125 0.121875
0 0.3546875 0.3640625 0.078125 0.1171875
0 0.375 0.31796875 0.075 0.103125
0 0.39140625 0.27109375 0.078125 0.109375
0 0.4078125 0.22421875 0.075 0.103125
0 0.43359375 0.18359375 0.075 0.103125
0 0.3921875 0.05703125 0.084375 0.1140625
0 0.37265625 0.08359375 0.08125 0.134375
0 0.3546875 0.12578125 0.08125 0.13125
0 0.3359375 0.16875 0.078125 0.109375
0 0.32421875 0.22734375 0.0828125 0.1421875
0 0.29765625 0.37890625 0.08125 0.128125
0 0.2734375 0.24296875 0.075 0.1375
0 0.2390625 0.3859375 0.08125 0.125
0 0.20546875 0.24453125 0.0921875 0.11875
0 0.271875 0.15546875 0.0578125 0.05
0 0.28046875 0.10625 0.053125 0.04375
0 0.2984375 0.0625 0.046875 0.05
0 0.321875 0.021875 0.059375 0.04375
0 0.21328125 0.1515625 0.059375 0.0625
0 0.22734375 0.1046875 0.05 0.046875
0 0.24375 0.0640625 0.053125 0.05
0 0.26953125 0.02421875 0.0546875 0.0484375