0 0.353125 0.684375 0.06171875 0.07734375
0 0.403125 0.67890625 0.065625 0.071875
0 0.4734375 0.6671875 0.10546875 0.04140625
0 0.46796875 0.69296875 0.109375 0.05234375
0 0.6203125 0.59609375 0.10546875 0.06953125
0 0.66171875 0.578125 0.0921875 0.06796875
0 0.7046875 0.5625 0.0984375 0.06953125
0 0.746875 0.54765625 0.0921875 0.06796875
0 0.78359375 0.525 0.09296875 0.06640625
0 0.90546875 0.5625 0.1203125 0.07578125
0 0.87265625 0.5796875 0.12109375 0.0734375
0 0.834375 0.59609375 0.1171875 0.0734375
0 0.79609375 0.6125 0.0984375 0.0703125
0 0.74375 0.6234375 0.128125 0.075
0 0.60703125 0.64765625 0.115625 0.0734375
0 0.7296875 0.66875 0.12421875 0.06640625
0 0.6015625 0.7 0.11171875 0.071875
0 0.728125 0.7296875 0.10703125 0.0828125
0 0.8078125 0.6703125 0.04375 0.05234375
0 0.85234375 0.6625 0.03984375 0.04765625
0 0.8921875 0.646875 0.04375 0.04296875
0 0.93828125 0.625 0.05703125 0.053125
0 0.81171875 0.7234375 0.05625 0.053125
0 0.85390625 0.7109375 0.04140625 0.0453125
0 0.890625 0.6953125 0.0453125 0.04765625
0 0.934375 0.6734375 0.05703125 0.04921875