0 0.684375 0.64453125 0.078125 0.0625
0 0.67890625 0.59375 0.071875 0.065625
0 0.66796875 0.52265625 0.040625 0.10625
0 0.69375 0.528125 0.053125 0.109375
0 0.5953125 0.37421875 0.0703125 0.10625
0 0.57734375 0.33203125 0.06875 0.09375
0 0.56171875 0.2890625 0.0703125 0.1
0 0.546875 0.246875 0.06875 0.09375
0 0.52421875 0.209375 0.0671875 0.09375
0 0.56171875 0.0859375 0.0765625 0.121875
0 0.5796875 0.11953125 0.075 0.121875
0 0.5953125 0.1578125 0.075 0.11875
0 0.6125 0.196875 0.071875 0.1
0 0.6234375 0.24921875 0.075 0.1296875
0 0.64765625 0.3875 0.075 0.1171875
0 0.66875 0.2640625 0.0671875 0.125
0 0.70078125 0.39375 0.071875 0.1125
0 0.73125 0.265625 0.084375 0.1078125
0 0.6703125 0.184375 0.053125 0.04375
0 0.66328125 0.13984375 0.0484375 0.040625
0 0.646875 0.1 0.04375 0.04375
0 0.625 0.053125 0.053125 0.0578125
0 0.72421875 0.18046875 0.053125 0.05625
0 0.71171875 0.13828125 0.046875 0.040625
0 0.69609375 0.10078125 0.0484375 0.046875
0 0.67421875 0.05703125 0.05 0.0578125