1 0.6040952067653678 0.7213644669431096 0.12427381303532492 0.1473416644231918
1 0.6623798845566607 0.6699443709414601 0.12421927088084708 0.13796666442319178
1 0.9637584938516799 0.2506848717328829 0.07248301229664023 0.11932431301126607
1 0.25254530054229296 0.44477425705962903 0.11022040339440445 0.1484949874635877
1 0.25007935157556527 0.5579645788463836 0.11958631303532483 0.14720527210332363
1 0.6541623426967706 0.465833532461658 0.09129768657189175 0.11826191818411544
1 0.4614238342107596 0.09700566145369093 0.09129768657189175 0.11826191818411551
1 0.8466311229473916 0.3855108496295591 0.08975336729005079 0.12134145407749282
1 0.7867526497801671 0.5657689994712746 0.09911927693097126 0.12005173871722903
1 0.18404580629782957 0.6200948543149197 0.12743517447164326 0.15368259263643722
1 0.6707378061014377 0.7639216914745734 0.11646131303532492 0.14711434389007855
1 0.8825691438282387 0.5209087920285695 0.09288745764913031 0.12299488229073816
1 0.5890322463857627 0.41472802203681675 0.09441359621281205 0.11679034639736088
1 0.7854163669954634 0.3360814994712746 0.08347609621281223 0.11647209765100212
1 0.520036806690613 0.3705401013454188 0.09131586729005096 0.12138691818411544
1 0.8789163821207738 0.2958405958686354 0.09127950585373235 0.11513691818411545
1 0.8534361557320954 0.6153574740027385 0.09442268657189175 0.11835284639736088
1 0.556232861043535 0.28176475785105176 0.09441359621281205 0.11679034639736088
1 0.5273306353422277 0.14735265393184355 0.08973518657189175 0.11821645407749282
1 0.3921158188890573 0.2676160266556703 0.09912836729005096 0.12161423871722894
1 0.40187924267332953 0.871704133082161 0.11490790339440445 0.14863137978345584
1 0.7533982316532356 0.20314096733882098 0.0881363251355733 0.1119209899708701
1 0.42754880396013845 0.1819429511079919 0.09440450585373239 0.11522784639736088
1 0.6023514204646225 0.8244212707831755 0.1071590359079618 0.15934155925034227
1 0.9440510236113215 0.34772735629347673 0.09443177693097127 0.11991534639736087
1 0.7880317860061576 0.1143201597378313 0.0943772347764936 0.11054034639736088
1 0.5643579366700876 0.06719379249078788 0.09121587334017515 0.10419941818411552
1 0.45724137002052545 0.3179402870805116 0.09131586729005096 0.12138691818411544
1 0.6872424874087723 0.3785297607540457 0.09285109621281204 0.11674488229073816
1 0.3406417608237022 0.8183685329238765 0.11178290339440444 0.1485404515702104
1 0.7192969841873185 0.5177202928864993 0.09127950585373253 0.11513691818411545
1 0.4775150469280557 0.848909142253361 0.12115790339440444 0.14881323620994635
1 0.721076611043535 0.2865612210997447 0.08972609621281205 0.11665395407749282
1 0.26879403190094103 0.8209646840192331 0.11491699375348405 0.15019387978345583
1 0.6255136052879984 0.10646689264907246 0.09127950585373253 0.11513691818411549
1 0.47712766490547764 0.5137983563599837 0.12101245764913067 0.12381323620994653
1 0.32511519213103657 0.43204458801758366 0.12271131303532483 0.14729620031656906
1 0.2624253363520589 0.6661180596460538 0.12739881303532483 0.1474325926364372
1 0.8153396954506864 0.24321804955041687 0.09127950585373261 0.11513691818411553
1 0.3639993883672898 0.13400790478977337 0.09288745764913049 0.12299488229073821
1 0.6544112858097659 0.2400977465682807 0.09441359621281223 0.11679034639736088
1 0.5081100201934761 0.602966156439126 0.12428290339440444 0.1489041644231918
1 0.5988259237842722 0.6212280746232415 0.1289249515990063 0.14122805674305994
1 0.40105396077238853 0.058536543348717704 0.09585792154477706 0.09652331050398352
1 0.9814727137974506 0.16370770895904377 0.037054572405098796 0.11827863855894435
1 0.3924935896717086 0.466812044602359 0.130496541958086 0.14283602084968247
1 0.8174572282353901 0.4729282816037282 0.09127041549465283 0.11357441818411544
1 0.9143084605759968 0.2031362703209571 0.09127041549465283 0.11357441818411554
1 0.3266600322937245 0.563317320070895 0.13548402380771335 0.19453491316955063
1 0.32910429712444744 0.7149252841775177 0.13066016842151917 0.17096102084968265
1 0.6937323401626878 0.15141333128715906 0.08658291549465283 0.11343802586424748
1 0.212212233794535 0.7622967261808166 0.1306601684215191 0.17096102084968265
1 0.592428915396457 0.19298941435668482 0.09439541549465283 0.11366534639736088
1 0.3238789032962086 0.21954458801758364 0.09756586729005097 0.12156877461060622
1 0.6221305718159236 0.3305492503292044 0.09284200585373252 0.11518238229073816
1 0.9117339481811608 0.4319288600544004 0.08817268657189174 0.1181709899708702
1 0.42106856244614965 0.5449741485215671 0.128934041958086 0.14279055674305993
1 0.5411821163080923 0.782804420624891 0.12427381303532492 0.1473416644231918
1 0.9459306444174139 0.13375578450672207 0.09110678903121965 0.08544941818411549
1 0.7206897499018041 0.085802703153056 0.0895170179539809 0.08071645407749281
1 0.5328605561996337 0.6950771000917776 0.12912493949875792 0.17560305674305993
1 0.4908249878997516 0.04865072947952187 0.10039997579950324 0.07165970282385159
1 0.3973679629136878 0.6333319548689156 0.10702268052176755 0.13590405925034227
1 0.45896451394696014 0.7483863050272002 0.12908857806243948 0.16935305674305975
1 0.3948701976901815 0.7410535266556703 0.11484427088084717 0.13769387978345565
1 0.6533386234383711 0.05572274656828071 0.07057612041330899 0.04735838479802066
1 0.5470043485505032 0.575196509104693 0.0709397347764936 0.10985838479802065