1 0.33515625 0.67578125 0.109375 0.1375
1 0.28359375 0.60859375 0.1125 0.128125
1 0.0359375 0.09765625 0.071875 0.1125
1 0.75546875 0.459375 0.09375 0.140625
1 0.73671875 0.5796875 0.1046875 0.1375
1 0.32890625 0.39375 0.078125 0.1125
1 0.59921875 0.05 0.0796875 0.1
1 0.140625 0.2671875 0.0765625 0.115625
1 0.17109375 0.47109375 0.0875 0.1125
1 0.7953125 0.66015625 0.1125 0.14375
1 0.2578125 0.70625 0.103125 0.1375
1 0.07890625 0.403125 0.08125 0.115625
1 0.40625 0.3546875 0.08125 0.109375
1 0.2140625 0.22890625 0.071875 0.1125
1 0.48671875 0.3234375 0.078125 0.115625
1 0.12265625 0.165625 0.08125 0.109375
1 0.09296875 0.51015625 0.0828125 0.1125
1 0.46484375 0.2203125 0.0828125 0.109375
1 0.51875 0.084375 0.078125 0.1125
1 0.640625 0.24140625 0.0875 0.115625
1 0.52109375 0.87890625 0.1 0.140625
1 0.271875 0.09453125 0.0765625 0.10625
1 0.61796875 0.14296875 0.0828125 0.109375
1 0.31875 0.784375 0.0890625 0.153125
1 0.0453125 0.20625 0.08125 0.1125
1 0.25078125 0.021875 0.084375 0.04375
1 0.49609375 0.01953125 0.08125 0.0390625
1 0.56171875 0.28046875 0.078125 0.115625
1 0.309375 0.29453125 0.08125 0.109375
1 0.59453125 0.8359375 0.096875 0.140625
1 0.25078125 0.43515625 0.08125 0.109375
1 0.4453125 0.8390625 0.10625 0.140625
1 0.290625 0.190625 0.078125 0.1125
1 0.6703125 0.85390625 0.1 0.140625
1 0.42421875 0.03671875 0.0796875 0.0734375
1 0.50625 0.48359375 0.1109375 0.1125
1 0.68046875 0.4296875 0.1078125 0.1375
1 0.7046875 0.6921875 0.1125 0.1375
1 0.1984375 0.12421875 0.08125 0.109375
1 0.69375 0.10625 0.08125 0.115625
1 0.36875 0.1546875 0.08125 0.109375
1 0.4578125 0.57109375 0.1109375 0.1375
1 0.359375 0.57109375 0.1171875 0.128125
1 0.67109375 0.03046875 0.0828125 0.0609375
1 0.025 0.028125 0.05 0.05625
1 0.6046875 0.45234375 0.11875 0.13125
1 0.15546875 0.36640625 0.08125 0.10625
1 0.10234375 0.05859375 0.0796875 0.10625
1 0.65625 0.56875 0.1140625 0.1875
1 0.62578125 0.72890625 0.1125 0.1625
1 0.3453125 0.053125 0.075 0.10625
1 0.73984375 0.80390625 0.1125 0.1625
1 0.44296875 0.11875 0.0828125 0.10625
1 0.7203125 0.20546875 0.084375 0.115625
1 0.38671875 0.2578125 0.08125 0.109375
1 0.0640625 0.30234375 0.075 0.1125
1 0.559375 0.52890625 0.115625 0.13125
1 0.38984375 0.7546875 0.109375 0.1375
1 0.08203125 0.00859375 0.0859375 0.0171875
1 0.415625 0.66328125 0.109375 0.16875
1 0.57578125 0.00859375 0.0953125 0.0171875
1 0.56875 0.62734375 0.09375 0.128125
1 0.48359375 0.73671875 0.1109375 0.1625
1 0.5515625 0.7421875 0.1015625 0.128125
1 0.421875 0.5328125 0.0578125 0.10625