0 0.228125 0.80390625 0.28125 0.1984375
0 0.12734375 0.53046875 0.16875 0.15
0 0.040625 0.52578125 0.08125 0.1203125
0 0.06484375 0.39453125 0.1296875 0.1078125
0 0.9265625 0.40703125 0.146875 0.19375
0 0.7546875 0.459375 0.19375 0.1765625
0 0.584375 0.43984375 0.146875 0.228125
0 0.51484375 0.49765625 0.159375 0.134375
0 0.3796875 0.49375 0.184375 0.171875
0 0.29296875 0.4546875 0.20625 0.2453125
0 0.45703125 0.37734375 0.159375 0.134375
0 0.2328125 0.346875 0.1375 0.1640625
0 0.3515625 0.33203125 0.1375 0.1375
0 0.45703125 0.26328125 0.18125 0.1765625
0 0.58828125 0.23046875 0.125 0.16875
0 0.74765625 0.3015625 0.190625 0.146875
0 0.8984375 0.340625 0.184375 0.125
0 0.71796875 0.24140625 0.203125 0.115625