0 0.26875 0.82578125 0.2734375 0.19375
0 0.1703125 0.55859375 0.1640625 0.146875
0 0.06328125 0.5546875 0.125 0.11875
0 0.0921875 0.42890625 0.159375 0.1046875
0 0.9390625 0.4390625 0.121875 0.1890625
0 0.78125 0.48984375 0.1890625 0.171875
0 0.615625 0.4703125 0.14375 0.221875
0 0.5484375 0.52734375 0.15625 0.13125
0 0.415625 0.5234375 0.18125 0.16875
0 0.33203125 0.48515625 0.2015625 0.240625
0 0.49140625 0.409375 0.15625 0.13125
0 0.2734375 0.38046875 0.134375 0.159375
0 0.38828125 0.365625 0.134375 0.134375
0 0.49140625 0.2984375 0.1765625 0.171875
0 0.61953125 0.2671875 0.121875 0.1640625
0 0.775 0.3359375 0.184375 0.14375
0 0.915625 0.371875 0.16875 0.121875
0 0.74609375 0.27734375 0.196875 0.1125