0 0.24839782996369397 0.8013407629889387 0.28008804250907654 0.2063080957773593
0 0.14595721536240785 0.5564294577933633 0.17173703163466164 0.15289099512873605
0 0.05462519711080016 0.5605868981335609 0.10925039422160032 0.12257620373287814
0 0.07535616771904124 0.43911131858825614 0.1507123354380825 0.11371940097293458
0 0.8971734999628189 0.3793711164835263 0.1812048735357159 0.1936523628234877
0 0.7268490711036264 0.44011552192068776 0.19781937056996632 0.17988987175194143
0 0.5677605725865013 0.4358661728936225 0.15897704646340927 0.22293075973923263
0 0.5052168102292116 0.4955099541432106 0.1617253616727176 0.13710235389503395
0 0.3800258092406284 0.5023793372592378 0.18981586958138302 0.17506600405718978
0 0.29848664916451617 0.4725748348236058 0.21761721741393628 0.2442523806803953
0 0.4487041664647218 0.38797987216227386 0.1617253616727176 0.13710235389503395
0 0.23990216943047127 0.37757202638161946 0.14562020060802233 0.16336484496658024
0 0.34932359038099836 0.35536401542457074 0.14310269566510653 0.13990007142762995
0 0.4451891887078432 0.2826474898570256 0.18681820357377177 0.1781364569792891
0 0.566312113612703 0.24149856412732454 0.1332475346004111 0.16627165665497756
0 0.7171451017497048 0.2950757573101912 0.19042336463846715 0.15165577759614007
0 0.8575008463124973 0.31838875203518546 0.18484452669174578 0.12969895697928902
0 0.6873103631184113 0.2417286148586732 0.200214858706968 0.12372169236879246