0 0.34048323213286025 0.8137239559595928 0.29246854025277597 0.21733514003818008
0 0.20287261024287845 0.5745534626432283 0.18014560266810492 0.15981244668999892
0 0.0993757960185272 0.5835750213240004 0.1425703595655099 0.12814427601845377
0 0.10857265434084166 0.46073695798854597 0.17020403663473135 0.11909654002227174
0 0.9153887228626356 0.3628832358768693 0.16922255427472876 0.20054653469127165
0 0.76527967774659 0.43198886656591373 0.20810018430531088 0.18668402936027154
0 0.6067268713241549 0.43461552192077635 0.1728111374938141 0.22843517735518085
0 0.5529301639517801 0.4969978905951852 0.1683073439616777 0.14249767735518085
0 0.42776306761525323 0.5101802379455934 0.20004202283992142 0.18190562269254434
0 0.3427362924004826 0.48380918929027467 0.23185194482076027 0.25254538669636234
0 0.4802152809805218 0.39231093793763916 0.16830734396167765 0.14249767735518085
0 0.2699362002478272 0.3924125772995016 0.15407442559888346 0.1688783640197263
0 0.3763566186106214 0.3645955652848659 0.14963923111680746 0.1438420013526355
0 0.46144759158682847 0.28777797927277554 0.19551829715018093 0.1849760786919079
0 0.5763013076656305 0.24188312925686714 0.14321881275401332 0.17031359468490823
0 0.734267615897088 0.2877303365690954 0.19881371551297528 0.15846812269254426
0 0.8790002617586449 0.3048076538829145 0.19149918249628833 0.13808289735836254
0 0.6971493962002413 0.23578657590709523 0.20679663387576958 0.13201471069381693