0 0.84296875 0.23046875 0.146875 0.1578125
0 0.43359375 0.209375 0.1390625 0.21875
0 0.2734375 0.49375 0.1625 0.24375
0 0.5453125 0.68125 0.165625 0.2671875
0 0.7625 0.15625 0.10625 0.1875
0 0.315625 0.14375 0.1578125 0.209375
0 0.68125 0.36015625 0.146875 0.190625
0 0.55390625 0.27890625 0.140625 0.19375
0 0.6796875 0.7765625 0.1640625 0.29375
0 0.40234375 0.5921875 0.153125 0.253125
0 0.13359375 0.41171875 0.165625 0.25625
0 0.80859375 0.4453125 0.1484375 0.240625
0 0.66171875 0.153125 0.14375 0.1875