0 0.16484375 0.253125 0.13203125 0.14296875
0 0.53515625 0.23359375 0.12578125 0.19765625
0 0.6796875 0.490625 0.146875 0.22109375
0 0.434375 0.6609375 0.14921875 0.2421875
0 0.2375 0.18515625 0.096875 0.1703125
0 0.6421875 0.17421875 0.14296875 0.18984375
0 0.3109375 0.3703125 0.13203125 0.171875
0 0.42578125 0.296875 0.128125 0.17578125
0 0.3125 0.746875 0.14765625 0.265625
0 0.56328125 0.5796875 0.1390625 0.22890625
0 0.80625 0.41640625 0.15 0.2328125
0 0.19609375 0.44765625 0.134375 0.2171875
0 0.328125 0.1828125 0.12890625 0.16875