0 0.13203125 0.32265625 0.075 0.109375
0 0.16953125 0.31015625 0.0625 0.1046875
0 0.209375 0.2921875 0.065625 0.1171875
0 0.24140625 0.2796875 0.078125 0.115625
0 0.278125 0.2671875 0.071875 0.109375
0 0.31953125 0.26328125 0.05625 0.109375
0 0.346875 0.39140625 0.075 0.103125
0 0.30859375 0.40546875 0.065625 0.1
0 0.28046875 0.4109375 0.071875 0.1015625
0 0.2515625 0.43984375 0.0796875 0.10625
0 0.20625 0.45234375 0.0796875 0.1
0 0.16171875 0.46640625 0.09375 0.0921875
0 0.37421875 0.55 0.065625 0.090625
0 0.340625 0.5734375 0.071875 0.090625
0 0.30625 0.584375 0.065625 0.0875
0 0.278125 0.60390625 0.065625 0.09375
0 0.24921875 0.6234375 0.071875 0.084375
0 0.2109375 0.64765625 0.096875 0.0921875
0 0.40546875 0.675 0.0671875 0.1015625
0 0.36796875 0.690625 0.0625 0.09375
0 0.334375 0.71015625 0.0734375 0.0953125
0 0.31015625 0.74375 0.071875 0.1046875
0 0.275 0.76171875 0.071875 0.0953125
0 0.24453125 0.7875 0.078125 0.090625