0 0.3515625 0.85546875 0.10078125 0.06953125
0 0.340625 0.8203125 0.096875 0.0578125
0 0.3234375 0.78359375 0.10859375 0.0609375
0 0.3125 0.7546875 0.10703125 0.071875
0 0.30078125 0.71953125 0.10078125 0.0671875
0 0.296875 0.68203125 0.10078125 0.0515625
0 0.415625 0.65625 0.09453125 0.0703125
0 0.428125 0.69140625 0.0921875 0.06015625
0 0.434375 0.71796875 0.09375 0.0671875
0 0.4609375 0.74453125 0.09921875 0.07421875
0 0.471875 0.78671875 0.0921875 0.07421875
0 0.4859375 0.82734375 0.08515625 0.08671875
0 0.5625 0.63125 0.08359375 0.06015625
0 0.584375 0.6625 0.08359375 0.065625
0 0.59453125 0.69375 0.08125 0.06015625
0 0.6125 0.71953125 0.0859375 0.0609375
0 0.63125 0.746875 0.078125 0.065625
0 0.653125 0.7828125 0.08515625 0.0890625
0 0.678125 0.60234375 0.09375 0.0625
0 0.69375 0.6375 0.08671875 0.0578125
0 0.7109375 0.66796875 0.08828125 0.06796875
0 0.7421875 0.690625 0.096875 0.065625
0 0.75859375 0.7234375 0.0890625 0.0671875
0 0.7828125 0.7515625 0.084375 0.071875