0 0.3192785303977771 0.8322304873368438 0.10483427678548622 0.07884205223856355
0 0.3107218011993396 0.7975655602676224 0.09985583605604172 0.06609639077317446
0 0.29518837338767295 0.7609253753964847 0.11242857123840286 0.06987648801421234
0 0.2865043576201035 0.7317291983272632 0.11112064437666672 0.08073210085908258
0 0.27638512842166607 0.6971461584131715 0.10476154160312508 0.07571705223856355
0 0.27491420060999944 0.6597689891458661 0.10439786569131951 0.06009205223856355
0 0.39495459688652723 0.6316296217784402 0.09858427678548623 0.07851450361804453
0 0.4058368922893744 0.6669529681149671 0.09524107123840278 0.06897572930778502
0 0.4099061432393049 0.6932698066495778 0.09694904160312508 0.07530761646291495
0 0.43505096039364516 0.7192624185899369 0.10338087955902786 0.08344766508343397
0 0.44342585163617987 0.7617398456591583 0.09713087955902786 0.08312011646291477
0 0.4549802942654854 0.8017097484181204 0.08957295269729179 0.09364818068726599
0 0.5430654417762841 0.6043600356186787 0.08739220364722229 0.06700379353213641
0 0.5634136561570827 0.6352858090244269 0.0875376740119446 0.07325379353213642
0 0.5712800543334716 0.6660854296712133 0.08426720364722229 0.0668400192218769
0 0.5878493052834022 0.691747170964786 0.08899107123840296 0.06864818068726616
0 0.6051634386421523 0.7189304686807938 0.08128767401194459 0.0729262449116174
0 0.6246213002494091 0.7545846856641071 0.08964568787965277 0.09677318068726617
0 0.6600535732351731 0.5732594425615121 0.09683993882958344 0.07062011646291495
0 0.6740608686380203 0.6084190145877795 0.09048083605604162 0.06560506784239592
0 0.6889767006099994 0.638068893036482 0.09226154160312508 0.07506195499752569
0 0.7188817529467008 0.6606908435114518 0.10003767401194459 0.07390889077317446
0 0.7337430335319091 0.6926844719601541 0.09226154160312508 0.0750619549975255
0 0.7565077330950688 0.7203624146332079 0.08924564437666689 0.07958568068726617