0 0.38277229453585193 0.8744778850272414 0.10365384890464338 0.07660534946188094
0 0.37003060213684164 0.8387758254739474 0.10016513605166191 0.06395980024766885
0 0.35101617768452 0.8020014174922301 0.11119356426490726 0.06759422249741007
0 0.33923759171200035 0.7725857452424891 0.10994931301126601 0.0784589478903042
0 0.32571464931299 0.7368472983856422 0.10356292069139794 0.07348034946188076
0 0.31995874280735703 0.6999102245643246 0.10310827962517113 0.057855349461880756
0 0.4378903888881488 0.6773160947043697 0.09740384890464338 0.0763142510334573
0 0.4514133312871591 0.7130545415612166 0.09556856426490726 0.06686647642635143
0 0.4591947390464333 0.7391632772931931 0.09731292069139794 0.0731892510334573
0 0.48653012885901886 0.7669629456139926 0.10222774122451135 0.08122007485477489
0 0.49947640973783136 0.8096962551672865 0.09597774122451135 0.08092897642635144
0 0.5154794944567096 0.8502313639347922 0.08848348997087019 0.09150260339082195
0 0.5831885170222518 0.6567767704687675 0.08614810015828453 0.06486732878371626
0 0.6067313171013942 0.6883007522718023 0.08632995658477523 0.07111732878371627
0 0.6177968492338477 0.7200237872179904 0.08458560015828454 0.0647945541766104
0 0.6372742749398107 0.7458970825032607 0.08931856426490725 0.06657537799792798
0 0.6568198968057075 0.7741141277885311 0.0816424565847754 0.07089900496239884
0 0.6805218212580293 0.8111068595915659 0.08857441818411545 0.0946276033908223
0 0.6971229848897982 0.630875704091048 0.09717652837152997 0.0685017510334573
0 0.7145521772888085 0.6667960874656595 0.08922763605166181 0.06345037799792799
0 0.7333847453146395 0.6973204954473768 0.09106292069139794 0.07289815260503385
0 0.7652939748606683 0.721432237589494 0.10039245658477522 0.07177230024766904
0 0.7834134890464333 0.7542640082676584 0.09262542069139794 0.07297092721213971
0 0.8092318429656415 0.7835534019813521 0.08807431301126592 0.07744010339082212