0 0.85703125 0.64921875 0.06875 0.1015625
0 0.821875 0.66015625 0.0578125 0.096875
0 0.78515625 0.67734375 0.0609375 0.109375
0 0.75546875 0.6890625 0.071875 0.1078125
0 0.7203125 0.70078125 0.0671875 0.1015625
0 0.68203125 0.70390625 0.0515625 0.1015625
0 0.65703125 0.58515625 0.071875 0.0953125
0 0.6921875 0.571875 0.059375 0.09375
0 0.71875 0.56640625 0.0671875 0.09375
0 0.7453125 0.53984375 0.075 0.1
0 0.7875 0.528125 0.075 0.09375
0 0.82890625 0.51484375 0.0875 0.0859375
0 0.63125 0.43671875 0.059375 0.084375
0 0.6625 0.41484375 0.065625 0.084375
0 0.69453125 0.4046875 0.059375 0.08125
0 0.7203125 0.38671875 0.0609375 0.0875
0 0.74765625 0.36796875 0.065625 0.078125
0 0.78359375 0.34609375 0.090625 0.0859375
0 0.60234375 0.3203125 0.0625 0.09375
0 0.6375 0.30546875 0.0578125 0.0875
0 0.66875 0.2875 0.06875 0.0890625
0 0.69140625 0.25625 0.065625 0.096875
0 0.72421875 0.23984375 0.0671875 0.090625
0 0.75234375 0.215625 0.071875 0.084375