0 0.4642701583643742 0.8387336844305924 0.3705135296614458 0.3052703247427896
0 0.20814742339148878 0.8620995033196497 0.28909081283893306 0.27511012607064983
0 0.4412391201187213 0.2372848139190876 0.35177262002052545 0.3067237404338344
0 0.1842402072563471 0.3786284731672246 0.3655169574527388 0.25211805366555085
0 0.5937914274967054 0.14020177742195067 0.35945785499341093 0.28040355484390134
0 0.6699373336215844 0.46877466667300327 0.29867489109776424 0.3111021682251273
0 0.10230492690753021 0.5298915121984443 0.1997374213483853 0.2245919756031114
0 0.48840098731057646 0.4206103983262389 0.24391466822512733 0.2982840056573408
0 0.8726663821207739 0.7136821248131131 0.2546672357584523 0.35774990924813677
0 0.12982944232742832 0.2922233405554714 0.2577135478118185 0.25305331888905724
0 0.6220230501495095 0.6932797629840112 0.2690601139704013 0.32342945140261464
0 0.42182552390590916 0.12508129235086946 0.36240104781181837 0.2501625847017389
0 0.38240603824565284 0.5993580879231927 0.4191055657657993 0.332114625874258
0 0.3760292940993853 0.711898994539051 0.39240671037960506 0.3085225897699043
0 0.17387592075921016 0.6115091508603216 0.34262487899751587 0.3457316982793568
0 0.9088624364736958 0.4759685013747421 0.18227512705260834 0.2416976623713948
0 0.8459407765381879 0.37165370609700643 0.3060237827847039 0.23146012002052546
0 0.785993083916172 0.2735616397420319 0.38132376463433104 0.2834589572563472
0 0.7689414184215191 0.1627195885123679 0.35782263212077386 0.27238510187015286
0 0.7706110619551703 0.8525769740509872 0.3436237767345798 0.2488657886384363
0 0.5240633148820366 0.910263250785567 0.49788402985783764 0.1763282341873186