0 0.350813676588458 0.7908896621750031 0.37774412613590125 0.295868053665551
0 0.1376907843225063 0.7092028040583344 0.22298385152879535 0.29340560811666877
0 0.5713271521907491 0.24310264373004292 0.35913967535011293 0.29888396935659545
0 0.2685660252262784 0.24915161406859712 0.3939470148871962 0.24128963797450637
0 0.7636023893704674 0.19579689343545534 0.3672090405277594 0.33798283079291397
0 0.6880802743977089 0.5530730622497579 0.3047432737785364 0.3048158067888089
0 0.13178096277750034 0.3475476865718917 0.2288656703877142 0.21846015027114643
0 0.5408520558292402 0.42725038475305255 0.24798385152879537 0.2935510538619427
0 0.8154434108726922 0.8533305748409857 0.34976467535011296 0.2933388503180286
0 0.22731597890755081 0.1348800358097659 0.3440925641014079 0.2441237464839586
0 0.5542618542148825 0.7319333395735127 0.274148245242489 0.3186964996072167
0 0.6058947431755743 0.1300531978865732 0.3680394863511488 0.25519760187015283
0 0.37116460214796787 0.5402947645361353 0.42741879445670083 0.3227123547970191
0 0.32102551509208394 0.6376328519683486 0.39820217535011293 0.2991112283335859
0 0.18129727336425158 0.4548380118056608 0.3359590405277594 0.33780102361132164
0 0.9046233995024074 0.6746991191367627 0.19075320099518506 0.23871810811666877
0 0.8662201211735023 0.5440440167756305 0.26755975765299517 0.22354762607064965
0 0.8395805384608448 0.4306264113894363 0.3208389230783105 0.27225783684303817
0 0.8590539764263514 0.3237224264165509 0.2818920471472971 0.2641908067888089
0 0.6243496840320562 0.9097936773985096 0.34757712903138527 0.18041264520298092
0 0.3621942863894209 0.8994278282588312 0.5062629243166556 0.20114434348233773