0 0.603125 0.84140625 0.3390625 0.24375
0 0.871875 0.81328125 0.246875 0.2609375
0 0.46953125 0.225 0.315625 0.25
0 0.77890625 0.3 0.375 0.178125
0 0.28046875 0.13984375 0.3140625 0.2796875
0 0.29765625 0.51953125 0.253125 0.271875
0 0.903125 0.43203125 0.19375 0.19375
0 0.46953125 0.4234375 0.19375 0.271875
0 0.128125 0.8328125 0.25625 0.3109375
0 0.84140625 0.190625 0.315625 0.19375
0 0.4046875 0.73515625 0.215625 0.29375
0 0.45703125 0.1 0.3375 0.2
0 0.62421875 0.578125 0.3875 0.2609375
0 0.659375 0.68984375 0.3625 0.240625
0 0.8453125 0.53515625 0.309375 0.29375
0 0.0640625 0.59453125 0.128125 0.215625
0 0.11796875 0.465625 0.2359375 0.178125
0 0.153125 0.35234375 0.30625 0.2140625
0 0.1421875 0.23359375 0.284375 0.209375
0 0.2953125 0.92109375 0.325 0.1578125
0 0.56875 0.94921875 0.5046875 0.1