1 0.72890625 0.4640625 0.0421875 0.025
1 0.67109375 0.45390625 0.0453125 0.025
1 0.6109375 0.4421875 0.0484375 0.025
1 0.54921875 0.43125 0.046875 0.025
1 0.48984375 0.4203125 0.046875 0.025
1 0.42734375 0.409375 0.0484375 0.0265625
1 0.36484375 0.39765625 0.0484375 0.025
1 0.7125 0.5046875 0.046875 0.025
1 0.6546875 0.49609375 0.04375 0.025
1 0.5953125 0.48359375 0.04375 0.025
1 0.53359375 0.47265625 0.046875 0.028125
1 0.47109375 0.46171875 0.046875 0.028125
1 0.4078125 0.4515625 0.05 0.028125
1 0.34453125 0.43984375 0.053125 0.028125
1 0.6953125 0.54609375 0.046875 0.025
1 0.6359375 0.5359375 0.0484375 0.0265625
1 0.57421875 0.52578125 0.046875 0.028125
1 0.51328125 0.515625 0.05 0.028125
1 0.453125 0.50546875 0.046875 0.0265625
1 0.38984375 0.49375 0.05 0.028125
1 0.3265625 0.4828125 0.0515625 0.028125
1 0.678125 0.5875 0.0484375 0.028125
1 0.61796875 0.57734375 0.0453125 0.0265625
1 0.5578125 0.56640625 0.04375 0.025
1 0.49765625 0.55703125 0.0453125 0.0265625
1 0.4359375 0.546875 0.05 0.028125
1 0.371875 0.5359375 0.05 0.028125
1 0.30703125 0.525 0.05 0.0265625