1 0.48673607505025823 0.24775447870828068 0.03283234736759475 0.04658583992388783
1 0.4668030317663474 0.3047366491645162 0.032941474772256465 0.04971083992388783
1 0.4444716747801058 0.3633768201150433 0.034613102176918174 0.052899506920082294
1 0.4236482540915333 0.42351582406937605 0.03455853847458741 0.05133700692008216
1 0.40209814710529157 0.4821241615218058 0.03299603847458741 0.05127333992388792
1 0.38046619456555364 0.5430762489742358 0.034613102176918174 0.05289950692008212
1 0.35805299202581564 0.604060169924763 0.03305060217691826 0.05283583992388792
1 0.5242534332176263 0.2680696373015181 0.03299603847458741 0.05127333992388783
1 0.5058828899337154 0.32498814076155924 0.032886911069925695 0.048148339923887826
1 0.4827975647986392 0.3828788952101835 0.032886911069925695 0.048148339923887916
1 0.4611656122589013 0.4438309826626134 0.036175602176918176 0.052963173916276675
1 0.43953365971916336 0.5047830701150433 0.03773810217691818 0.05302684091247105
1 0.4186556753282599 0.566484574069376 0.03623016587924912 0.054525673916276676
1 0.3962151909373565 0.6282497450199032 0.0379563569862416 0.059276840912470874
1 0.5617162276826634 0.28994729589475554 0.03455853847458741 0.05133700692008229
1 0.5417559025475871 0.34771071635099104 0.034613102176918174 0.052899506920082204
1 0.5209052000078491 0.4086309703053237 0.036121038474587405 0.051400673916276673
1 0.5001090611704422 0.46798872425965643 0.036284729581580064 0.05608817391627667
1 0.4801214541842004 0.5265333947158919 0.034613102176918174 0.05289950692008212
1 0.4568724379421317 0.5891116491645162 0.036230165879248946 0.054525673916276676
1 0.4352132035512282 0.6508449866169461 0.037847229581580065 0.05615184091247105
1 0.5999875539988659 0.31101187098989574 0.036175602176918176 0.052963173916276585
1 0.5792186970126243 0.36958837494422847 0.03450397477225646 0.0497745069200823
1 0.5576413081752172 0.42897796239665825 0.03294147477225664 0.04971083992388792
1 0.5384349511889756 0.4874907993547966 0.03450397477225646 0.04977450692008212
1 0.5175842486492377 0.5484110533091293 0.03623016587924912 0.054525673916276676
1 0.4958977324071688 0.6109256407615592 0.03779266587924894 0.05458934091247105
1 0.4734026843139345 0.6742533117120864 0.03472222958158007 0.0560245069200823