1 0.4640625 0.27109375 0.025 0.0421875
1 0.45390625 0.32890625 0.025 0.0453125
1 0.4421875 0.3890625 0.02578125 0.0484375
1 0.43125 0.45078125 0.02578125 0.046875
1 0.4203125 0.51015625 0.02578125 0.04609375
1 0.409375 0.57265625 0.0265625 0.0484375
1 0.39765625 0.63515625 0.025 0.0484375
1 0.5046875 0.2875 0.02578125 0.04609375
1 0.49609375 0.3453125 0.025 0.04375
1 0.48359375 0.4046875 0.025 0.04453125
1 0.47265625 0.46640625 0.02734375 0.04765625
1 0.46171875 0.52890625 0.02890625 0.04765625
1 0.4515625 0.5921875 0.028125 0.04921875
1 0.43984375 0.65546875 0.028125 0.05390625
1 0.54609375 0.3046875 0.02578125 0.046875
1 0.5359375 0.3640625 0.0265625 0.0484375
1 0.52578125 0.42578125 0.028125 0.046875
1 0.515625 0.48671875 0.02734375 0.05078125
1 0.50546875 0.546875 0.0265625 0.04765625
1 0.49375 0.61015625 0.02734375 0.05
1 0.4828125 0.6734375 0.02890625 0.0515625
1 0.5875 0.321875 0.02734375 0.0484375
1 0.57734375 0.38203125 0.0265625 0.0453125
1 0.56640625 0.4421875 0.02578125 0.04453125
1 0.55703125 0.50234375 0.0265625 0.0453125
1 0.546875 0.5640625 0.028125 0.04921875
1 0.5359375 0.628125 0.02890625 0.05
1 0.525 0.69296875 0.0265625 0.05078125