1 0.76875 0.67578125 0.10234375 0.1
1 0.70703125 0.7859375 0.10234375 0.0921875
1 0.63828125 0.740625 0.1203125 0.10390625
1 0.684375 0.696875 0.1078125 0.115625
1 0.65234375 0.628125 0.10234375 0.09375
1 0.57421875 0.68828125 0.12578125 0.09765625
1 0.484375 0.6796875 0.10234375 0.09765625
1 0.40703125 0.6390625 0.128125 0.10234375
1 0.465625 0.61328125 0.09609375 0.1
1 0.55703125 0.61328125 0.11171875 0.07578125
1 0.62265625 0.58984375 0.08984375 0.071875
1 0.5328125 0.57578125 0.10234375 0.08203125
1 0.51328125 0.5296875 0.1203125 0.11015625
1 0.45234375 0.54609375 0.115625 0.078125
1 0.37578125 0.5828125 0.14609375 0.0921875
1 0.36328125 0.51015625 0.10625 0.09765625
1 0.41484375 0.47421875 0.10234375 0.078125
1 0.26875 0.4390625 0.08828125 0.084375
1 0.321875 0.4703125 0.078125 0.03203125
1 0.30234375 0.48671875 0.09375 0.06015625
1 0.26484375 0.52734375 0.11015625 0.0921875
1 0.19921875 0.51328125 0.08203125 0.078125