1 0.33984375 0.8 0.10625 0.109375
1 0.221875 0.73359375 0.0984375 0.109375
1 0.2703125 0.66015625 0.1109375 0.128125
1 0.3171875 0.709375 0.125 0.115625
1 0.39140625 0.675 0.1 0.109375
1 0.3265625 0.5921875 0.1046875 0.134375
1 0.33515625 0.49609375 0.1046875 0.109375
1 0.37890625 0.41328125 0.109375 0.1375
1 0.40703125 0.4765625 0.10625 0.103125
1 0.40703125 0.5734375 0.08125 0.11875
1 0.43125 0.64453125 0.0765625 0.096875
1 0.446875 0.5484375 0.0875 0.109375
1 0.49609375 0.5265625 0.1171875 0.128125
1 0.47890625 0.46171875 0.084375 0.125
1 0.4390625 0.38046875 0.0984375 0.15625
1 0.5171875 0.36640625 0.1046875 0.1125
1 0.55546875 0.421875 0.084375 0.109375
1 0.59296875 0.26640625 0.090625 0.09375
1 0.56015625 0.32265625 0.034375 0.084375
1 0.54140625 0.3015625 0.0640625 0.1
1 0.49921875 0.26171875 0.0984375 0.1171875
1 0.5140625 0.19140625 0.084375 0.0875