1 0.7995538230281214 0.6633257906672041 0.11390985253201383 0.10845239546082901
1 0.7377734308218071 0.7719493117185963 0.1118923262236546 0.10058533175849824
1 0.6693272677099797 0.7258034872164922 0.1313703683170294 0.11374009618646852
1 0.7145718782756758 0.6827330442954012 0.1211609104104042 0.12585815027015243
1 0.6823516415004425 0.6134026909373566 0.11354583148532633 0.10220239546082902
1 0.6043778309206291 0.672490003458561 0.13734735253201383 0.10927085099579195
1 0.5145417861964183 0.6623188844914198 0.1138188472703419 0.10688989546082901
1 0.43694813623877077 0.6204066922033009 0.13918286831702953 0.11401291469812272
1 0.4949580573136929 0.5948957715147284 0.107659852532014 0.10823414065150558
1 0.5866828257295444 0.5971725449283734 0.12035727360693613 0.08528771397248339
1 0.6526872573278104 0.5745138057281466 0.09820925782192055 0.0798363221398514
1 0.5625326941877482 0.5588739367610053 0.11134629465362345 0.09121033175849824
1 0.5426150363375928 0.5125991374866448 0.1332968893637169 0.12004465988879928
1 0.4816698310618035 0.5280356537287135 0.12522678413027996 0.08857640507947587
1 0.40545594155691234 0.5635763388452564 0.1558243367469984 0.10523811542376223
1 0.3925849442583354 0.490438939208076 0.11694384727034199 0.10699902286549072
1 0.4437533311323906 0.454990023328827 0.11107327886860804 0.08652283175849824
1 0.29676493906725077 0.41784966579443117 0.09737479991529537 0.09228175843752058
1 0.35028405219319547 0.4496428136175128 0.08178062101845249 0.03872024881887377
1 0.33088160480991397 0.465977141747814 0.10069722099021768 0.06900794954451292
1 0.29404873372087426 0.5056224843060854 0.1197958314853265 0.10242065027015243
1 0.2282039258424839 0.49069937795281593 0.09076077886860803 0.0858135036281972