1 0.203125 0.721875 0.1109375 0.109375
1 0.2703125 0.84140625 0.1109375 0.1
1 0.3453125 0.7921875 0.13125 0.1125
1 0.2953125 0.74453125 0.1171875 0.125
1 0.33046875 0.66953125 0.1109375 0.103125
1 0.41484375 0.73515625 0.1375 0.10625
1 0.51328125 0.72578125 0.1109375 0.10625
1 0.596875 0.68125 0.1390625 0.1109375
1 0.5328125 0.653125 0.1046875 0.109375
1 0.43359375 0.653125 0.121875 0.0828125
1 0.36171875 0.628125 0.096875 0.078125
1 0.46015625 0.61328125 0.1109375 0.0890625
1 0.48125 0.56328125 0.13125 0.11875
1 0.54765625 0.58046875 0.125 0.084375
1 0.63046875 0.6203125 0.159375 0.1
1 0.64453125 0.54140625 0.115625 0.10625
1 0.58828125 0.50234375 0.1109375 0.084375
1 0.746875 0.4640625 0.0953125 0.090625
1 0.6890625 0.49765625 0.084375 0.034375
1 0.7109375 0.51640625 0.103125 0.065625
1 0.75078125 0.56015625 0.11875 0.1
1 0.82265625 0.54453125 0.0890625 0.084375