0 0.5985504193984517 0.44515100319553325 0.15285337468172672 0.11976501038216938
0 0.5853451787873581 0.8555725637047595 0.19994655068427178 0.14124516823232475
0 0.39052248010817686 0.7746697161520688 0.16097495735199913 0.1467825366905286
0 0.30078727076699535 0.7220445160673642 0.15307155068427197 0.13851501038216937
0 0.3715350280871778 0.6209832740304592 0.14031701201463562 0.11591196828879458
0 0.5244162221116767 0.7926700162791258 0.18424882535009016 0.1340851156156063
0 0.4930656774347226 0.7186633688817268 0.15612382535009015 0.13244702090551302
0 0.5897866834420404 0.766972795288908 0.17647268801718105 0.13675508930724706
0 0.6748883894414041 0.7573255085277923 0.15621473201781733 0.14025952090551322
0 0.6795844327657228 0.6906007401119408 0.15775905068427196 0.13878802616718494
0 0.5932378527609503 0.6604497795038926 0.1389908693507266 0.13613346302712265
0 0.4821361734165871 0.5856156504517578 0.12623633068109025 0.11353042093374803
0 0.566611170751087 0.589295116321478 0.12936133068109026 0.11371243145709169
0 0.6400395800843143 0.5842366190229011 0.14820223734881743 0.1226169945971538
0 0.5869867580760421 0.5263477952889081 0.1605567866804538 0.11084503669052861
0 0.3682822114099055 0.5429947819229669 0.11366360534690845 0.10655237884037305
0 0.3071987133990879 0.46681098449733316 0.14640338001272674 0.10221348933548206
0 0.26691006806967865 0.4980833713008012 0.13855451734563573 0.09863346302712266
0 0.2100151780712695 0.5131238133518237 0.15110906134627217 0.10404900512049746
0 0.20043164007795097 0.5629340975526907 0.16838746801399934 0.11286256299888783