0 0.6038106798849567 0.44078619206980585 0.1460075197716634 0.09788723370266399
0 0.7014230979069154 0.8399845585254265 0.1918293557412186 0.11170569279472176
0 0.4895160055115696 0.803130730866177 0.15021485870696819 0.1245406619159092
0 0.38811533159529293 0.7716654336900287 0.1436465237259962 0.1165463054894186
0 0.42968872486549115 0.6593867425446597 0.13344385277546902 0.09596102084968265
0 0.6251670040286947 0.7921441035900039 0.17757585475263546 0.10660901583511766
0 0.5748049066904332 0.7271245088419956 0.1480793557412186 0.11043269780928675
0 0.6822327461200294 0.7529391995916533 0.1683918557412188 0.11102373119538136
0 0.7624959076790164 0.7263563160472739 0.14527269072219048 0.11815426959604132
0 0.7496338103407547 0.6602455827403213 0.1483340237259963 0.11668269780928675
0 0.6577182243711995 0.6504052329777481 0.12964769072219048 0.1176996285298145
0 0.5282097965005903 0.6009855576674967 0.11788251977166339 0.09706887978345584
0 0.6113260440291324 0.5868344779631832 0.1225063527754692 0.09564277210332381
0 0.6824688735728968 0.56677437905854 0.13988485376405216 0.10083037727617317
0 0.614933863687065 0.5218088715366924 0.15493685079830274 0.08722251834239998
0 0.4055071255500632 0.5842192579840658 0.10669035178688593 0.090500631037097
0 0.32561669570228746 0.5239697312618885 0.14061968281352524 0.08056334138279589
0 0.2943322036109529 0.5624244775009648 0.13274351581733076 0.07877352084968266
0 0.24303895904816036 0.5897287750728246 0.14530718281352514 0.08069973370266403
0 0.2466388029263809 0.6396833109662019 0.16274935079830274 0.08744983887551357