0 0.4109375 0.46640625 0.1390625 0.0875
0 0.34921875 0.87578125 0.184375 0.096875
0 0.559375 0.82109375 0.140625 0.115625
0 0.65859375 0.78125 0.134375 0.10625
0 0.60625 0.67109375 0.1265625 0.0859375
0 0.421875 0.821875 0.171875 0.09375
0 0.465625 0.7515625 0.1390625 0.1
0 0.3609375 0.78671875 0.1609375 0.1
0 0.278125 0.76640625 0.1375 0.109375
0 0.284375 0.69921875 0.1390625 0.10625
0 0.3765625 0.68125 0.1203125 0.109375
0 0.50234375 0.62109375 0.1109375 0.0875
0 0.41640625 0.6140625 0.115625 0.0875
0 0.34375 0.59921875 0.134375 0.090625
0 0.40703125 0.54765625 0.15 0.075
0 0.6234375 0.59375 0.1 0.0828125
0 0.6984375 0.52734375 0.134375 0.071875
0 0.7328125 0.56328125 0.128125 0.06875
0 0.7875 0.5859375 0.140625 0.0703125
0 0.78828125 0.63671875 0.15625 0.075