0 0.5640625 0.5661153831652145 0.2 0.32494014970954976
0 0.4015625 0.44526557402620537 0.184375 0.3117124036384912
0 0.2625 0.30206988399378404 0.190625 0.3182535020669146
0 0.13125 0.15142556699689202 0.1625 0.27163105913900915
0 0.46328125 0.10829642100688672 0.15625 0.17915246071058574
0 0.59609375 0.2027635126108846 0.18125 0.24906685442427942
0 0.746875 0.3347862621965999 0.1875 0.2806079528527029
0 0.8875 0.604617226836127 0.115625 0.17726032092583352
0 0.9515625 0.3388509857274672 0.096875 0.19669952564056317
0 0.97265625 0.7117084429233962 0.0546875 0.17754711124870504
0 0.78046875 0.7582259162493757 0.1125 0.1802397717116218
0 0.9 0.8872306736929738 0.109375 0.17071922249741006
0 0.67421875 0.9123652789480776 0.11875 0.17526944210384485
0 0.79453125 0.9688100818840881 0.1078125 0.06237983623182366
0 0.3734375 0.8642681310982999 0.16875 0.26723465756743253
0 0.2796875 0.7684954046719484 0.153125 0.2883819114963739
0 0.19296875 0.6613314139775734 0.1546875 0.25876718610347993
0 0.1125 0.5700835217116218 0.1625 0.2513185591390091
0 0.06484375 0.47880139619489304 0.1296875 0.2654152923897862
0 0.1140625 0.9300246210710587 0.165625 0.13995075785788275
0 0.04765625 0.88203125 0.0953125 0.2359375
1 0.8984375 0.14731414908586798 0.128125 0.16846751778268035
1 0.79375 0.09556325040977556 0.1390625 0.1236644400324213
1 0.9484375 0.08245543651325545 0.103125 0.08136562406898658