1 0.5232028838757694 0.15072944224224638 0.09381195499752568 0.0942540187830803
1 0.7500420228399214 0.20986565619614156 0.0840275192218769 0.08605951680591399
1 0.6222478934867078 0.19608304600629867 0.08148237336031983 0.06724584980971957
1 0.6108091044771273 0.23069812653864635 0.0934025192218769 0.08644151878308029
1 0.6774610159425165 0.238091473876908 0.07588747060135788 0.07949118182494201
1 0.713521346675211 0.241899564789379 0.07843926051544958 0.06868101581733085
1 0.7756871540021575 0.2678200776409603 0.08008364767057934 0.07030718281352524
1 0.8479715897778061 0.27856125946590227 0.09282930913596843 0.07550401878308026
1 0.9168377764579662 0.31333019030226106 0.09759869629109837 0.07725751977166348
1 0.8657599553362099 0.3502280124316518 0.0934025192218769 0.08644151878308026
1 0.81876876865605 0.3163504195420145 0.09249511646291494 0.09887785178688588
1 0.9445334085247132 0.39553519524517694 0.10285940637700648 0.08838602076024671
1 0.8764318617132165 0.43485768041642936 0.11083568068726635 0.0918293557412186
1 0.7917636126177277 0.45557474562573785 0.09529256784239593 0.09275518577927463
1 0.8164493521022781 0.39109575155723686 0.09200379353213642 0.08950285178688588
1 0.7504658259829963 0.336954738211364 0.09512879353213641 0.08963018577927465
1 0.7309888076656306 0.27769248475132285 0.08633364767057934 0.07056185079830275
1 0.7064734865438743 0.3156726458160183 0.07103619629109836 0.0761751808363588
1 0.7124202713695834 0.38451814631030984 0.10129690637700665 0.08832235376405233
1 0.712533136023476 0.43129764581601826 0.09332063206674697 0.08487901878308027
1 0.6564601984388049 0.372882967945409 0.09019563206674715 0.0847516847906915
1 0.6503905828804012 0.3016937174511173 0.09364818068726599 0.09112901878308026
1 0.6546343475797223 0.26366713543589493 0.1059910504295413 0.058889521748829846
1 0.5680893379687839 0.21882286764139777 0.07482293758467104 0.059178681824942014
1 0.5348164925367682 0.25332786022702397 0.08419129353213642 0.089184516805914
1 0.5747797512431954 0.2721070351318837 0.07728619629109837 0.07642984882113649
1 0.59455001865605 0.30721420558811924 0.09323874491161739 0.08331651878308026
1 0.5602436177061103 0.36662369767945385 0.0963637449116174 0.0834438527754691
1 0.5995860786965297 0.40330795558811927 0.08468926051544959 0.06893568380210838
1 0.5341790846894235 0.3452925257403436 0.08550813206674715 0.08456068380210838
1 0.5358743815009201 0.30326419323082954 0.0774566146538925 0.04993101581733086
1 0.4919263076656305 0.267951434333581 0.0787668091359686 0.07493101581733086
1 0.5131152329258297 0.21112577277459404 0.08460737336031983 0.06737318380210837
1 0.45744176503800543 0.20495934440969316 0.08271068068726599 0.0906833498097196
1 0.4469347122336148 0.30197892444774926 0.09480124491161739 0.08338018577927464
1 0.43993443973237767 0.34690942247058293 0.09463747060135788 0.08025518577927464
1 0.3773514733148913 0.16427599459997358 0.09718926051544959 0.06944501977166348
1 0.3893878058566082 0.21543924657713992 0.09504690637700657 0.08806768577927473
1 0.4077969691310198 0.26920091653908385 0.09455558344622812 0.07869268577927473
1 0.3781404466297826 0.31320824311709883 0.08394563206674706 0.084497016805914
1 0.33087926503800535 0.19980231771794746 0.08896068068726617 0.09093801779449713
1 0.28429419210722684 0.1885491413302129 0.0871525192218768 0.08618685079830275
1 0.2377434187014785 0.20770104794628397 0.07777751922187688 0.0858048488211364
1 0.18296738749381403 0.23353403608328588 0.09143058344622812 0.07856535178688588
1 0.248793783355371 0.2549262164253531 0.09028416327441154 0.05669035178688588
1 0.1993603493887446 0.2934502055509382 0.09817190637700661 0.08819501977166348
1 0.2733743815009202 0.2925681378701718 0.09981629353213642 0.08982118676785786
1 0.3327560255534549 0.26536365072175305 0.08591756784239583 0.09237318380210838
1 0.23663902136958342 0.3651315459691176 0.13024077792830413 0.10509335969555131
1 0.33576924016191895 0.3972357332312671 0.12250352103089916 0.13596135771838497
1 0.2429609424459111 0.41138446345960367 0.13977290818602892 0.13822419467652333
1 0.18777547546259787 0.4294049515966055 0.09306168249628839 0.1394391847906915
1 0.1327670708946136 0.3913027737259962 0.10277087516934214 0.11644735376405232
1 0.11198758141006318 0.45594093528498314 0.15622342378986112 0.12486203163466154
1 0.10403564054603176 0.5273384328135252 0.15795634215265536 0.09842686562705047
1 0.1017981111473896 0.6036462648287475 0.14166960085908262 0.11491402866891214
1 0.17425404454818919 0.7664128616727176 0.16748182835784542 0.161181533611828
1 0.18172462856024413 0.6412046146384671 0.11699050542706693 0.14976918973360753
1 0.22973168136463462 0.5457130425090765 0.1320422953411587 0.13946835969555132
1 0.18566077679665033 0.508056533611828 0.12448210085908262 0.11421369171077381
1 0.24043456524040402 0.6755597099995624 0.11830734396167768 0.14514535672980172
1 0.28852790648854826 0.7453429693911027 0.11238489258219672 0.15114068874502423
1 0.3325235679539375 0.7518131452845456 0.11468437697836445 0.16526685574121877
1 0.5672404839418825 0.8868897767289268 0.16493668249628843 0.14236786661563344
1 0.4252400124360135 0.7805376645619175 0.14001856965141818 0.14291169467652337
1 0.40652098993477637 0.8249906601132931 0.14750352103089917 0.13698002965749517
1 0.4897628578680292 0.7473060119001792 0.13154432835784532 0.15971719269935675
1 0.40852946799936607 0.6699357455885567 0.1350920522385636 0.10840936068413445
1 0.3230113698538169 0.6298108112921568 0.13656602103089915 0.13653436068413444
1 0.29736291666531356 0.5866683063492409 0.1455382293077851 0.09948002965749528
1 0.3091015988229177 0.498274309809282 0.12209408525525038 0.12814885771838505
1 0.3808028584338562 0.5425137411399324 0.10358974672063966 0.13207235376405232
1 0.41865806252687054 0.6103206650562092 0.15318695499752555 0.09667336463846717
1 0.38213298507353627 0.4786422421285156 0.1167448439616777 0.14508168973360752
1 0.4293454997728574 0.44236650250863896 0.11041295680654795 0.14326452174882984
1 0.48312559701389546 0.45703118037924834 0.09791960085908258 0.1131313527754692
1 0.5287313461093842 0.43472244026508006 0.11954893939369331 0.10933519072219049
1 0.5314203341235967 0.5455326062726913 0.11912621551297527 0.16077035672980172
1 0.46583959972742883 0.528827925930624 0.12300148801421233 0.11571252471457924
1 0.4943640694242756 0.5822221813678314 0.0793400192218769 0.08586851581733086
1 0.5272761459730987 0.6895863538012332 0.11024918249628843 0.14013952174882985
1 0.5390081840781681 0.6308161902650801 0.14430327792830405 0.10566636266130089
1 0.6200025565339768 0.6738751235728968 0.13178998982323478 0.16440469269935692
1 0.5993326096770516 0.8001047011394948 0.1290810696514182 0.14246602570316255
1 0.7153537573476308 0.8718762248654912 0.17629026232447204 0.12100220258518846
1 0.7034059560135784 0.7926516398845191 0.16692190637700666 0.09099636760421674
1 0.7246015253263123 0.7062021453217266 0.11213923111680746 0.14645318874502422
1 0.799683412481442 0.7108206611390575 0.10366498982323477 0.16325868676785796
1 0.866417211101961 0.7197765084773191 0.1026756999091429 0.17413251977166339
1 0.9425702753263124 0.7150836912908443 0.10744508706427283 0.1758860207602467
1 0.9017737777011614 0.561402934370762 0.16189356965141818 0.14380303262324468
1 0.7958922698992454 0.5641048286295434 0.14775582654882308 0.11204369665368966
1 0.7896732473980081 0.6090671601504742 0.14751016508343398 0.10735619665368965
1 0.6944293464480685 0.6659936393902276 0.1401823439616777 0.1460366946765234
1 0.6619543611473896 0.626470882964437 0.1036030348257091 0.07282468775644109
1 0.643872746493497 0.578959213002493 0.15047139077317445 0.1043585306460784
1 0.7029235198992454 0.5603166423559772 0.1413354081860289 0.1382878616727176
1 0.7263333644267499 0.5012427312912818 0.15096935775648782 0.08410969764227279
1 0.5799120658062309 0.4890398671471061 0.08722111827193721 0.14699701680591382
1 0.6736687098587657 0.4632360539149641 0.10071705223856356 0.10700868676785795
1 0.6279025084792846 0.4676078775272295 0.09519739258219673 0.15044035178688592