1 0.8703125 0.5515625 0.090625 0.090625
1 0.80625 0.784375 0.084375 0.078125
1 0.821875 0.6515625 0.0625 0.078125
1 0.7859375 0.63515625 0.0828125 0.0875
1 0.7765625 0.7046875 0.078125 0.071875
1 0.7734375 0.7421875 0.065625 0.075
1 0.7453125 0.8046875 0.0671875 0.078125
1 0.7328125 0.88046875 0.071875 0.0890625
1 0.6953125 0.9484375 0.071875 0.0953125
1 0.6578125 0.890625 0.0828125 0.090625
1 0.69296875 0.84453125 0.0953125 0.0875
1 0.609375 0.959375 0.084375 0.08125
1 0.56875 0.8921875 0.0875 0.10625
1 0.5484375 0.80078125 0.0875 0.090625
1 0.615625 0.834375 0.084375 0.0875
1 0.67265625 0.77109375 0.084375 0.0921875
1 0.73515625 0.75625 0.065625 0.0828125
1 0.69609375 0.7265625 0.075 0.0671875
1 0.6234375 0.725 0.084375 0.096875
1 0.57421875 0.71953125 0.08125 0.0875
1 0.6359375 0.6671875 0.08125 0.084375
1 0.7109375 0.66875 0.0875 0.0875
1 0.75078125 0.67734375 0.0515625 0.1046875
1 0.79921875 0.59140625 0.05625 0.071875
1 0.76328125 0.55234375 0.0875 0.078125
1 0.7421875 0.59296875 0.075 0.075
1 0.70625 0.609375 0.0796875 0.090625
1 0.64453125 0.56640625 0.078125 0.09375
1 0.6046875 0.6046875 0.0640625 0.0828125
1 0.6671875 0.5421875 0.08125 0.08125
1 0.7109375 0.5484375 0.046875 0.078125
1 0.7484375 0.50546875 0.071875 0.075
1 0.8078125 0.534375 0.0625 0.0828125
1 0.8140625 0.4765625 0.0875 0.078125
1 0.7125 0.45546875 0.078125 0.090625
1 0.665625 0.4421875 0.075 0.090625
1 0.8578125 0.39609375 0.0640625 0.0953125
1 0.8046875 0.403125 0.084375 0.090625
1 0.74765625 0.4171875 0.075 0.090625
1 0.70234375 0.38125 0.08125 0.0796875
1 0.82109375 0.34296875 0.0875 0.084375
1 0.834375 0.2953125 0.0828125 0.0828125
1 0.8140625 0.2453125 0.0828125 0.071875
1 0.78828125 0.184375 0.075 0.0875
1 0.76484375 0.2515625 0.0515625 0.0875
1 0.72578125 0.19453125 0.084375 0.09375
1 0.72578125 0.2734375 0.084375 0.0953125
1 0.753125 0.33828125 0.090625 0.08125
1 0.65 0.2265625 0.1 0.125
1 0.61484375 0.32734375 0.13125 0.115625
1 0.60078125 0.22734375 0.1328125 0.1328125
1 0.5828125 0.1671875 0.1375 0.084375
1 0.6234375 0.11328125 0.1125 0.0953125
1 0.55546875 0.084375 0.11875 0.1515625
1 0.4796875 0.0734375 0.0875 0.146875
1 0.4015625 0.0640625 0.1078125 0.128125
1 0.2296875 0.11640625 0.15625 0.159375
1 0.3609375 0.13828125 0.146875 0.10625
1 0.46015625 0.19921875 0.134375 0.125
1 0.50078125 0.15703125 0.109375 0.11875
1 0.32421875 0.1953125 0.14375 0.109375
1 0.25 0.2390625 0.1484375 0.103125
1 0.24296875 0.284375 0.1640625 0.103125
1 0.09765625 0.5171875 0.134375 0.159375
1 0.21171875 0.37890625 0.1375 0.1328125
1 0.165625 0.3546875 0.13125 0.140625
1 0.24609375 0.45078125 0.15625 0.121875
1 0.328125 0.37421875 0.1 0.13125
1 0.3703125 0.2875 0.13125 0.128125
1 0.41640625 0.265625 0.090625 0.14375
1 0.50859375 0.2875 0.1234375 0.115625
1 0.4625 0.3578125 0.13125 0.0953125
1 0.38984375 0.390625 0.0875 0.1515625
1 0.528125 0.3671875 0.14375 0.1078125
1 0.565625 0.4203125 0.140625 0.1
1 0.55078125 0.47578125 0.1109375 0.090625
1 0.57265625 0.5265625 0.103125 0.115625
1 0.45703125 0.51640625 0.159375 0.109375
1 0.475 0.44921875 0.1109375 0.11875
1 0.41796875 0.4734375 0.084375 0.075
1 0.30625 0.496875 0.1375 0.1
1 0.36796875 0.515625 0.096875 0.140625
1 0.32109375 0.59609375 0.1609375 0.1203125
1 0.1890625 0.56015625 0.1375 0.121875
1 0.11171875 0.675 0.1109375 0.1734375
1 0.19609375 0.67109375 0.0796875 0.165625
1 0.28671875 0.70234375 0.14375 0.103125
1 0.28046875 0.78125 0.1625 0.090625
1 0.26953125 0.85 0.1734375 0.090625
1 0.2734375 0.93046875 0.1765625 0.09375
1 0.4359375 0.90546875 0.1375 0.15625
1 0.434375 0.79375 0.103125 0.14375
1 0.3875 0.78125 0.1 0.14375
1 0.328125 0.675 0.140625 0.1328125
1 0.36953125 0.6453125 0.0671875 0.1
1 0.4203125 0.63125 0.0953125 0.1484375
1 0.4390625 0.6953125 0.1328125 0.134375
1 0.50078125 0.7265625 0.075 0.1515625
1 0.515625 0.57421875 0.146875 0.075
1 0.54140625 0.67578125 0.103125 0.0953125
1 0.5375 0.62734375 0.15 0.084375