1 0.57578125 0.1375 0.09375 0.09375
1 0.81796875 0.2046875 0.08125 0.0875
1 0.6796875 0.18828125 0.08125 0.065625
1 0.6625 0.22578125 0.0921875 0.0859375
1 0.734375 0.23515625 0.075 0.08125
1 0.77421875 0.2390625 0.078125 0.06875
1 0.8390625 0.26796875 0.08125 0.0703125
1 0.91796875 0.28125 0.09375 0.075
1 0.96953125 0.31953125 0.0609375 0.075
1 0.92890625 0.359375 0.09375 0.0859375
1 0.88046875 0.321875 0.090625 0.1
1 0.97890625 0.409375 0.0421875 0.0875
1 0.9296875 0.4515625 0.1109375 0.090625
1 0.83515625 0.47265625 0.09375 0.0921875
1 0.86953125 0.403125 0.090625 0.0890625
1 0.80390625 0.34296875 0.09375 0.0890625
1 0.78828125 0.278125 0.0859375 0.06875
1 0.75703125 0.31953125 0.0703125 0.078125
1 0.75546875 0.3953125 0.1 0.0875
1 0.75078125 0.44609375 0.0921875 0.084375
1 0.69609375 0.38203125 0.0890625 0.084375
1 0.69765625 0.30390625 0.0921875 0.090625
1 0.70625 0.2625 0.109375 0.053125
1 0.61640625 0.21171875 0.075 0.059375
1 0.5765625 0.24921875 0.08125 0.090625
1 0.61875 0.27109375 0.078125 0.078125
1 0.6359375 0.309375 0.09375 0.0828125
1 0.59140625 0.3734375 0.096875 0.08125
1 0.63046875 0.4140625 0.0859375 0.0671875
1 0.565625 0.34921875 0.084375 0.084375
1 0.571875 0.30390625 0.08125 0.0484375
1 0.52734375 0.26484375 0.078125 0.075
1 0.5578125 0.203125 0.0859375 0.065625
1 0.496875 0.19609375 0.08125 0.0921875
1 0.475 0.3015625 0.09375 0.08125
1 0.46171875 0.35078125 0.09375 0.078125
1 0.4140625 0.15078125 0.1 0.0671875
1 0.42109375 0.20625 0.09375 0.0875
1 0.4359375 0.265625 0.09375 0.078125
1 0.39765625 0.3125 0.0828125 0.084375
1 0.35859375 0.1890625 0.0875 0.090625
1 0.309375 0.17578125 0.0859375 0.0859375
1 0.25625 0.19609375 0.075 0.0859375
1 0.19296875 0.22265625 0.0921875 0.078125
1 0.26328125 0.24765625 0.0921875 0.053125
1 0.20390625 0.28828125 0.096875 0.0875
1 0.2859375 0.28828125 0.1 0.0890625
1 0.353125 0.26015625 0.084375 0.09375
1 0.23671875 0.3671875 0.13125 0.103125
1 0.3421875 0.40390625 0.11875 0.1375
1 0.23828125 0.41875 0.1375 0.1375
1 0.17578125 0.4375 0.0875 0.14375
1 0.11953125 0.3953125 0.1 0.11875
1 0.08984375 0.465625 0.1578125 0.121875
1 0.07734375 0.54453125 0.1546875 0.0921875
1 0.0671875 0.62578125 0.134375 0.1125
1 0.12265625 0.8046875 0.165625 0.1625
1 0.1453125 0.66875 0.1109375 0.153125
1 0.20859375 0.56484375 0.1296875 0.140625
1 0.16484375 0.52265625 0.125 0.1140625
1 0.2046875 0.70625 0.1140625 0.1484375
1 0.25 0.78359375 0.10625 0.1546875
1 0.29765625 0.790625 0.1078125 0.1703125
1 0.53828125 0.9359375 0.165625 0.128125
1 0.39609375 0.8234375 0.1375 0.14375
1 0.3703125 0.871875 0.146875 0.1375
1 0.47109375 0.78828125 0.1265625 0.1625
1 0.390625 0.7015625 0.1359375 0.1046875
1 0.30078125 0.6578125 0.134375 0.1375
1 0.27734375 0.61015625 0.1484375 0.09375
1 0.3 0.51484375 0.11875 0.128125
1 0.37421875 0.5625 0.1 0.1359375
1 0.4078125 0.6375 0.1578125 0.090625
1 0.38359375 0.49453125 0.1125 0.1484375
1 0.4390625 0.4546875 0.1046875 0.146875
1 0.49609375 0.47109375 0.09375 0.115625
1 0.54921875 0.44765625 0.11875 0.1078125
1 0.53828125 0.56796875 0.1140625 0.165625
1 0.46875 0.54921875 0.121875 0.115625
1 0.49453125 0.60859375 0.078125 0.0875
1 0.51796875 0.725 0.1046875 0.14375
1 0.53828125 0.6609375 0.146875 0.103125
1 0.621875 0.71015625 0.125 0.16875
1 0.584375 0.846875 0.1265625 0.14375
1 0.70390625 0.92734375 0.18125 0.115625
1 0.7 0.83984375 0.1734375 0.0828125
1 0.7328125 0.7453125 0.10625 0.15
1 0.81484375 0.75234375 0.09375 0.16875
1 0.8859375 0.76328125 0.09375 0.18125
1 0.96015625 0.75703125 0.0796875 0.1828125
1 0.93125 0.590625 0.1375 0.14375
1 0.82734375 0.5921875 0.15 0.1078125
1 0.81484375 0.640625 0.15 0.103125
1 0.70390625 0.7015625 0.1375 0.146875
1 0.6734375 0.65859375 0.1046875 0.0703125
1 0.6578125 0.60625 0.1546875 0.1
1 0.725 0.58671875 0.140625 0.1375
1 0.7578125 0.52265625 0.1578125 0.078125
1 0.59921875 0.50703125 0.078125 0.153125
1 0.7046875 0.48046875 0.1 0.1078125
1 0.6546875 0.484375 0.0875 0.15625