0 0.5640625 0.53984375 0.2 0.31640625
0 0.4015625 0.4265625 0.18359375 0.30234375
0 0.2625 0.28984375 0.19140625 0.309375
0 0.13125 0.1453125 0.16328125 0.2640625
0 0.46328125 0.08671875 0.15625 0.17265625
0 0.59609375 0.175 0.18203125 0.23984375
0 0.746875 0.3 0.18671875 0.27109375
0 0.8875 0.56328125 0.11484375 0.17265625
0 0.9515625 0.29453125 0.096875 0.1921875
0 0.97265625 0.66640625 0.0546875 0.175
0 0.78046875 0.721875 0.11171875 0.175
0 0.9 0.8453125 0.11015625 0.165625
0 0.67421875 0.88125 0.11953125 0.1703125
0 0.79453125 0.9515625 0.1078125 0.096875
0 0.3734375 0.846875 0.16796875 0.259375
0 0.2796875 0.75546875 0.153125 0.28046875
0 0.19296875 0.65234375 0.1546875 0.2515625
0 0.1125 0.56484375 0.16328125 0.24453125
0 0.06484375 0.47578125 0.1296875 0.259375
0 0.1140625 0.92890625 0.16484375 0.14140625
0 0.04765625 0.88203125 0.0953125 0.2359375
1 0.8984375 0.10546875 0.128125 0.16328125
1 0.79375 0.05859375 0.1390625 0.1171875
1 0.9484375 0.03828125 0.103125 0.0765625