0 0.45234375 0.52265625 0.2109375 0.334375
0 0.62421875 0.40390625 0.19375 0.31875
0 0.77109375 0.25859375 0.203125 0.328125
0 0.91015625 0.121875 0.171875 0.24375
0 0.559375 0.0671875 0.165625 0.134375
0 0.41875 0.13671875 0.1921875 0.253125
0 0.259375 0.26875 0.196875 0.2875
0 0.1109375 0.5484375 0.121875 0.1828125
0 0.046875 0.2640625 0.09375 0.203125
0 0.025 0.65546875 0.05 0.1859375
0 0.2234375 0.715625 0.11875 0.184375
0 0.096875 0.84609375 0.115625 0.175
0 0.3359375 0.884375 0.1265625 0.18125
0 0.209375 0.95390625 0.1125 0.0921875
0 0.65390625 0.84765625 0.178125 0.275
0 0.753125 0.7515625 0.1625 0.296875
0 0.84453125 0.6421875 0.1640625 0.265625
0 0.92265625 0.54765625 0.1546875 0.2578125
0 0.95625 0.4546875 0.0875 0.275
0 0.92109375 0.9296875 0.1578125 0.140625
0 0.9734375 0.88046875 0.053125 0.2375
1 0.1 0.075 0.134375 0.15
1 0.21015625 0.03828125 0.146875 0.075
1 0.05 0.01640625 0.1 0.0328125