0 0.54765625 0.5328125 0.2109375 0.334375
0 0.37578125 0.4140625 0.19375 0.31875
0 0.22890625 0.26875 0.203125 0.328125
0 0.0890625 0.1265625 0.171875 0.253125
0 0.440625 0.07265625 0.165625 0.14375
0 0.58125 0.146875 0.1921875 0.253125
0 0.740625 0.27890625 0.196875 0.2875
0 0.8890625 0.55859375 0.121875 0.1828125
0 0.953125 0.2734375 0.09375 0.203125
0 0.975 0.665625 0.05 0.184375
0 0.7765625 0.72578125 0.11875 0.184375
0 0.903125 0.85625 0.115625 0.175
0 0.6640625 0.89453125 0.1265625 0.18125
0 0.79140625 0.959375 0.1125 0.08125
0 0.34609375 0.8578125 0.178125 0.275
0 0.246875 0.76171875 0.1625 0.296875
0 0.15546875 0.65234375 0.1640625 0.265625
0 0.07734375 0.5578125 0.1546875 0.259375
0 0.04375 0.46484375 0.0875 0.275
0 0.0796875 0.93515625 0.159375 0.1296875
0 0.0265625 0.8859375 0.053125 0.228125
1 0.89921875 0.0796875 0.1359375 0.159375
1 0.78984375 0.04296875 0.146875 0.0859375
1 0.95 0.021875 0.1 0.04375