0 0.81328125 0.31171875 0.27421875 0.1625
0 0.88125 0.90546875 0.21875 0.15859375
0 0.3078125 0.36171875 0.29765625 0.1609375
0 0.7046875 0.47265625 0.29609375 0.18203125
0 0.61640625 0.63828125 0.2734375 0.16640625
0 0.20546875 0.52109375 0.29453125 0.1578125
0 0.409375 0.9375 0.284375 0.125
0 0.40703125 0.2 0.2796875 0.1578125
0 0.13125 0.69453125 0.2625 0.1890625
0 0.5078125 0.0578125 0.31953125 0.115625
0 0.5125 0.81640625 0.334375 0.1875
0 0.03671875 0.2796875 0.0734375 0.1046875
0 0.8859375 0.17109375 0.228125 0.2078125
0 0.06796875 0.0828125 0.1359375 0.16484375
0 0.090625 0.8671875 0.18046875 0.15546875
0 0.9265625 0.7390625 0.146875 0.1625