0 0.74296875 0.12734375 0.1796875 0.2546875
0 0.0875 0.0734375 0.175 0.146875
0 0.6875 0.66015625 0.178125 0.328125
0 0.56484375 0.22109375 0.2015625 0.328125
0 0.38203125 0.31875 0.184375 0.3015625
0 0.51171875 0.7734375 0.175 0.325
0 0.06015625 0.54765625 0.1203125 0.3140625
0 0.86640625 0.55 0.175 0.309375
0 0.3203125 0.85546875 0.209375 0.2890625
0 0.9796875 0.4390625 0.040625 0.353125
0 0.18515625 0.43359375 0.20625 0.36875
0 0.77890625 0.959375 0.115625 0.08125
0 0.8921875 0.0734375 0.215625 0.146875
0 0.953125 0.925 0.09375 0.15
0 0.12890625 0.9 0.171875 0.2
0 0.27109375 0.02890625 0.1796875 0.05625