0 0.8488513717785462 0.4311425316578904 0.3022972564429076 0.23619860809517182
0 0.7859320558068502 0.9562588025772479 0.24914654800821018 0.08748239484550417
0 0.3456226139704013 0.3398901741285454 0.32786242134838534 0.24055191542211815
0 0.708491294393973 0.556503300541083 0.33110559601642037 0.2610281897323777
0 0.5858764718906783 0.6914404652858326 0.30442492134838534 0.2393236080951718
0 0.21123904449216874 0.46561943520982185 0.32315674063022615 0.2371812539567289
0 0.31855365826617826 0.9108578134891822 0.3057692527304745 0.17828437302163563
0 0.47764879791001424 0.2116943323145743 0.30907605991206677 0.2333192695605611
0 0.12618330932289168 0.6126781416776855 0.2467305960164204 0.256606283355371
0 0.6067226986721401 0.11302221619034374 0.33844539734428025 0.18018762550802642
0 0.44534289636232155 0.83402967774659 0.37024990924813694 0.2771378686106214
0 0.09949198165323565 0.18640889077317438 0.09600336729005096 0.12374511646291486
0 0.908217020979043 0.31320143713038584 0.183565958041914 0.2627876843053107
0 0.17291987041330892 0.05436103064183758 0.17083974082661785 0.09955069990914296
0 0.06616848076947288 0.7680782926276252 0.12455561416679298 0.19865658525525037
0 0.8665411854917371 0.8740670160540581 0.18079652380771344 0.20004202283992142