0 0.8131529387163248 0.3743403896400153 0.2990527329258299 0.20071928493120836
0 0.787419360585622 0.9383309015360968 0.2421542797373263 0.12333819692780637
0 0.30550421302658437 0.3534821863824872 0.32249023292582973 0.2015377404661712
0 0.6803327154014336 0.5191940434535468 0.3251991530976463 0.22346730416850208
0 0.5674974434660232 0.6710070253973794 0.2992165072360892 0.20384428493120837
0 0.1790158768668228 0.4969915950053421 0.31920145861557025 0.1983036130615094
0 0.31484499774075175 0.927983645460829 0.3032555540475859 0.14403270907834198
0 0.42899037991904054 0.2075199003549705 0.3050570714604405 0.1962500397405318
0 0.11223224785229342 0.6591071598887993 0.22446449570458685 0.22446431977759856
0 0.5503851023294206 0.08653033247628839 0.33672979534115866 0.1458879411918106
0 0.43694240502226955 0.8323760566155727 0.3631904760284247 0.23415183302444262
0 0.05029881388566697 0.23499504809323427 0.09027087516934214 0.11544643992586626
0 0.8857383469023539 0.24381956513791123 0.2183692989592032 0.23845240870767298
0 0.11070512663968017 0.06804565027015247 0.15983974672063966 0.13347224282842388
0 0.056496824966943436 0.8253025895630465 0.11299364993388687 0.178730179126093
0 0.8582342288575593 0.8134326606914076 0.17175324852966192 0.18223712504240908