0 0.6781325007177902 0.46307610866055615 0.28437008783376605 0.36414046086541685
0 0.900605179126093 0.4716198797464591 0.19878964174781402 0.3001857572181947
0 0.689119652253887 0.8125954914506253 0.37910223447572144 0.3748090170987496
0 0.9112760836150058 0.8210379452400177 0.17744783276998852 0.3579241095199645
0 0.7519791953681618 0.2306104071975353 0.25407740870767287 0.211996079406528
0 0.9207688569862416 0.23857164361416744 0.1584622860275168 0.20690722948277793
0 0.5045164075265467 0.29744784260864626 0.2991716538983496 0.20680073955076406
0 0.21938246097725847 0.1573261099917363 0.3288045901960187 0.20592922378319473
0 0.35043408665263964 0.44530084830822947 0.37333832939624545 0.2740986487450698
0 0.20631953202080147 0.6550544419637154 0.37870044119181057 0.3382338839274309
0 0.12505708601966745 0.31749858415618065 0.22317463828925294 0.2659198599917364