1 0.75546875 0.5234375 0.0984375 0.121875
1 0.6140625 0.35625 0.1 0.128125
1 0.43515625 0.709375 0.1046875 0.125
1 0.23359375 0.43046875 0.0953125 0.121875
1 0.38359375 0.4375 0.0953125 0.11875
1 0.54609375 0.2671875 0.096875 0.121875
1 0.31796875 0.3484375 0.0921875 0.115625
1 0.3015625 0.525 0.103125 0.125
1 0.59921875 0.5265625 0.0984375 0.121875
1 0.44921875 0.525 0.1 0.1234375
1 0.17109375 0.34609375 0.0953125 0.1203125
1 0.6875 0.43671875 0.096875 0.1203125
1 0.51484375 0.61328125 0.1 0.1234375
1 0.58828125 0.70390625 0.103125 0.1203125
1 0.4671875 0.353125 0.09375 0.125
1 0.2546875 0.259375 0.0921875 0.1140625
1 0.534375 0.43828125 0.0953125 0.1203125
1 0.36640625 0.6140625 0.10625 0.125
1 0.66875 0.6125 0.1 0.125
1 0.19375 0.16875 0.090625 0.125
1 0.1078125 0.24921875 0.0921875 0.121875
1 0.33515625 0.18203125 0.0875 0.1140625
1 0.396875 0.265625 0.09375 0.115625
1 0.27578125 0.09140625 0.090625 0.128125
1 0.4828125 0.18359375 0.090625 0.1140625
1 0.41953125 0.10234375 0.0984375 0.128125
1 0.3546875 0.040625 0.09375 0.08125