1 0.7484375 0.44234597965918426 0.1125 0.1393648788403731
1 0.5859375 0.30806052687305663 0.1171875 0.14588789462538862
1 0.459375 0.6849632030684762 0.1203125 0.14450740514873245
1 0.22421875 0.4541282449500897 0.1109375 0.1392738735787013
1 0.37109375 0.43073000035293585 0.109375 0.1344953683170294
1 0.5078125 0.23526703995664905 0.1109375 0.1392738735787013
1 0.29453125 0.35784550817485644 0.10625 0.13275085779368573
1 0.303125 0.5323449792356613 0.1171875 0.14432539462538863
1 0.5953125 0.47548324530302555 0.1125 0.13936487884037305
1 0.4484375 0.5035689899001794 0.115625 0.1411093893637169
1 0.1515625 0.38414123961783064 0.109375 0.1376203683170294
1 0.66875 0.37120599800444853 0.1109375 0.1377113735787013
1 0.52421875 0.5764989847090947 0.1140625 0.14101838410204498
1 0.60859375 0.6497097005788148 0.115625 0.13798438936371688
1 0.44140625 0.33366601357770265 0.109375 0.1423078683170294
1 0.22109375 0.28321650547343336 0.10625 0.13118835779368573
1 0.51953125 0.4025532504941102 0.109375 0.13762036831702953
1 0.378125 0.6061017266754125 0.121875 0.1445984104104042
1 0.67421875 0.5458874795885971 0.115625 0.14423438936371688
1 0.14921875 0.2077152475103384 0.10625 0.14212585779368575
1 0.075 0.30188174743975127 0.1078125 0.13752936305535765
1 0.2890625 0.19253902659070793 0.103125 0.13100634727034208
1 0.36171875 0.2617447819229669 0.1078125 0.13284186305535756
1 0.21796875 0.11699226599677706 0.10625 0.14368835779368574
1 0.43359375 0.16615228988606187 0.1046875 0.13109735253201388
1 0.3609375 0.09929028455380287 0.1140625 0.14414338410204497
1 0.2890625 0.05050547511293947 0.103125 0.10101095022587894