1 0.7686663587441492 0.5460896576790163 0.10340352570316255 0.12588602076024671
1 0.6191080746380296 0.3785453775272295 0.10678319368794006 0.13226335475263545
1 0.46312064878176773 0.7231681749420409 0.1114070266917457 0.1308918557412186
1 0.24735509144394366 0.44295279844057556 0.10184102570316253 0.12582235376405232
1 0.3959517589344296 0.4529074130790427 0.1017136917107738 0.12269735376405219
1 0.5476058063492409 0.2890571131927735 0.10184102570316256 0.12582235376405232
1 0.3260119906456409 0.3634828157407811 0.09852502471457943 0.12100751977166357
1 0.32061086072131556 0.5371922297712259 0.10828202669174569 0.13076452174882985
1 0.6150147767289267 0.5460684585538689 0.10340352570316255 0.12588602076024671
1 0.46582786022702394 0.5407695104173044 0.10659219269935694 0.12757585475263547
1 0.18148074064564088 0.35759361859279987 0.10177735870696814 0.12425985376405232
1 0.695697090949652 0.45888147634836596 0.101777358706968 0.1242598537640522
1 0.5357676285158127 0.630194107755566 0.10502969269935694 0.12751218775644108
1 0.6135517303026986 0.7207182900747996 0.10802735870696818 0.12451452174882985
1 0.47376374113993247 0.3718430968811511 0.10046952669174569 0.13044618676785796
1 0.25919722235685216 0.27418555239490827 0.09846135771838496 0.11944501977166348
1 0.5458562584401381 0.45667569471370434 0.10177735870696818 0.12425985376405232
1 0.38823871250820147 0.6273025766151961 0.11296952669174569 0.13095552273741298
1 0.6871709610253267 0.632463556386422 0.10671952669174586 0.13070085475263546
1 0.19388128707186905 0.18338945604522977 0.09571835969555131 0.12869268577927473
1 0.11200388737588021 0.26038835475263544 0.09871602570316251 0.12569501977166347
1 0.3333576225471326 0.19921206870653063 0.09371019072219058 0.11769151878308026
1 0.3999495563492409 0.28304058205240346 0.10008752471457934 0.12107118676785786
1 0.26960418726214946 0.10847963935304654 0.0957820266917457 0.13025518577927472
1 0.4794513725471326 0.20516493285070622 0.09683519072219049 0.11781885277546911
1 0.4121418557412186 0.12286708600673617 0.10365819368794008 0.13213602076024666
1 0.34556450939154015 0.05853798916276613 0.0972516847906915 0.08975751977166349