1 0.74765625 0.5203125 0.096875 0.1203125
1 0.60703125 0.35546875 0.1 0.12578125
1 0.43046875 0.70390625 0.10390625 0.12421875
1 0.23125 0.42890625 0.09453125 0.1203125
1 0.37890625 0.43515625 0.09453125 0.11640625
1 0.540625 0.26796875 0.0953125 0.1203125
1 0.3140625 0.34765625 0.09140625 0.11484375
1 0.2984375 0.521875 0.10078125 0.12421875
1 0.59296875 0.5234375 0.096875 0.1203125
1 0.44453125 0.521875 0.1 0.121875
1 0.16953125 0.3453125 0.09453125 0.11875
1 0.6796875 0.434375 0.0953125 0.11875
1 0.509375 0.609375 0.0984375 0.121875
1 0.58203125 0.6984375 0.10078125 0.11875
1 0.46171875 0.35234375 0.09296875 0.12421875
1 0.25234375 0.259375 0.09140625 0.11328125
1 0.52890625 0.4359375 0.09453125 0.11875
1 0.36171875 0.61015625 0.10546875 0.12421875
1 0.6609375 0.60859375 0.1 0.12421875
1 0.1921875 0.1703125 0.0890625 0.12421875
1 0.10625 0.24921875 0.09140625 0.1203125
1 0.33125 0.1828125 0.0875 0.11328125
1 0.39296875 0.265625 0.09296875 0.11484375
1 0.27265625 0.09375 0.0890625 0.12578125
1 0.47734375 0.18515625 0.08984375 0.11328125
1 0.41484375 0.1046875 0.096875 0.12578125
1 0.3515625 0.0421875 0.09296875 0.08359375