1 0.5234375 0.75390625 0.121875 0.0984375
1 0.35625 0.6125 0.128125 0.1
1 0.709375 0.43359375 0.125 0.1046875
1 0.43046875 0.23203125 0.121875 0.0953125
1 0.4375 0.38203125 0.11875 0.0953125
1 0.2671875 0.54453125 0.121875 0.096875
1 0.3484375 0.31640625 0.115625 0.0921875
1 0.525 0.30078125 0.125 0.103125
1 0.5265625 0.5984375 0.121875 0.0984375
1 0.525 0.4484375 0.1234375 0.1
1 0.34609375 0.16953125 0.1203125 0.0953125
1 0.43671875 0.6859375 0.1203125 0.096875
1 0.61328125 0.5140625 0.1234375 0.1
1 0.70390625 0.58671875 0.1203125 0.103125
1 0.353125 0.465625 0.125 0.09375
1 0.259375 0.253125 0.1140625 0.0921875
1 0.43828125 0.5328125 0.1203125 0.0953125
1 0.6140625 0.36484375 0.125 0.10625
1 0.6125 0.6671875 0.125 0.1
1 0.16875 0.19296875 0.125 0.090625
1 0.24921875 0.10625 0.121875 0.0921875
1 0.18203125 0.33359375 0.1140625 0.0875
1 0.265625 0.39609375 0.115625 0.09375
1 0.09140625 0.27421875 0.128125 0.090625
1 0.18359375 0.48125 0.1140625 0.090625
1 0.10234375 0.41796875 0.128125 0.0984375
1 0.040625 0.35390625 0.08125 0.09375