1 0.6056914219246522 0.6699730355146322 0.08593880642076393 0.07062551779449713
1 0.677167031632048 0.6506699371877873 0.07325696846486114 0.0623036818249421
1 0.370389048349548 0.7193668349437908 0.08099673328250008 0.059497016805913815
1 0.39564296827742995 0.7409725795065835 0.08248649810013883 0.05643568380210837
1 0.5411743270348952 0.6921146323586023 0.08579333605604163 0.06437551779449713
1 0.6076526590068744 0.7198457015222435 0.09560474715020853 0.0835075197716634
1 0.6450818834556592 0.6207569441078695 0.0825228656913195 0.057998183802108375
1 0.5742056857923605 0.6478407089366172 0.08099673328249998 0.059497016805913995
1 0.6468054247744438 0.7479096931192865 0.08288654160312507 0.07362318380210837
1 0.5727678595199646 0.7766832919404228 0.08452177678548622 0.07681185079830258
1 0.43655956221725634 0.6932553211036264 0.07634560087368066 0.06086851581733086
1 0.6846320798846868 0.7658811017125238 0.08288654160312507 0.07362318380210837
1 0.29080999791270773 0.7514882682516077 0.07801720364722228 0.06561968281352507
1 0.24231533368440897 0.8900533611412449 0.06686149810013893 0.05579901384016424
1 0.2126284868947909 0.8577011175670357 0.07805357123840287 0.06718218281352506
1 0.5011844534597911 0.733550057263462 0.07460126291777769 0.052992348821136306
1 0.14373432295083266 0.7996286323957833 0.0793978656913195 0.05787084980971961
1 0.16275642667430484 0.8207077949433532 0.07303876291777782 0.052928681824941835
1 0.185030816966909 0.8361908734985347 0.0683876305089584 0.05430018083635879
1 0.2720203642696173 0.9216243547154545 0.07485583605604171 0.06392984882113631
1 0.30176176244600617 0.9516328482896637 0.08444904160312508 0.07368685079830258
1 0.3939135480652075 0.9158770790122919 0.0750376740119445 0.07174234882113631
1 0.36402667952409645 0.8921185854380825 0.07805357123840287 0.06718218281352506
1 0.32656370032565896 0.858522176844845 0.07652743882958343 0.06868101581733085
1 0.29595013317131874 0.832451766768733 0.0797251740119445 0.07193334980971962
1 0.27064166185666594 0.8131897722059402 0.0762728656913195 0.05774351581733086
1 0.23904682295083263 0.7957449456279254 0.0667523953265972 0.051111513840164415
1 0.2248576895920827 0.7682247820917721 0.07154899810013893 0.05599001482874755
1 0.3177355206141313 0.7683428458182059 0.07798083605604171 0.06405718281352506
1 0.35018434470232573 0.7826308388981236 0.062101262917777865 0.05248301285158128
1 0.3785632646302076 0.8041092494685274 0.06849673328249999 0.05898768083635879
1 0.40846831696690905 0.8270864930427368 0.08117857123840277 0.06730951680591409
1 0.4468034651432979 0.8567448181378768 0.09215243882958343 0.069317685779275
1 0.47738066470645757 0.8843777282139891 0.07162173328249999 0.05911501482874755
1 0.5601392665300687 0.8497852109137835 0.07496493882958344 0.06861734882113665
1 0.5318148979889576 0.8259630503433797 0.07641833605604162 0.06399351581733086
1 0.48862859565225625 0.8035269762368227 0.07649107123840278 0.06711851581733086
1 0.45096559470232567 0.7785243176435854 0.07503767401194458 0.07174234882113631
1 0.42963610857003404 0.7559781555903069 0.06998649810013897 0.05592634783255335
1 0.466482798349548 0.7154513146778358 0.06686149810013901 0.05579901384016459
1 0.5343417923656244 0.7509312168452826 0.06380923328249999 0.05879667984777566
1 0.5081442746981939 0.6692647227767816 0.07162173328249999 0.05911501482874755
1 0.6081598456522562 0.7986564510279518 0.07645470364722229 0.06555601581733086
1 0.6538899197404506 0.8124032746402172 0.08433993882958343 0.06899935079830266
1 0.726237698425798 0.7891620928152753 0.08433993882958327 0.06899935079830292
1 0.7642111303215271 0.7337596684047071 0.07645470364722229 0.06555601581733086
1 0.8035093664538188 0.7555736600017501 0.08110583605604163 0.064184516805914
1 0.8390117617804161 0.7057354860854735 0.07481946846486096 0.0623673488211363
1 0.8807810344818396 0.7219852271882249 0.08128767401194459 0.071997016805914