1 0.5765186313663013 0.7008038828528939 0.08306856426490725 0.06581068380210837
1 0.649356737792792 0.7040933675298546 0.07038670783841638 0.05905134783255335
1 0.3403621710206024 0.6760107657801497 0.07962531551854841 0.05474584980971962
1 0.35841348904643333 0.7049979288220115 0.08109688730530315 0.051684516805913815
1 0.5092856672596786 0.7019790636892527 0.08288670783841638 0.05956068380210837
1 0.5654280186716045 0.7497507188224489 0.09280727711788864 0.07869268577927464
1 0.6263224030739136 0.6651409554765761 0.08114235141192587 0.053247016805913816
1 0.5521491171805364 0.6697276377958097 0.07962531551854841 0.05474584980971962
1 0.5955163354437942 0.7891978793928527 0.08003449247815268 0.06880834980971962
1 0.5174367995504168 0.7939437292025724 0.08168792069139812 0.071997016805914
1 0.4098479569139797 0.6716150844494994 0.07498327962517112 0.0561173488211363
1 0.6260903855229365 0.8184569564651593 0.08003449247815268 0.06880834980971962
1 0.25685934923384773 0.6825419500765497 0.07511967194503918 0.060804848821136306
1 0.1750901751772375 0.8024180513691441 0.06551735141192579 0.052610346843970035
1 0.1551126442984251 0.7609945553234768 0.0751651360516619 0.0623673488211363
1 0.46083980707226424 0.730547074069376 0.07323892319868044 0.0498036818249421
1 0.10435647486066837 0.6832807322055029 0.07801735141192578 0.053119682813525235
1 0.11687084672656527 0.710146979734045 0.07163095909205777 0.04817751482874755
1 0.13393632627259416 0.7321347262740038 0.06547188730530311 0.051047846843970034
1 0.19499950989611586 0.8414977974148113 0.0719946719450392 0.060677514828747545
1 0.2149088446149942 0.8805775434604787 0.0815969924781526 0.06887201680591418
1 0.31169291640174884 0.8735051896964263 0.07217652837152996 0.06692751482874755
1 0.28964442016267256 0.8415521941450507 0.07516513605166182 0.06236734882113666
1 0.2633259610706148 0.7972583660841609 0.07369356426490725 0.0654286818249421
1 0.2404280186716045 0.7629934540308824 0.0769094924781526 0.06868101581733085
1 0.22166364680570755 0.7363818744871178 0.0749378155185485 0.0545548488211363
1 0.1958452928864993 0.7092755464262281 0.06538095909205777 0.04792284684397004
1 0.18946726075404569 0.6782483809129085 0.06859688730530311 0.05117518083635879
1 0.27789927493981065 0.7067142791260226 0.07507420783841656 0.059242348821136305
1 0.30440795064577353 0.7306637736888152 0.06073892319868044 0.049294345855386903
1 0.3263882507249158 0.7602730192401909 0.06712531551854842 0.05423651384016459
1 0.34921799696399214 0.7921941812934694 0.07985263605166182 0.06255834980971961
1 0.37698529578949314 0.8325180923581648 0.08927310015828453 0.06450285178688589
1 0.39917018434843754 0.8691585879095405 0.07029577962517113 0.05592634783255335
1 0.4865565240818809 0.8616869861226546 0.07213106426490726 0.06536501482874754
1 0.4660477957894932 0.8288890735750843 0.07351170783841657 0.059178681824942105
1 0.4314083713371716 0.7943204139932638 0.07364810015828453 0.06386618182494211
1 0.4014337148315385 0.75877950342286 0.07217652837152996 0.06692751482874755
1 0.3872886468057075 0.7296331728905124 0.06703438730530316 0.051111513840164415
1 0.43260950699312195 0.7011924965027778 0.06551735141192587 0.052610346843970035
1 0.48819792893816116 0.7568084851340713 0.060920779625171305 0.0555443458553869
1 0.48408943896729106 0.6693721521302658 0.07029577962517113 0.05592634783255335
1 0.5457807598961159 0.8272045567691704 0.07355717194503911 0.060741181824942106
1 0.5856616138153241 0.8537378818643105 0.08146060015828453 0.06418451680591417
1 0.6599712920285695 0.853838699545077 0.08302310015828454 0.06424818380210837
1 0.7103744573096911 0.8118939386706622 0.07355717194503927 0.060741181824942106
1 0.74262466765539 0.8449955987467742 0.07819920783841657 0.05936968281352506
1 0.7892579752563798 0.8078975053628454 0.07194920783841638 0.05911501482874755
1 0.8244967932822107 0.8361843314465688 0.07847199247815269 0.06874468281352505