1 0.38203125 0.7453125 0.08125 0.05625
1 0.30234375 0.74296875 0.06875 0.053125
1 0.63671875 0.7390625 0.078125 0.046875
1 0.6140625 0.76875 0.08125 0.04375
1 0.45234375 0.75234375 0.0828125 0.05
1 0.38828125 0.79921875 0.090625 0.06875
1 0.33046875 0.703125 0.08125 0.04375
1 0.409375 0.7140625 0.078125 0.046875
1 0.35234375 0.8390625 0.078125 0.0609375
1 0.43515625 0.85 0.078125 0.065625
1 0.5625 0.728125 0.0734375 0.0484375
1 0.315625 0.8671875 0.078125 0.0609375
1 0.72578125 0.75390625 0.0734375 0.053125
1 0.80078125 0.8890625 0.0625 0.046875
1 0.82578125 0.846875 0.0734375 0.05625
1 0.50234375 0.7875 0.0734375 0.040625
1 0.8890625 0.76796875 0.078125 0.04375
1 0.87265625 0.7953125 0.071875 0.040625
1 0.85234375 0.8171875 0.065625 0.04375
1 0.77578125 0.92890625 0.06875 0.053125
1 0.75 0.96953125 0.078125 0.0609375
1 0.64765625 0.953125 0.06875 0.0609375
1 0.675 0.92109375 0.0734375 0.05625
1 0.70703125 0.8765625 0.071875 0.059375
1 0.73515625 0.84140625 0.0734375 0.0609375
1 0.7578125 0.81484375 0.0734375 0.046875
1 0.7875 0.78828125 0.065625 0.040625
1 0.7984375 0.75546875 0.06875 0.04375
1 0.70078125 0.778125 0.0734375 0.053125
1 0.66953125 0.80234375 0.059375 0.04375
1 0.64375 0.83046875 0.065625 0.0484375
1 0.615625 0.86328125 0.078125 0.05625
1 0.58125 0.90390625 0.0875 0.05625
1 0.5546875 0.940625 0.06875 0.0484375
1 0.46171875 0.925 0.06875 0.059375
1 0.48671875 0.8921875 0.071875 0.053125
1 0.528125 0.8578125 0.071875 0.05625
1 0.5625 0.82265625 0.06875 0.0609375
1 0.58125 0.79296875 0.065625 0.04375
1 0.53515625 0.75859375 0.0625 0.046875
1 0.4703125 0.81328125 0.059375 0.05
1 0.4828125 0.7203125 0.06875 0.0484375
1 0.4015625 0.88359375 0.071875 0.053125
1 0.35546875 0.90859375 0.078125 0.05625
1 0.27578125 0.9015625 0.08125 0.05625
1 0.2265625 0.853125 0.071875 0.053125
1 0.1890625 0.88515625 0.078125 0.053125
1 0.1421875 0.84140625 0.06875 0.053125
1 0.1015625 0.86953125 0.075 0.0609375