1 0.7390625 0.39609375 0.05625 0.078125
1 0.73671875 0.31796875 0.05 0.0671875
1 0.73359375 0.646875 0.046875 0.078125
1 0.7625 0.62421875 0.0421875 0.078125
1 0.74609375 0.465625 0.05 0.08125
1 0.7921875 0.40234375 0.06875 0.0875
1 0.6984375 0.34609375 0.04375 0.078125
1 0.70859375 0.4234375 0.046875 0.078125
1 0.83125 0.3671875 0.059375 0.075
1 0.8421875 0.44921875 0.0625 0.078125
1 0.72265625 0.57421875 0.046875 0.071875
1 0.859375 0.33125 0.059375 0.075
1 0.74765625 0.734375 0.053125 0.071875
1 0.88046875 0.8078125 0.046875 0.0625
1 0.8390625 0.8328125 0.0546875 0.071875
1 0.78046875 0.51484375 0.040625 0.071875
1 0.76171875 0.89453125 0.04375 0.0765625
1 0.7890625 0.87890625 0.040625 0.0703125
1 0.81015625 0.85859375 0.04375 0.0625
1 0.91953125 0.78359375 0.053125 0.06875
1 0.959375 0.7578125 0.059375 0.078125
1 0.94375 0.6578125 0.059375 0.0671875
1 0.91171875 0.68359375 0.0546875 0.071875
1 0.86796875 0.715625 0.0578125 0.0703125
1 0.83359375 0.74296875 0.059375 0.071875
1 0.80703125 0.765625 0.046875 0.071875
1 0.78203125 0.79453125 0.040625 0.0625
1 0.74921875 0.80546875 0.04375 0.0671875
1 0.77109375 0.709375 0.05 0.071875
1 0.79453125 0.67890625 0.0421875 0.0578125
1 0.8234375 0.653125 0.046875 0.0625
1 0.8546875 0.62578125 0.0546875 0.075
1 0.8953125 0.5921875 0.0546875 0.0859375
1 0.93125 0.56640625 0.046875 0.0671875
1 0.915625 0.47421875 0.0578125 0.06875
1 0.88359375 0.49921875 0.05 0.0703125
1 0.84921875 0.53984375 0.05625 0.0703125
1 0.81484375 0.57421875 0.059375 0.0671875
1 0.7859375 0.5921875 0.04375 0.065625
1 0.75234375 0.546875 0.046875 0.0625
1 0.80625 0.48359375 0.05 0.0578125
1 0.71484375 0.4953125 0.046875 0.0671875
1 0.875 0.415625 0.053125 0.0703125
1 0.9 0.3703125 0.05625 0.078125
1 0.89296875 0.2921875 0.0546875 0.078125
1 0.8453125 0.24375 0.053125 0.0703125
1 0.8765625 0.20703125 0.05 0.075
1 0.83359375 0.1609375 0.05 0.06875
1 0.8609375 0.1203125 0.059375 0.075