0 0.94375 0.49375 0.1125 0.103125
0 0.48203125 0.49921875 0.159375 0.1625
0 0.8375 0.465625 0.2125 0.103125
0 0.50390625 0.42109375 0.128125 0.0859375
0 0.91796875 0.0984375 0.1640625 0.090625
0 0.66640625 0.1328125 0.171875 0.15
0 0.4984375 0.3 0.21875 0.13125
0 0.91953125 0.18671875 0.153125 0.146875
0 0.63515625 0.3625 0.2046875 0.13125
0 0.97109375 0.415625 0.05625 0.1
0 0.82265625 0.0609375 0.240625 0.065625
0 0.959375 0.26015625 0.08125 0.1421875
0 0.59453125 0.44609375 0.128125 0.096875
0 0.87578125 0.0234375 0.2046875 0.046875
0 0.9359375 0.046875 0.128125 0.09375
0 0.97578125 0.16875 0.0484375 0.078125
0 0.76484375 0.359375 0.203125 0.1203125