0 0.51328125 0.0609375 0.09921875 0.11640625
0 0.50703125 0.51171875 0.1578125 0.153125
0 0.53984375 0.16796875 0.09921875 0.20625
0 0.5828125 0.490625 0.0828125 0.12421875
0 0.8953125 0.084375 0.0875 0.16875
0 0.86171875 0.33359375 0.1453125 0.16640625
0 0.7 0.49609375 0.128125 0.21171875
0 0.81015625 0.08828125 0.1421875 0.1484375
0 0.63984375 0.3640625 0.128125 0.1984375
0 0.5875 0.0328125 0.096875 0.065625
0 0.93125 0.1828125 0.0640625 0.2328125
0 0.740625 0.0453125 0.1375 0.08984375
0 0.55859375 0.403125 0.09453125 0.12421875
0 0.97265625 0.13203125 0.0546875 0.1984375
0 0.94921875 0.0671875 0.1015625 0.134375
0 0.82734375 0.02890625 0.0765625 0.0578125
0 0.6421875 0.23828125 0.11640625 0.19609375