0 0.4884970156090967 0.0507308613534035 0.10894346878180663 0.101461722706807
0 0.4899428874866447 0.4880670026905964 0.17124506134007814 0.1686516083532208
0 0.5168452157017638 0.14206314392309072 0.11674109981466554 0.21603172249741004
0 0.5650619385751039 0.4588289588530682 0.09353672359113005 0.13227315260503386
0 0.8692559422881189 0.05582389102760658 0.10211311542376222 0.11164778205521315
0 0.8413491639803325 0.2751452018237548 0.15918157095872515 0.18056941149637407
0 0.6822494385751039 0.4533708633201289 0.14670141832631992 0.2252269400324213
0 0.7848809422881189 0.05840738957986451 0.15523811542376223 0.11681477915972902
0 0.6203446940173994 0.3275575341221278 0.1462103450053421 0.2111644400324213
0 0.5613814441022175 0.020096214434639388 0.10223711179556502 0.040192428869278776
0 0.9084424386599217 0.11905804135858347 0.08480161905195942 0.23811608271716694
0 0.7149875937393977 0.025597043632640447 0.14502481252120453 0.051194087265280894
0 0.5391566922033009 0.37423778908452643 0.106091287293461 0.13441784946188076
0 0.949360104539171 0.08286475320732499 0.0726637176006804 0.16572950641464998
0 0.9237896748649238 0.03672713461746578 0.11179565027015244 0.07345426923493156
0 0.801579858167368 0.004117995866170796 0.08121528366526398 0.008235991732341592
0 0.6200495720550333 0.20199460794344531 0.1336012176006804 0.20745724317557449