0 0.8946915301931864 0.5687921913183166 0.1593836162111039 0.14239994120271576
0 0.8052758116247178 0.6981731541177585 0.23427660835322078 0.17749863749381412
0 0.8363524913180569 0.5663942096356823 0.22529971463952725 0.15208920171816534
0 0.6498691817647628 0.5878575310961228 0.2092766083532208 0.17618844301173803
0 0.757069559762691 0.49495297885755923 0.1635274607105858 0.16443871551297526
0 0.852927869315985 0.4782391123946443 0.14175946856846844 0.13212418249628843
0 0.6514916478520322 0.5028241118288175 0.16279971463952717 0.14881371551297526
0 0.5757446311028092 0.5395262516974807 0.17943925103345731 0.10448386137453233
0 0.5517099716733498 0.5033773897571215 0.14797092721213972 0.09815861827193721
0 0.5852159844936313 0.4533021466545265 0.13027400496239885 0.0863203595655099
0 0.5553658186540311 0.4416176961795567 0.08637845574818695 0.0809025192218769
0 0.553769085403254 0.4089689704898162 0.07791098428423418 0.06643058344622813