0 0.4852793547501325 0.5981472570867581 0.18097946936663475 0.25153276206571745
0 0.38174418006045174 0.43216264773826374 0.2043624253659985 0.2476637176006804
0 0.43973739871099793 0.3113392270496912 0.23054311736154426 0.21577880054030504
0 0.3735567733529536 0.13154508884525634 0.1837590240292714 0.22195438947037927
0 0.6585163127386785 0.5076884042768677 0.22867153469127163 0.1891617368379741
0 0.8602793547501324 0.5850519685273528 0.22165901336727112 0.2576389183263199
0 0.9405720980267261 0.4797344967503211 0.11885580394654767 0.24181053248413759
0 0.9244289300206809 0.3919988837736296 0.1511421399586382 0.2444643065307547
0 0.9403710086728179 0.1656174330479902 0.11925798265436427 0.21982640507947587
0 0.884559002705271 0.25360107188539727 0.209939716024817 0.19006947241000383
0 0.8413897106938169 0.1706992918483304 0.1725488040260899 0.19813494355406328
0 0.7818050780155902 0.08758918068573752 0.1675522213558171 0.1714087524470707
0 0.7086852040101814 0.05736975082223126 0.20298064401654478 0.11473950164446252
0 0.6000914540101814 0.06607883466890507 0.17830790802036275 0.13215766933781015
0 0.5620738333465903 0.08955354020386791 0.19602266669318064 0.17910708040773582
0 0.5137999653484993 0.1043799320364999 0.1869749306969986 0.2087598640729998
0 0.653072098026726 0.17414921797919855 0.12887152936027135 0.20285715988879932
0 0.5713953840308622 0.2074825623515685 0.1273635733609078 0.20749009618646852
0 0.5591146547183158 0.3610986356725462 0.14169879336408933 0.23141866950744613
0 0.6295998773869975 0.3734870190676577 0.1574328813653622 0.2413393065307547
0 0.6738396787078162 0.2797171717000628 0.21424540802036277 0.1574206635169963
0 0.7481669693666347 0.21928561398818175 0.1977124360279987 0.21307046279135697
0 0.7608771493873157 0.3712474180718658 0.16213856269890775 0.24306549763774726
0 0.8183538420591792 0.4075370929367896 0.15568856802990752 0.2256597428284238