0 0.5031779630024931 0.5953616491645162 0.18812071840251948 0.25257053756616055
0 0.39470759391540156 0.42996875391715167 0.21136721741393635 0.24883804250907643
0 0.44924390220462784 0.30879940806176476 0.23659271049385405 0.21710788144438115
0 0.3777641971479812 0.12937850490573483 0.19003604547482594 0.22301037155854941
0 0.6739586952079959 0.5038877790888415 0.23394787155854946 0.1904817144481868
0 0.8781779630024931 0.5800815700778623 0.22893671939110263 0.2589133794672147
0 0.9463032915204934 0.4742679687852679 0.10739341695901317 0.24252969269935692
0 0.9288637821289532 0.3866233887472118 0.1422724357420936 0.24536553262324468
0 0.9416900928896373 0.1601418017890735 0.11661981422072536 0.22052735870696813
0 0.8926033120150038 0.2484668141463632 0.21479337596999254 0.19128021049385407
0 0.8472118755128821 0.16581082304361178 0.17814354053191012 0.19912720258518862
0 0.7851482742202878 0.0846144680996021 0.1723737015966055 0.1692289361992042
0 0.7108685158173309 0.05560143598923946 0.20652852570316255 0.11120287197847892
0 0.6022747658173307 0.064590446122217 0.18267453163466155 0.129180892244434
0 0.5649166872621494 0.08820170106513286 0.20170837452429885 0.17640340213026573
0 0.5170521902278991 0.10315553901185434 0.19347938045579802 0.20631107802370868
0 0.6588032915204933 0.17035769608503595 0.1346482085166878 0.20359452669174574
0 0.578013547946284 0.2041689633852415 0.13327670950527093 0.2082183596955513
0 0.5701904135733343 0.357866966350991 0.14829421444818677 0.2322288626613008
0 0.641107750037181 0.3698457015222434 0.16430121642535306 0.24224053262324477
0 0.682663897261712 0.27581185863260604 0.21861203163466153 0.1586587114824372
0 0.7553082184025195 0.21494334281527525 0.2037165434976597 0.21420837452429894
0 0.7724532505314726 0.36684142384191454 0.16905238342154744 0.24399403361182798
0 0.8310443419382352 0.40279882848081916 0.16210204646340926 0.22655186562705043