0 0.33515625 0.52421875 0.2421875 0.1515625
0 0.49609375 0.66328125 0.23125 0.178125
0 0.6328125 0.621875 0.1890625 0.215625
0 0.81484375 0.725 0.2078125 0.1625
0 0.4578125 0.3546875 0.159375 0.21875
0 0.40546875 0.1265625 0.2390625 0.196875
0 0.53203125 0.05078125 0.2390625 0.1015625
0 0.6265625 0.0765625 0.23125 0.153125
0 0.87109375 0.08046875 0.2046875 0.1609375
0 0.76171875 0.1578125 0.165625 0.196875
0 0.84296875 0.21875 0.184375 0.153125
0 0.92265625 0.296875 0.153125 0.1546875
0 0.95078125 0.38125 0.0984375 0.203125
0 0.93203125 0.49765625 0.1359375 0.1703125
0 0.90390625 0.534375 0.190625 0.178125
0 0.8828125 0.58125 0.234375 0.1609375
0 0.8109375 0.41953125 0.2 0.103125
0 0.76328125 0.50078125 0.2046875 0.1
0 0.5984375 0.4875 0.228125 0.1125
0 0.59609375 0.41015625 0.2375 0.128125
0 0.70234375 0.37890625 0.128125 0.209375
0 0.778125 0.31015625 0.19375 0.178125
0 0.61796875 0.2703125 0.2375 0.13125
0 0.5875 0.2015625 0.21875 0.128125