0 0.5203125 0.634375 0.11875 0.128125
0 0.5171875 0.7140625 0.053125 0.0625
0 0.5703125 0.6796875 0.078125 0.05625
0 0.58984375 0.6171875 0.0625 0.0953125
0 0.5515625 0.64609375 0.04375 0.04375
0 0.58828125 0.5421875 0.128125 0.096875
0 0.59921875 0.48359375 0.071875 0.096875
0 0.5453125 0.509375 0.053125 0.0859375
0 0.5421875 0.446875 0.121875 0.090625
0 0.546875 0.4078125 0.084375 0.06875
0 0.47578125 0.38515625 0.0796875 0.071875
0 0.42421875 0.4546875 0.096875 0.125
0 0.46328125 0.50078125 0.065625 0.14375
0 0.4484375 0.58359375 0.046875 0.0953125
0 0.4640625 0.67421875 0.0703125 0.146875
0 0.50546875 0.55546875 0.06875 0.153125
0 0.415625 0.6796875 0.0875 0.0875
0 0.40859375 0.734375 0.1375 0.065625
0 0.328125 0.65234375 0.0703125 0.125
0 0.334375 0.55859375 0.109375 0.0921875
0 0.40859375 0.5421875 0.06875 0.140625
0 0.359375 0.46953125 0.05625 0.090625
0 0.31328125 0.4953125 0.1 0.1
0 0.3109375 0.446875 0.053125 0.06875
0 0.359375 0.4140625 0.09375 0.06875
0 0.41796875 0.37890625 0.075 0.065625
0 0.28359375 0.60703125 0.0484375 0.1
0 0.62578125 0.6046875 0.04375 0.04375