0 0.653125 0.49375 0.128125 0.1171875
0 0.73203125 0.490625 0.0625 0.0515625
0 0.6984375 0.54296875 0.05625 0.078125
0 0.6359375 0.5625 0.09375 0.0625
0 0.66484375 0.525 0.04375 0.04375
0 0.5609375 0.56171875 0.096875 0.1265625
0 0.503125 0.57265625 0.096875 0.071875
0 0.528125 0.51796875 0.084375 0.053125
0 0.4671875 0.515625 0.090625 0.1203125
0 0.42734375 0.5203125 0.0671875 0.084375
0 0.40546875 0.44921875 0.071875 0.0796875
0 0.47421875 0.3984375 0.1234375 0.096875
0 0.51953125 0.43671875 0.14375 0.065625
0 0.60234375 0.421875 0.09375 0.046875
0 0.6921875 0.4375 0.146875 0.0703125
0 0.575 0.47890625 0.1515625 0.0671875
0 0.6984375 0.38984375 0.0875 0.0875
0 0.75234375 0.38203125 0.065625 0.1375
0 0.6703125 0.303125 0.1234375 0.0703125
0 0.578125 0.309375 0.090625 0.109375
0 0.56171875 0.38203125 0.140625 0.06875
0 0.4890625 0.33359375 0.090625 0.05625
0 0.51484375 0.2875 0.1 0.0984375
0 0.46640625 0.2859375 0.06875 0.0515625
0 0.43359375 0.33359375 0.06875 0.09375
0 0.39921875 0.3921875 0.0640625 0.075
0 0.62578125 0.25859375 0.1 0.046875
0 0.6234375 0.5984375 0.04375 0.04375