1 0.7284679719888741 0.5792191876922217 0.20139082493918145 0.24371755167111128
1 0.422335104895215 0.3378733679724302 0.1871919695529872 0.2199527433504862
1 0.40997950887879464 0.10023312329076375 0.18870901775758925 0.2004662465815275
1 0.6943363281606354 0.09392595906246504 0.2105476563212708 0.18785191812493007
1 0.23743234318775 0.11714655993614564 0.17774424668035033 0.20723453780340292
1 0.8188197403356385 0.395841683608159 0.21223742134838516 0.22834712480937522
1 0.444996941836449 0.6069136554914927 0.1871919695529872 0.2199527433504862
1 0.24109874043383436 0.3444357585493748 0.19035333098930574 0.22627547853284735
1 0.4425769655459665 0.862473324469444 0.21710672852997775 0.25970622758291667
1 0.24346625809322764 0.6170738247537846 0.19829309601642037 0.24833231648875015
1 0.9363067013044187 0.754814680474027 0.1273865973911626 0.22805487765916688
1 0.24810025770044422 0.8763760895714234 0.20918514422102225 0.24077438962701408
1 0.06950904498314808 0.1288685759880555 0.13852721057599682 0.179762848023889
1 0.9100118460164204 0.22260224572850618 0.1481021984757483 0.21435605357097237
1 0.07550101151107322 0.35297822321451383 0.14823855386194268 0.23779355357097237
1 0.8427905889843375 0.8898819711272214 0.20073631908544912 0.13121755167111146
1 0.07860887255460824 0.6185668556233332 0.14531354176169425 0.27209581838861113
1 0.08868435108458592 0.8730543338718402 0.11239195745273882 0.25258209897381967
1 0.7947130571815924 0.023030924393194145 0.17692611436318478 0.04606184878638829
1 0.9803334363754999 0.5709657041253811 0.0393331272490002 0.2072319249618751