1 0.71171875 0.62265625 0.17421875 0.21875
1 0.43984375 0.3390625 0.16328125 0.196875
1 0.459375 0.0953125 0.165625 0.190625
1 0.74296875 0.11484375 0.18515625 0.2078125
1 0.284375 0.09296875 0.15546875 0.1859375
1 0.82421875 0.45390625 0.18828125 0.20234375
1 0.42734375 0.609375 0.16328125 0.196875
1 0.259375 0.31953125 0.16640625 0.20234375
1 0.39296875 0.86328125 0.18828125 0.23515625
1 0.2265625 0.58984375 0.1703125 0.22421875
1 0.921875 0.83046875 0.15546875 0.2078125
1 0.19765625 0.85234375 0.18125 0.22421875
1 0.0953125 0.07890625 0.1625 0.1578125
1 0.93671875 0.2953125 0.1234375 0.196875
1 0.08359375 0.303125 0.1453125 0.21875
1 0.78515625 0.94765625 0.1890625 0.1046875
1 0.06328125 0.56796875 0.1125 0.25703125
1 0.03984375 0.828125 0.0796875 0.25703125
1 0.85234375 0.04609375 0.1671875 0.0921875
1 0.978125 0.653125 0.04375 0.20234375