1 0.29296875 0.61796875 0.178125 0.225
1 0.57265625 0.32578125 0.16875 0.203125
1 0.553125 0.08671875 0.171875 0.1734375
1 0.2640625 0.10078125 0.190625 0.2015625
1 0.73359375 0.084375 0.159375 0.16875
1 0.17734375 0.44375 0.19375 0.2078125
1 0.5859375 0.60390625 0.16875 0.203125
1 0.759375 0.30625 0.171875 0.2078125
1 0.62109375 0.86484375 0.19375 0.240625
1 0.79296875 0.584375 0.175 0.23125
1 0.07890625 0.83046875 0.1578125 0.2140625
1 0.82265625 0.85390625 0.1875 0.23125
1 0.921875 0.0703125 0.15625 0.140625
1 0.06328125 0.28125 0.1265625 0.203125
1 0.9328125 0.28671875 0.134375 0.225
1 0.21640625 0.94921875 0.19375 0.1
1 0.9515625 0.559375 0.096875 0.2640625
1 0.971875 0.82890625 0.05625 0.2640625
1 0.14921875 0.03671875 0.171875 0.071875
1 0.02109375 0.64921875 0.0421875 0.2078125