0 0.6859718709378673 0.5548096669811812 0.10944100405718978 0.18528549620027784
0 0.7296422301112024 0.37230694471659787 0.1304080689919978 0.22325827488562505
0 0.6525206225627203 0.3384936827487505 0.13213421022569988 0.23266964247680563
0 0.5829660531636854 0.290799758736806 0.10968646590774292 0.19934799620027785
0 0.5160825162320544 0.2619103861116324 0.12380351298564349 0.20280030452090295
0 0.45369556452777104 0.2221926162600004 0.1175262394466932 0.20109233415618064
0 0.5985206895261234 0.4660906994662505 0.1510830332781829 0.15501742116215295
0 0.5456917443146618 0.5265547675705212 0.17007849512873605 0.16951633225631965
0 0.4968372329505762 0.5910160046527435 0.16818871266133187 0.150729964665139
0 0.4410605657422918 0.6615635875746532 0.1651182597392326 0.15378222948277784
0 0.3855975442319363 0.7500799204965628 0.18915577759614005 0.18870274335048637
0 0.2549457877391145 0.6470795942241668 0.19039099512873606 0.16998911094166685
0 0.30288268140844854 0.5747876733463544 0.16199325973923262 0.1537094943004167
0 0.35238207507778263 0.5025321200597225 0.16363758035608367 0.15843336189159735
0 0.40881726136079044 0.42497147093340304 0.1539080243497292 0.13790265634451404
0 0.46657916842280506 0.378679005602674 0.14771257142762995 0.1408821859797918