0 0.47265625 0.31328125 0.184375 0.071875
0 0.6765625 0.3109375 0.221875 0.084375
0 0.68984375 0.39921875 0.234375 0.084375
0 0.7203125 0.4828125 0.2 0.0671875
0 0.73125 0.55859375 0.2 0.084375
0 0.75546875 0.63203125 0.2 0.075
0 0.540625 0.42421875 0.1359375 0.13125
0 0.46171875 0.4640625 0.146875 0.146875
0 0.38046875 0.5 0.125 0.1515625
0 0.290625 0.53984375 0.13125 0.146875
0 0.18203125 0.57578125 0.1625 0.1640625
0 0.25234375 0.73515625 0.140625 0.171875
0 0.3421875 0.70390625 0.13125 0.14375
0 0.43203125 0.6703125 0.1359375 0.14375
0 0.5296875 0.63046875 0.1140625 0.1375
0 0.5953125 0.58203125 0.11875 0.13125