0 0.5109375 0.3328125 0.18125 0.0703125
0 0.71015625 0.33046875 0.21875 0.0828125
0 0.7234375 0.4171875 0.228125 0.0828125
0 0.75234375 0.5 0.196875 0.065625
0 0.76328125 0.57421875 0.196875 0.0828125
0 0.7875 0.646875 0.196875 0.075
0 0.57734375 0.4421875 0.1328125 0.128125
0 0.5 0.48125 0.14375 0.14375
0 0.4203125 0.51640625 0.121875 0.1484375
0 0.3328125 0.55546875 0.128125 0.14375
0 0.22578125 0.590625 0.159375 0.1609375
0 0.2953125 0.74765625 0.1375 0.16875
0 0.3828125 0.7171875 0.128125 0.140625
0 0.47109375 0.68359375 0.1328125 0.140625
0 0.56640625 0.64453125 0.1125 0.1375
0 0.63046875 0.596875 0.1171875 0.128125