0 0.6531868885464072 0.4515625 0.11476462903138529 0.1828125
0 0.6172430421848984 0.2671875 0.13682371960192583 0.2203125
0 0.5340666691493692 0.275 0.138822867244561 0.2296875
0 0.4516544294884513 0.26640625 0.11541960049533806 0.196875
0 0.38019680645292203 0.27421875 0.1296276497095497 0.2
0 0.3085765175777925 0.26875 0.12330487510244392 0.1984375
0 0.538454454509842 0.415625 0.1554966368892682 0.1515625
0 0.5159929495474431 0.4953125 0.1749016083532208 0.165625
0 0.4989274199779386 0.5765625 0.1724658130679506 0.146875
0 0.4783366300693518 0.66640625 0.16948636228216235 0.15
0 0.4647942067861536 0.77265625 0.19452490363849115 0.184375
0 0.305911512410506 0.7453125 0.1952141083532209 0.165625
0 0.31858064040843403 0.6578125 0.16636136228216233 0.15
0 0.3328850430134679 0.56875 0.16814218610347992 0.1546875
0 0.35145956865403105 0.471875 0.1578211162111037 0.134375
0 0.38442192597379465 0.4015625 0.15171666542531542 0.1375