0 0.68046875 0.4953125 0.06640625 0.171875
0 0.68203125 0.30546875 0.078125 0.20703125
0 0.6 0.29296875 0.078125 0.2171875
0 0.521875 0.26484375 0.0625 0.18671875
0 0.45078125 0.2546875 0.078125 0.18671875
0 0.38203125 0.23203125 0.0703125 0.18671875
0 0.5765625 0.43203125 0.121875 0.1265625
0 0.5390625 0.5046875 0.1375 0.13671875
0 0.50625 0.58046875 0.14140625 0.11640625
0 0.46875 0.6640625 0.1375 0.12109375
0 0.43515625 0.76484375 0.153125 0.1515625
0 0.2859375 0.69921875 0.1609375 0.13125
0 0.315625 0.61640625 0.13359375 0.12109375
0 0.346875 0.5328125 0.13359375 0.1265625
0 0.384375 0.4421875 0.1296875 0.10625
0 0.4296875 0.38125 0.121875 0.1109375