1 0.36171875 0.8078125 0.190625 0.234375
1 0.70859375 0.45625 0.16875 0.1390625
1 0.08828125 0.640625 0.1625 0.1875
1 0.83046875 0.52734375 0.18125 0.196875
1 0.69453125 0.68359375 0.171875 0.221875
1 0.63046875 0.8890625 0.2 0.2
1 0.2625 0.603125 0.16875 0.1875
1 0.89375 0.36640625 0.165625 0.203125
1 0.50078125 0.61640625 0.184375 0.21875
1 0.96171875 0.67265625 0.0765625 0.209375
1 0.39609375 0.55 0.15625 0.196875
1 0.19609375 0.75 0.1875 0.225
1 0.5625 0.41640625 0.16875 0.203125
1 0.06875 0.48046875 0.1359375 0.196875
1 0.74375 0.36328125 0.159375 0.1515625
1 0.42578125 0.93359375 0.203125 0.13125
1 0.578125 0.48046875 0.1609375 0.1515625
1 0.84296875 0.9140625 0.1984375 0.171875
1 0.6828125 0.5546875 0.1578125 0.1421875
1 0.90625 0.11796875 0.15625 0.1875
1 0.12265625 0.38671875 0.165625 0.2125
1 0.246875 0.33046875 0.1390625 0.18125
1 0.05 0.31640625 0.1 0.1484375
1 0.0453125 0.115625 0.090625 0.175
1 0.2734375 0.2109375 0.140625 0.1390625
1 0.29375 0.16328125 0.1421875 0.16875
1 0.25703125 0.08046875 0.1578125 0.1609375
1 0.415625 0.0515625 0.1625 0.103125
1 0.4265625 0.18046875 0.153125 0.175
1 0.4625 0.340625 0.16875 0.175
1 0.634375 0.23046875 0.153125 0.1609375
1 0.534375 0.1921875 0.146875 0.18125
1 0.64609375 0.1109375 0.1640625 0.171875
1 0.81796875 0.18046875 0.153125 0.175
1 0.884375 0.77109375 0.1875 0.203125
1 0.09140625 0.9609375 0.1828125 0.078125