1 0.6663002543742622 0.7288974006635194 0.2436358893530466 0.2791847839891055
1 0.2725316442216003 0.48449901343652824 0.19750103558899426 0.17985264192396572
1 0.8923374668452826 0.4990601692911324 0.17903487847863175 0.22398207352223148
1 0.16558662444993683 0.5842553607068703 0.22329421444818678 0.2390302208490434
1 0.32308876524867713 0.6974470634929981 0.22268671939110263 0.26237671558737147
1 0.4190830616749053 0.866440716222656 0.2415348784786316 0.2276222839891055
1 0.7290562168452827 0.5085702191358406 0.21034854547482595 0.2273646787556686
1 0.09078021441100573 0.44665592114550945 0.18156042882201145 0.2410631577089811
1 0.5000107039937014 0.5827034820782587 0.23356055239490825 0.26145125241907435
1 0.06206830604632359 0.7581394527155405 0.12413661209264717 0.22603042093374803
1 0.5909805552862957 0.4924509374246352 0.19966571345960366 0.23297764192396553
1 0.8176173566554397 0.6304536534355296 0.23700388737588013 0.2694457629424182
1 0.40658299205415355 0.408104571456093 0.21248404844057553 0.24151818401734032
1 0.897205333460916 0.34133867455280426 0.17916221247102015 0.22710707352223158
1 0.22199974501990308 0.4048261949642071 0.19163303756616062 0.1888636208772782
1 0.6263543922072529 0.8676182664203 0.2306318705699663 0.18957625241907436
1 0.4031277282139891 0.473775074086929 0.19325920456235507 0.19051712613895014
1 0.21899021977385108 0.9186233844549807 0.2319741946765233 0.14600826294241784
1 0.3134020419404228 0.5717491134788806 0.18656353558899424 0.17921560509226264
1 0.0610529051331963 0.2119392869022901 0.1221058102663926 0.21987142619541977
1 0.828545516768733 0.2666186665897093 0.21286605041774181 0.2508931840173404
1 0.6992546061983292 0.24531135593930867 0.17858920950527093 0.21304457352223158
1 0.8913585345632299 0.178785466646179 0.13949753460041095 0.17179794724210717
1 0.8613884861598355 0.04232765301200664 0.13347302768032882 0.08465530602401328
1 0.6529618794300338 0.13811277694364377 0.17068386760421675 0.17205555247554413
1 0.6249933883272824 0.09896333183826234 0.17807987353571572 0.19792666367652467
1 0.6463537351712524 0.054113563422410874 0.19166752965749528 0.10822712684482175
1 0.4889869041446131 0.047680823875167394 0.1845261917107738 0.09536164775033479
1 0.5005226289357422 0.14932953995664905 0.19246070851668762 0.20917612087727816
1 0.49162117832771984 0.3104035478491568 0.20508804250907656 0.21302916297065294
1 0.30698619315646747 0.2510116792497787 0.1872638725471326 0.19640310509226264
1 0.3968418720156599 0.18810288459615515 0.1849028765014653 0.214971094568919
1 0.27566455038056087 0.13982355026823123 0.2018357085166877 0.20972215244730927
1 0.1207131121298282 0.25094930801956467 0.1908982085166877 0.2090851156156063
1 0.15324715604741737 0.8297043685993781 0.2314250494291587 0.24729774715740263
1 0.9109177346025987 0.8081775640576954 0.11271485870696836 0.12659186305535747