1 0.7146267390302652 0.7467142322194331 0.2288907191310198 0.26568372611071495
1 0.3183128245126582 0.46653026343652826 0.1894387155129751 0.16680661035393451
1 0.9276181462002413 0.5357789192911324 0.14476370759951748 0.2130445735222315
1 0.21257848088966483 0.5573211343843937 0.21121854025277598 0.22571117349399686
1 0.3705248569635181 0.6852578766330601 0.20775934757972223 0.2488756577089813
1 0.46715195273421806 0.8692695846102726 0.2298866530976463 0.2252407366340588
1 0.776146335932619 0.5299824875516921 0.19814533016686758 0.21404563140062188
1 0.12264512041964375 0.4113176606221657 0.19740170171816523 0.22957962613895008
1 0.5470663455435574 0.5848575162791259 0.21861496042459247 0.24795019454068418
1 0.1044837771353346 0.7226947763789464 0.12067542740790578 0.2219953683170294
1 0.6375441813646348 0.5020079479479789 0.18605476594251655 0.2211300893072472
1 0.8660830184289073 0.6610967086830841 0.22363000904511168 0.2544732103256996
1 0.4528239433504222 0.4014905504094056 0.1989642017181652 0.22967063140062188
1 0.9296714294998415 0.3776479008752809 0.14065714100031707 0.21691302616718486
1 0.2676333938253921 0.38171491865584783 0.18219942559888347 0.17728908404557514
1 0.6754933972162942 0.8822113874387526 0.22405937697836437 0.1734962261107153
1 0.4492319538658719 0.4675250740869289 0.18376192559888338 0.17738008930724708
1 0.26570563941437797 0.913131518627613 0.2234042797373265 0.16099622611071496
1 0.35990386024287846 0.5573603897872399 0.178583102668105 0.16773207352223168
1 0.08273169210722683 0.1730665027014231 0.15743844301173798 0.2101169945971538
1 0.87438800486124 0.2962228666038267 0.1994555246489437 0.23904563140062188
1 0.7449151888278664 0.26301479543008244 0.16796650723608925 0.2029415314288568
1 0.9357930760965676 0.21344889298277314 0.12841384780686482 0.16491091041040423
1 0.9073421884891821 0.05585182671776483 0.12405937697836436 0.11170365343552965
1 0.6983533700809594 0.15209968223355047 0.16271244120271575 0.16213452090551303
1 0.6701973925821967 0.108288769051136 0.16887390999505136 0.1905325366905286
1 0.6922118334462282 0.05748148712816905 0.18129866689245625 0.1149629742563381
1 0.534197937584671 0.043281750211761505 0.1777708751693421 0.08656350042352301
1 0.5453954664174863 0.14925394524655577 0.18178334577069996 0.1990730787839034
1 0.5366423433958507 0.3111925031249461 0.19436523292582972 0.20136362087727822
1 0.35162885628614954 0.2349848608480447 0.17792136137453216 0.18482856826055974
1 0.4411959673219975 0.17961555040940558 0.17421650723608922 0.20330555247554413
1 0.32056920680654793 0.12081594503479427 0.19099457146044047 0.19649411035393446
1 0.1650395810713789 0.2184252343561588 0.18013895861557022 0.19741957352223158
1 0.20113412708990613 0.8024817159403073 0.2177960888732951 0.23232519454068418
1 0.9528239433504222 0.8512751166744138 0.0943521132991556 0.11278696828879467