0 0.125 0.7890625 0.25 0.2984375
0 0.43359375 0.84140625 0.659375 0.3171875
0 0.69453125 0.86171875 0.41875 0.2765625
0 0.8140625 0.68125 0.371875 0.38125
0 0.83359375 0.2546875 0.33125 0.24375
0 0.334375 0.31875 0.66875 0.446875
0 0.63203125 0.05859375 0.528125 0.1171875
0 0.87890625 0.09609375 0.2421875 0.1921875
1 0.1625 0.65078125 0.2625 0.1875
1 0.340625 0.69140625 0.21875 0.19375
1 0.2015625 0.84453125 0.2625 0.2078125
1 0.07109375 0.94609375 0.1421875 0.10625
1 0.2296875 0.128125 0.3734375 0.25625
1 0.06796875 0.228125 0.1359375 0.265625
1 0.61015625 0.10078125 0.2578125 0.2015625
1 0.4140625 0.05390625 0.221875 0.10625
1 0.8 0.07109375 0.159375 0.1421875
1 0.7265625 0.32734375 0.315625 0.39375
1 0.61328125 0.63203125 0.2109375 0.2375
0 0.91484375 0.51328125 0.16875 0.2171875
1 0.4359375 0.51796875 0.3171875 0.265625
1 0.8921875 0.8578125 0.13125 0.1328125
0 0.946875 0.9578125 0.10625 0.084375