0 0.7828125 0.846875 0.271875 0.30625
0 0.84296875 0.5265625 0.3140625 0.60390625
0 0.86171875 0.2875 0.27578125 0.38359375
0 0.684375 0.1734375 0.35 0.346875
0 0.29453125 0.15546875 0.22265625 0.3109375
0 0.35390625 0.628125 0.4078125 0.634375
0 0.084375 0.34375 0.16875 0.48359375
0 0.11875 0.1140625 0.2375 0.228125
1 0.65703125 0.77421875 0.1703125 0.24140625
1 0.69375 0.6109375 0.178125 0.19921875
1 0.834375 0.73828125 0.1890625 0.240625
1 0.9390625 0.89609375 0.121875 0.20703125
1 0.14765625 0.71328125 0.2953125 0.3421875
1 0.2703125 0.9 0.24375 0.2
1 0.14765625 0.36484375 0.1953125 0.23671875
1 0.0796875 0.54453125 0.159375 0.20234375
1 0.09609375 0.190625 0.1921875 0.14609375
1 0.3609375 0.25703125 0.36015625 0.28984375
1 0.63984375 0.36171875 0.21796875 0.19375
0 0.53125 0.08125 0.1984375 0.1625
1 0.53515625 0.5234375 0.24375 0.290625
1 0.846875 0.10546875 0.12109375 0.1203125
0 0.95 0.05234375 0.1 0.10390625