1 0.7448144885423693 0.928135564752198 0.284776084022908 0.1437288704956039
1 0.4570604972151873 0.8767747001137307 0.3030181013685439 0.24645059977253858
1 0.1944065032225051 0.820836423421985 0.283814662714816 0.35832715315603
1 0.412976331914413 0.6475951719762912 0.27767375071608863 0.37520422433401845
1 0.6507661385662319 0.7667112223940331 0.27907261871417965 0.36120539133021284
1 0.8957962805538233 0.8479307530029306 0.17736466804581602 0.3041384939941388
1 0.8495319972549581 0.6122332639145265 0.2916998880489977 0.37265222729976805
1 0.6118058252705483 0.4876484634967847 0.2805442120464523 0.35345655832640727
1 0.40245010128900205 0.34311591901054184 0.28203398671227065 0.3472702253226017
1 0.8199557746260474 0.3327712569944443 0.305489668045816 0.34978773026551757
1 0.6262159599777283 0.18965663247014536 0.2850680800445435 0.33958505931499045
1 0.34156878731700074 0.13428740566466893 0.3012374253659985 0.2527853962731288
1 0.12214717266072754 0.28315469269935695 0.24429434532145508 0.3911820514063251
1 0.06127221264322835 0.5369535133458728 0.1225444252864567 0.3832820266917457
1 0.06413248862191115 0.825425764334456 0.1282649772438223 0.3321015286689121
1 0.8924136719844098 0.15126127182319193 0.214954480028635 0.21959621148243724
1 0.19321890993000324 0.5237425420147849 0.2995305693825432 0.37453306228073996
1 0.08189434265595504 0.08228060079830275 0.14558631468808994 0.16366986364988403