1 0.9390625 0.2109375 0.121875 0.3078125
1 0.89453125 0.5375 0.2109375 0.325
1 0.84140625 0.834375 0.3171875 0.3
1 0.66015625 0.5984375 0.396875 0.2921875
1 0.77421875 0.32734375 0.38125 0.29375
1 0.840625 0.06953125 0.31875 0.1359375
1 0.58359375 0.13359375 0.3921875 0.265625
1 0.46484375 0.38515625 0.371875 0.296875
1 0.321875 0.6265625 0.365625 0.2984375
1 0.275 0.16171875 0.365625 0.321875
1 0.15546875 0.38359375 0.3109375 0.303125
1 0.11171875 0.7046875 0.2234375 0.325
1 0.278125 0.9078125 0.4171875 0.184375
1 0.56875 0.96875 0.41875 0.0625
1 0.8546875 0.95703125 0.290625 0.0859375
1 0.08984375 0.1015625 0.1796875 0.203125
1 0.53984375 0.84609375 0.3953125 0.3078125
1 0.071875 0.96015625 0.14375 0.0796875