1 0.91640625 0.76640625 0.1671875 0.2890625
1 0.875 0.46015625 0.25 0.3046875
1 0.82578125 0.18203125 0.3484375 0.28125
1 0.6296875 0.403125 0.3734375 0.275
1 0.73671875 0.6578125 0.359375 0.2765625
1 0.825 0.91796875 0.35 0.1640625
1 0.55703125 0.85703125 0.36875 0.2859375
1 0.44609375 0.603125 0.35 0.278125
1 0.31171875 0.3765625 0.34375 0.2796875
1 0.26796875 0.8140625 0.34375 0.303125
1 0.15078125 0.6046875 0.3015625 0.284375
1 0.109375 0.30234375 0.21875 0.3046875
1 0.27109375 0.09921875 0.390625 0.1984375
1 0.54296875 0.0421875 0.3921875 0.084375
1 0.8375 0.053125 0.325 0.10625
1 0.0890625 0.88671875 0.178125 0.2265625
1 0.5171875 0.1671875 0.3703125 0.296875
1 0.07265625 0.05078125 0.1453125 0.1015625