1 0.74296875 0.4109375 0.440625 0.271875
1 0.50390625 0.603125 0.4265625 0.278125
1 0.7484375 0.26484375 0.4265625 0.20625
1 0.74609375 0.14765625 0.43125 0.221875
1 0.9640625 0.1546875 0.071875 0.2515625
1 0.95859375 0.4078125 0.0828125 0.25625
1 0.9265625 0.628125 0.146875 0.2828125
1 0.815625 0.72265625 0.35625 0.2796875
1 0.3734375 0.0703125 0.240625 0.1
1 0.33671875 0.171875 0.428125 0.215625
1 0.40078125 0.38671875 0.359375 0.2625
1 0.1734375 0.67109375 0.334375 0.259375
1 0.234375 0.56171875 0.234375 0.1546875
1 0.1140625 0.42265625 0.228125 0.2875
1 0.096875 0.21328125 0.19375 0.2609375
1 0.12890625 0.084375 0.2578125 0.10625
1 0.35390625 0.828125 0.396875 0.240625
1 0.61171875 0.875 0.3453125 0.16875
1 0.1015625 0.90859375 0.203125 0.109375
1 0.05 0.8 0.1 0.2359375
1 0.01640625 0.553125 0.0328125 0.221875
1 0.6203125 0.77578125 0.1984375 0.1796875
1 0.78828125 0.56640625 0.21875 0.15
1 0.87109375 0.87421875 0.2578125 0.1890625