1 0.5796875 0.74140625 0.2546875 0.41328125
1 0.3984375 0.5171875 0.259375 0.39921875
1 0.715625 0.74609375 0.19296875 0.39921875
1 0.82578125 0.74375 0.20859375 0.40390625
1 0.81953125 0.95703125 0.2359375 0.0859375
1 0.5828125 0.95234375 0.240625 0.0953125
1 0.37578125 0.921875 0.26484375 0.15625
1 0.2875 0.80859375 0.2625 0.33359375
1 0.8984375 0.39453125 0.09375 0.2265625
1 0.803125 0.36015625 0.2015625 0.40078125
1 0.6015625 0.4203125 0.2453125 0.33671875
1 0.33515625 0.2078125 0.2421875 0.31328125
1 0.4375 0.2640625 0.14375 0.2203125
1 0.56875 0.1296875 0.26875 0.25859375
1 0.76484375 0.11328125 0.24453125 0.2265625
1 0.88671875 0.14375 0.1 0.28671875
1 0.18828125 0.3765625 0.22421875 0.37109375
1 0.14453125 0.61796875 0.15859375 0.32265625
1 0.1125 0.128125 0.10234375 0.2171875
1 0.215625 0.06953125 0.22109375 0.1390625
1 0.446875 0.03828125 0.20703125 0.0765625
1 0.2375 0.62578125 0.16875 0.1859375
1 0.43359375 0.7828125 0.13984375 0.2046875
1 0.14609375 0.8703125 0.17734375 0.25859375