1 0.43671875 0.74140625 0.26875 0.4359375
1 0.62734375 0.50546875 0.275 0.421875
1 0.29296875 0.746875 0.203125 0.421875
1 0.1765625 0.74453125 0.2203125 0.425
1 0.184375 0.96171875 0.25 0.0765625
1 0.43359375 0.95703125 0.253125 0.084375
1 0.6515625 0.925 0.2796875 0.15
1 0.74453125 0.81328125 0.2765625 0.353125
1 0.1 0.3765625 0.1 0.2375
1 0.20078125 0.340625 0.2125 0.421875
1 0.41328125 0.40390625 0.259375 0.35625
1 0.69375 0.17890625 0.25625 0.33125
1 0.5859375 0.2390625 0.1515625 0.23125
1 0.44921875 0.11640625 0.2828125 0.2328125
1 0.2421875 0.09921875 0.259375 0.1984375
1 0.1140625 0.13125 0.10625 0.2625
1 0.84921875 0.3578125 0.2375 0.390625
1 0.89609375 0.61171875 0.16875 0.340625
1 0.92890625 0.1046875 0.109375 0.209375
1 0.821875 0.053125 0.234375 0.10625
1 0.5765625 0.0203125 0.21875 0.040625
1 0.79765625 0.6203125 0.178125 0.196875
1 0.590625 0.7859375 0.146875 0.215625
1 0.8953125 0.8703125 0.1875 0.259375