0 0.2757235596630977 0.5735051896964263 0.06307274431795715 0.03535917984777566
0 0.3004138681050841 0.6349546842592189 0.07088524431795715 0.03567751482874755
0 0.32665481412732456 0.5628422623201086 0.061673885551659244 0.04467051285158128
0 0.3187274914818786 0.6591906803048863 0.07255683847375849 0.0419911818249421
0 0.27986558888409085 0.6045641887078432 0.06463524431795716 0.035422846843970034
0 0.3553195564166868 0.6202263393924152 0.0490920649348082 0.03947367688202626
0 0.33940423011779297 0.5927698428524563 0.05528751785690744 0.036603344866803764
0 0.3455257707028719 0.6893265078714844 0.06479888555165925 0.044797846843970035
0 0.7396342808491416 0.6974693413324005 0.08204093262955983 0.04862318380210837
0 0.8197990677807725 0.6668785745264866 0.060193206168510115 0.049294345855386903
0 0.8751547694850558 0.6263689796596829 0.07244774431795734 0.035741181824942105
0 0.8147939679429284 0.6405389090131669 0.07104888555165907 0.045052514828747545
0 0.7553371473260773 0.6476457548685538 0.050763659090609536 0.045787343878220456
0 0.7203172650208289 0.6412657622829275 0.050790932629560005 0.04734984387822046
0 0.7394490945661337 0.6186267583285948 0.07557274431795716 0.03586851581733086
0 0.8975576493546722 0.5505094752110585 0.06784206493480838 0.04023768083635879
0 0.8707320965947286 0.5219361476444604 0.07088524431795733 0.03567751482874755
0 0.8294076672115797 0.5189358230436117 0.07236592370110628 0.031053681824941927
0 0.8228031112052253 0.5395029910283894 0.06466251785690744 0.036985346843970035
0 0.8115928758157217 0.5555736600017501 0.0647716120127086 0.043235346843970034
0 0.37753942979348143 0.6443031679475965 0.06778751785690744 0.03711268083635879
0 0.39427691640080076 0.6693840809894582 0.058412517856907445 0.036730678859192525
0 0.3706639127473528 0.5462158364266656 0.06307274431795715 0.03535917984777566
0 0.38338605519887087 0.5777059169590133 0.050490923701106104 0.030162343878220456
0 0.4040025182672398 0.604190162510389 0.055232970779006865 0.03347834486680377
0 0.4245780710271834 0.6330181580617648 0.05372501785690744 0.03653967787060921
0 0.44371385471240343 0.6548785706093349 0.06156479139585791 0.03842051285158128