0 0.2519377204898162 0.5824250212453939 0.06397396879233552 0.02994356426490725
0 0.27049629070706127 0.6463427687381115 0.07030585594746527 0.03168792069139794
0 0.3030465191103352 0.5776526047106311 0.06150406603337348 0.04235263605166182
0 0.2871139026474203 0.6726468559642723 0.0721959045679843 0.03798338479802066
0 0.25342497738722114 0.6137659494586394 0.06405585594746528 0.03150606426490725
0 0.32645636363783975 0.6385817445232167 0.048676517412854545 0.03573892319868044
0 0.31312752600774013 0.6092435855103012 0.05476274310259503 0.03279577962517131
0 0.3111755223896956 0.7062095137235466 0.06446529172311397 0.03931856426490725
0 0.7010292384684976 0.7621522544858396 0.08181656603337348 0.04294366943775678
0 0.783466602217879 0.741860138030219 0.058542840343632996 0.045386707838416564
0 0.8415590632082985 0.7083405958686354 0.07343085594746554 0.0317788489046432
0 0.7809524338550847 0.7151839777636623 0.07071529172311415 0.03950042069139794
0 0.721495546699955 0.7150188417120004 0.05056656603337366 0.04203438730530316
0 0.6868715632082985 0.70383964931299 0.050730340343633176 0.04515938730530315
0 0.7082485962249851 0.6841181826990848 0.07647396879233562 0.03030727711788863
0 0.8704487030769616 0.6348492715745984 0.06742651741285463 0.036284492478152686
0 0.8463051961795568 0.602849113815324 0.07030585594746555 0.03168792069139812
0 0.8060077448000756 0.5954170470431344 0.0716226944820761 0.02704588479802066
0 0.7979529053609538 0.6147437085633324 0.06413774310259512 0.03306856426490725
0 0.7846749773872211 0.6292237457103509 0.06446529172311415 0.03931856426490725
0 0.34619897557819884 0.6649767599626228 0.06726274310259503 0.03315949247815268
0 0.361213143940993 0.692016633082161 0.057887743102595035 0.03288670783841656
0 0.34823286635137324 0.5664483317493775 0.06405585594746528 0.03150606426490725
0 0.35823198609364837 0.5996018125490477 0.049747694482076096 0.026409387305303157
0 0.37628926730131285 0.6282951138818311 0.05459896879233561 0.029670779625171128
0 0.39422371777628273 0.6593321652146147 0.05320024310259512 0.03275031551854859
0 0.4109232168717716 0.6840737524407755 0.0610946302577247 0.03454013605166182