0 0.28203125 0.57421875 0.06171875 0.02890625
0 0.30390625 0.6375 0.06875 0.0296875
0 0.3328125 0.56796875 0.05859375 0.03984375
0 0.321875 0.66328125 0.0703125 0.0359375
0 0.28515625 0.60546875 0.0625 0.0296875
0 0.359375 0.628125 0.046875 0.034375
0 0.34453125 0.59921875 0.053125 0.03125
0 0.34765625 0.69609375 0.0625 0.03828125
0 0.73984375 0.740625 0.0796875 0.04140625
0 0.82109375 0.71796875 0.05703125 0.04453125
0 0.87734375 0.6828125 0.07109375 0.0296875
0 0.8171875 0.69140625 0.06875 0.03828125
0 0.7578125 0.69296875 0.0484375 0.04140625
0 0.72265625 0.6828125 0.0484375 0.04296875
0 0.74296875 0.6625 0.07421875 0.02890625
0 0.90234375 0.60859375 0.065625 0.034375
0 0.8765625 0.57734375 0.06875 0.0296875
0 0.8359375 0.57109375 0.0703125 0.02421875
0 0.82890625 0.590625 0.0625 0.03125
0 0.81640625 0.60546875 0.06171875 0.0375
0 0.38046875 0.65390625 0.065625 0.03125
0 0.396875 0.68046875 0.05703125 0.03125
0 0.37734375 0.55546875 0.06171875 0.0296875
0 0.3890625 0.58828125 0.0484375 0.02578125
0 0.40859375 0.61640625 0.053125 0.02890625
0 0.428125 0.646875 0.0515625 0.03125
0 0.44609375 0.67109375 0.05859375 0.0328125