0 0.2546875 0.58671875 0.0640625 0.0296875
0 0.27734375 0.653125 0.071875 0.03125
0 0.3078125 0.5796875 0.0609375 0.040625
0 0.29609375 0.6796875 0.0734375 0.0375
0 0.2578125 0.61953125 0.065625 0.03125
0 0.33515625 0.6421875 0.05 0.0359375
0 0.31953125 0.6125 0.05625 0.0328125
0 0.3234375 0.7140625 0.065625 0.040625
0 0.7328125 0.76015625 0.084375 0.04375
0 0.81796875 0.73671875 0.059375 0.046875
0 0.87578125 0.7 0.075 0.03125
0 0.81328125 0.70859375 0.071875 0.040625
0 0.7515625 0.71015625 0.05 0.04375
0 0.71484375 0.7 0.05 0.04375
0 0.7359375 0.678125 0.078125 0.0296875
0 0.90234375 0.62265625 0.06875 0.0359375
0 0.875 0.58984375 0.071875 0.03125
0 0.8328125 0.5828125 0.0734375 0.025
0 0.82578125 0.60390625 0.065625 0.0328125
0 0.8125 0.61953125 0.0640625 0.0390625
0 0.3578125 0.66953125 0.06875 0.0328125
0 0.375 0.69765625 0.059375 0.0328125
0 0.35390625 0.5671875 0.0640625 0.03125
0 0.36640625 0.6015625 0.05 0.0265625
0 0.38671875 0.63046875 0.05625 0.0296875
0 0.40703125 0.6625 0.053125 0.0328125
0 0.425 0.6875 0.0609375 0.034375