1 0.46773565934064515 0.33952558662472254 0.10607143992586625 0.0867752610179167
1 0.3977034123358701 0.3012066626127781 0.0935168762235353 0.08492182028847228
1 0.33954617195451686 0.31234287794350724 0.0802529843909034 0.06275587955902787
1 0.2807887308475243 0.3062915932742364 0.08554068511654282 0.0800524823325695
1 0.32553080117327715 0.35807295203170164 0.1004563569862416 0.060103658244375066
1 0.42223467558271394 0.4001351250937156 0.1056349303072194 0.0742752610179167
1 0.3746255548014742 0.44508329597152807 0.10648810217691826 0.05399912860909737
1 0.32722227594553366 0.4065104520317016 0.11435516587924913 0.055743466564999976
1 0.2767510499921507 0.43656032152274327 0.07767362141421189 0.07830814437666671
1 0.20845491777816566 0.42560333130638905 0.10974207694917473 0.10247299620027786
1 0.2481696930059091 0.3781295724726738 0.10234623920022683 0.06951502583555555
1 0.23371532340579568 0.34422669794763905 0.08801092068857255 0.06137521751493065
1 0.2011657182336526 0.3286374123284377 0.09658731252120445 0.08343205547083343
1 0.14926591233587003 0.2954242156150696 0.10105655771188111 0.07729115824437507
1 0.07737355416850203 0.3156081226251737 0.09022818511654278 0.08016158510611113
1 0.05532742857793884 0.35490635875746535 0.0754017932839108 0.05795927678548622
1 0.05345739373154853 0.39077112357510424 0.07427580290255767 0.07042290919430565
1 0.1355704892850448 0.3950241721120834 0.10812501324684391 0.10087412860909736
1 0.11373020561978087 0.3508013934267362 0.08957342068857255 0.06141158510611113
1 0.03297871342432916 0.3184778962765278 0.03187004809323424 0.06319098423243057
1 0.05582099109914335 0.4361018073706945 0.08008929328391082 0.05806837955902786
1 0.0494271473597456 0.47654496941479163 0.06938989546082905 0.10933993882958326
1 0.09572922848527161 0.4612297471502084 0.08090774881887364 0.08150587955902786
1 0.0831325139646341 0.5475848212384028 0.11928076805616734 0.1073787017473613
1 0.15304322068072332 0.4930077304327085 0.12342263103285878 0.09186280452090294
1 0.14827138592700023 0.4234219290459376 0.04820437622353535 0.08386716014423623
1 0.17810027358328095 0.5622850605048265 0.1236408858421822 0.09811280452090294
1 0.13650553982534977 0.6229855179517709 0.07843751324684392 0.1001831443766669
1 0.0757044490811769 0.6254734318957291 0.11125001324684392 0.10094686379145834
1 0.08945197975121597 0.7061967550339932 0.13372521397248333 0.11864351006798621
1 0.07324911559339818 0.8010546601442361 0.09509922359113017 0.1302343202884721
1 0.13715784817020302 0.8204962975870487 0.12974704210278443 0.13884690729444457
1 0.24041925742603015 0.8268028086049656 0.12273315027015244 0.11682643692972228
1 0.23367569490482568 0.7454618896270141 0.13178076805616729 0.10766964247680573
1 0.16327142566753197 0.7188435318194794 0.12267858656782167 0.11526393692972228
1 0.21636665461613971 0.6521658313063889 0.13161707694917482 0.10298214247680555
1 0.30977191423478656 0.6668297029816321 0.13000001324684388 0.10138327488562507
1 0.3050323397326825 0.7322910488213197 0.10618056733052797 0.0899002610179167
1 0.3431796696770822 0.7964087534184726 0.13928573320977708 0.14375261284152785
1 0.4436508956304651 0.7675226468452087 0.13087303248413776 0.12638327488562523
1 0.39202141904411 0.6749890015186114 0.11826390507947586 0.12296733415618064
1 0.48283739200226794 0.6825670718070838 0.1399752139724832 0.11878898043270851
1 0.328846807248545 0.6095081654625696 0.10371033175849824 0.10857752583555573
1 0.2595511702252364 0.5922829914506252 0.11944445916315996 0.1120662017473613
1 0.29882943583433297 0.53230923261691 0.10182044954451311 0.09916615824437507
1 0.23273072068072329 0.49486247758291685 0.08517858656782167 0.11439111474138901
1 0.3350471888295579 0.4964633048052433 0.12433036660488846 0.07314917211208342
1 0.3444668288480913 0.4756059441479169 0.10963294954451311 0.09934799620027786
1 0.4116369706807233 0.4990265667730906 0.07923612141421188 0.0783445119678472
1 0.36769848692279206 0.5596724728332643 0.07838294954451311 0.09862064437666689
1 0.4232317243089204 0.5851640885245837 0.10220239546082902 0.11010365824437507
1 0.3738890110542272 0.9157770024685419 0.15447422359113014 0.13161628875333342
1 0.6302977237607662 0.792162890195695 0.12731152286549072 0.11381053970326391
1 0.5368751059747513 0.7993558347248616 0.12963791469812272 0.13572190729444458
1 0.6719444989036917 0.41999825588701445 0.09211806733052796 0.08957295269729179
1 0.5867609670525262 0.41723497216767413 0.11243056733052796 0.09004573138263901
1 0.5160714995366639 0.5389268277910073 0.0994940577118811 0.0772547906531944
1 0.6097024484482046 0.5153458170574311 0.10349207694917481 0.10232752583555574
1 0.5784871647829408 0.4709048328250004 0.10461806733052796 0.08986389342673604
1 0.5038418288480913 0.4793154384483337 0.10817957694917482 0.10243662860909737