1 0.4422545097034648 0.32748072862975663 0.10936013103285877 0.09153549620027786
1 0.36716274046617114 0.30420818921083304 0.09680556733052796 0.08968205547083344
1 0.3116766322988031 0.32739242249333306 0.08354167549789597 0.06751611474138901
1 0.2540005415546303 0.3326442733670137 0.08877481252120453 0.08325021751493064
1 0.30552832521989426 0.37523051044923583 0.10218254809323427 0.06482752583555573
1 0.4071553126060225 0.39710355081808996 0.10892362141421189 0.07903549620027786
1 0.36763151033643704 0.4519735419843746 0.10983135698624169 0.06032186379145834
1 0.31500501814098536 0.4227049224933331 0.11764385698624169 0.060503701747361305
1 0.2702753606992568 0.46284026643315956 0.0809077488188736 0.08150587955902786
1 0.20157992440158762 0.46600294044510393 0.11459326805616732 0.10726959897381967
1 0.23326394482000765 0.4105335372347221 0.1056349303072194 0.0742752610179167
1 0.21342267077339053 0.3797199483288887 0.08968254809323425 0.06453658510611113
1 0.1795015385594054 0.37112685153927066 0.09987600362819707 0.08819229065319459
1 0.12321433302444255 0.34898040102618044 0.10434524881887364 0.08205139342673622
1 0.05711810707105967 0.3817942074469444 0.09033731252120451 0.08328658510611113
1 0.04692714073632363 0.42581696438079863 0.06613592068857252 0.06086607123840278
1 0.04896335588993332 0.4617362805852084 0.06813493030721937 0.07340243882958326
1 0.1251984736759482 0.450579268617361 0.11141370435383649 0.10563436379145838
1 0.09721731741534594 0.4105725176674305 0.09124504809323422 0.06457295269729176
1 0.021589834838541096 0.39434941204409724 0.01786211179556509 0.06442617591180558
1 0.05523320325752814 0.5069396778116666 0.07707342068857252 0.06112064437666671
1 0.05355414136929583 0.5484186629940278 0.07262402286549077 0.11253767401194459
1 0.096485685834333 0.5239628704409721 0.08575893992586621 0.0863024823325695
1 0.0979787531648609 0.6114992380321527 0.12418652286549077 0.11373780452090294
1 0.15815979581579953 0.5436382843849304 0.12827382213985133 0.09665940729444458
1 0.14250502476440732 0.47597865890996516 0.05294643992586621 0.08553876291777787
1 0.19401793946253004 0.6077001311745485 0.12854664065150567 0.10447190729444458
1 0.1620164605139223 0.6764689681805207 0.08323414065150563 0.10341724715020853
1 0.09841775198373456 0.6912412894189235 0.1254762043538365 0.10596167211208343
1 0.12768115524911192 0.7679667903688541 0.14175596878180677 0.1250753480238888
1 0.11942720034712126 0.8674582973027082 0.12187997840045361 0.13710256933854187
1 0.1938642051564447 0.8719808367216318 0.13616073320977704 0.14367987765916687
1 0.29577144553779783 0.8570987594993053 0.12763890507947587 0.123185539703264
1 0.27658244671892424 0.7777931192067011 0.13663195916315996 0.11246624525034718
1 0.2034351233979465 0.765421712196597 0.12914684137714508 0.12165940729444458
1 0.24453878383490002 0.6886221696435415 0.13652283175849822 0.10934124525034736
1 0.3382069382814037 0.684096364172708 0.1349057680561673 0.1077423776591667
1 0.3436236137792997 0.7496486289903469 0.11103175843752044 0.09469686379145834
1 0.39170893891437586 0.8056070350505206 0.1457539880191005 0.15014808320625014
1 0.4853845278444502 0.7565136119885065 0.135778787293461 0.1327423776591667
1 0.4200199334720803 0.6759370656357289 0.12467759618646852 0.12780030452090294
1 0.5103175512580952 0.6644527453472565 0.14488096878180662 0.12514808320625015
1 0.34782498574166576 0.6236673572388539 0.10856152286549073 0.11337412860909737
1 0.2773487946346732 0.620616398841979 0.12585815027015243 0.11689917211208342
1 0.3070610872856118 0.5534646132227776 0.10667164065150558 0.10396276101791671
1 0.2366295361971527 0.5293017210303124 0.08997521397248329 0.11762521751493064
1 0.33681058547151327 0.5097685113991665 0.12611112141421196 0.07943553970326392
1 0.3422966936388813 0.48774804103444414 0.11448414065150558 0.10414459897381967
1 0.41142863955519726 0.4970853670224997 0.08408731252120454 0.08314111474138883
1 0.3786459106065895 0.5658723878240621 0.08317957694917473 0.10185474715020852
1 0.436222797629898 0.5801699707459719 0.10861608656782162 0.11493662860909737
1 0.44097730733336293 0.9178336249062845 0.16094247840045367 0.13801175911805572
1 0.6718031774816305 0.7435739348424301 0.13221727767481414 0.12016964247680555
1 0.5812426648677588 0.7699201889264925 0.13610616950744614 0.14211737765916688
1 0.6539385433687288 0.3663392876159717 0.09535219473518967 0.09277068787965286
1 0.5700000529873757 0.3808031375397217 0.11577382213985139 0.09636846656500006
1 0.5207589995366638 0.5156515694354511 0.10278274881887359 0.08201502583555573
1 0.608430125127227 0.47373486673815923 0.10834326805616748 0.10712412860909737
1 0.5711285325689557 0.43550882133531205 0.10946925843752045 0.09466049620027786
1 0.4992361744015875 0.4590749143252079 0.11303076805616748 0.107233231382639