0 0.68828125 0.46171875 0.10625 0.146875
0 0.83671875 0.58125 0.065625 0.1359375
0 0.56640625 0.4359375 0.096875 0.140625
0 0.5421875 0.52734375 0.0984375 0.1578125
0 0.7 0.82109375 0.059375 0.1125
0 0.58125 0.3484375 0.103125 0.15625
0 0.61875 0.721875 0.0984375 0.13125
0 0.5171875 0.61015625 0.0890625 0.1578125
0 0.7875 0.4390625 0.078125 0.084375
0 0.74609375 0.35703125 0.10625 0.1515625
0 0.5859375 0.24921875 0.0890625 0.1015625
0 0.7078125 0.26015625 0.1 0.1515625
0 0.67734375 0.16015625 0.0875 0.146875
0 0.71796875 0.71015625 0.053125 0.0890625