0 0.32296040769276724 0.4973408133752253 0.13115437476889075 0.15928518801718106
0 0.20046694523549718 0.6357118753580443 0.09012019780928666 0.14474997334499945
0 0.4373124127073321 0.45493623205758826 0.12159751834240015 0.15292610001590834
0 0.47650895651826825 0.5405197433959061 0.12526808762187222 0.17171246268299925
0 0.37696256373618187 0.8501936407144978 0.08006323620994645 0.12120338534372692
0 0.4067778150563301 0.37179646805377026 0.12991012351524955 0.1702045066836356
0 0.4378425762725941 0.741564075389861 0.1213701978092867 0.14511360001590834
0 0.5170406797960909 0.6183089360677696 0.1158476235152495 0.1700408746817267
0 0.2219973012662765 0.48991811736154417 0.0918358105039836 0.09634883601209036
0 0.2475990433487177 0.4035266313653622 0.13289873119538154 0.16555336935072656
0 0.3836465404457238 0.2746851107176795 0.10483591567683304 0.11368178668045399
0 0.2665416084715548 0.30299992003499837 0.12508623119538154 0.16546246268299925
0 0.2784074594877691 0.2008288927036801 0.11240437476889084 0.15906701201463572
0 0.34032271859246216 0.7451152420432707 0.0683983105039836 0.09607611600890884