0 0.31171875 0.4640625 0.1046875 0.14375
0 0.16484375 0.58203125 0.065625 0.134375
0 0.4328125 0.4390625 0.09609375 0.13828125
0 0.45625 0.52890625 0.09765625 0.15625
0 0.3 0.81875 0.059375 0.11171875
0 0.41796875 0.35234375 0.10234375 0.15390625
0 0.38046875 0.72109375 0.09765625 0.1296875
0 0.48125 0.6109375 0.0875 0.15625
0 0.21328125 0.4421875 0.07734375 0.084375
0 0.2546875 0.3609375 0.10546875 0.15
0 0.41328125 0.25390625 0.0875 0.1
0 0.2921875 0.26484375 0.0984375 0.15
0 0.32265625 0.165625 0.08671875 0.14609375
0 0.2828125 0.71015625 0.053125 0.08828125