0 0.565625 0.253125 0.15625 0.1140625
0 0.43671875 0.09296875 0.146875 0.071875
0 0.59296875 0.38515625 0.15 0.1046875
0 0.49453125 0.4109375 0.1703125 0.10625
0 0.178125 0.240625 0.121875 0.065625
0 0.6875 0.36953125 0.16875 0.1125
0 0.28515625 0.328125 0.1421875 0.10625
0 0.4046875 0.43828125 0.1703125 0.096875
0 0.58984375 0.14609375 0.090625 0.084375
0 0.678125 0.19140625 0.1640625 0.115625
0 0.79453125 0.3640625 0.109375 0.096875
0 0.7828125 0.23203125 0.1640625 0.10625
0 0.890625 0.265625 0.159375 0.09375
0 0.296875 0.22109375 0.096875 0.059375