1 0.85546875 0.8765625 0.140625 0.246875
1 0.715625 0.9328125 0.153125 0.134375
1 0.53046875 0.93984375 0.17890625 0.11953125
1 0.31484375 0.9328125 0.16640625 0.134375
1 0.30859375 0.825 0.16796875 0.16796875
1 0.45546875 0.771875 0.14375 0.23984375
1 0.38984375 0.67109375 0.13125 0.17265625
1 0.49609375 0.60703125 0.153125 0.175
1 0.615625 0.6953125 0.16484375 0.12265625
1 0.6 0.778125 0.13125 0.12734375
1 0.5921875 0.88515625 0.15625 0.1484375
1 0.72109375 0.8109375 0.153125 0.16796875
1 0.76640625 0.7421875 0.159375 0.15078125
1 0.75390625 0.62734375 0.15 0.1796875
1 0.66171875 0.55546875 0.11953125 0.20625
1 0.75546875 0.46640625 0.1484375 0.2015625
1 0.8671875 0.5046875 0.134375 0.215625
1 0.84765625 0.403125 0.10234375 0.16328125
1 0.61953125 0.4625 0.134375 0.1890625
1 0.5984375 0.32265625 0.0859375 0.1484375
1 0.715625 0.35625 0.075 0.15078125
1 0.7890625 0.26484375 0.134375 0.21796875
1 0.6421875 0.21953125 0.10078125 0.175
1 0.90625 0.28046875 0.11796875 0.16796875