1 0.11953125 0.14296875 0.2390625 0.146875
1 0.0609375 0.2875 0.121875 0.159375
1 0.05390625 0.48046875 0.1078125 0.1859375
1 0.0609375 0.7046875 0.121875 0.171875
1 0.1640625 0.7109375 0.175 0.175
1 0.21875 0.5578125 0.2484375 0.15
1 0.3234375 0.6265625 0.178125 0.1359375
1 0.390625 0.515625 0.18125 0.159375
1 0.2984375 0.39140625 0.1265625 0.171875
1 0.2125 0.4078125 0.13125 0.1359375
1 0.10234375 0.41640625 0.153125 0.1625
1 0.17890625 0.28125 0.175 0.159375
1 0.25 0.234375 0.15625 0.165625
1 0.36953125 0.24765625 0.1875 0.15625
1 0.44375 0.34375 0.2140625 0.125
1 0.5359375 0.24609375 0.209375 0.1546875
1 0.49609375 0.1296875 0.225 0.140625
1 0.60234375 0.15 0.16875 0.10625
1 0.53984375 0.38671875 0.196875 0.140625
1 0.68515625 0.409375 0.153125 0.090625
1 0.65078125 0.2875 0.15625 0.078125
1 0.7453125 0.2109375 0.2265625 0.140625
1 0.7921875 0.3640625 0.18125 0.1046875
1 0.72890625 0.0890625 0.175 0.121875