1 0.7725809739496612 0.8927521440246305 0.17581344499481996 0.21449571195073885
1 0.6250124611293797 0.9407669423274283 0.17130141935425697 0.11846611534514331
1 0.44078301034359146 0.9370692497054124 0.1965925177826804 0.12586150058917517
1 0.22788490405728515 0.9125101321207738 0.18674663688926812 0.15260789129415606
1 0.23837510194758932 0.8047294483775526 0.19296240363849115 0.18544766237139498
1 0.39168419251812986 0.7681112132082755 0.18053948635114897 0.2541067587805987
1 0.3419817531048811 0.6607618006404888 0.157097678245597 0.18680108411256366
1 0.45691970244292734 0.6090725564942213 0.1791910020669146 0.19161584913967838
1 0.5616371275881524 0.7097088816297946 0.18303944003242129 0.14008971057599667
1 0.5336704853222007 0.7900367310640604 0.15029971463952715 0.14146131303532491
1 0.5099718120390024 0.896177646755105 0.17795383374611512 0.16505334913967823
1 0.6487475217161309 0.8360310079950318 0.17882712903138528 0.18380334913967822
1 0.7040386433039181 0.773054285024199 0.18278688296032683 0.16820562021691715
1 0.7086427142297517 0.6574247398446591 0.17621155128112634 0.19472266842151917
1 0.6280519937992561 0.5756838604543597 0.1507406703877141 0.21800563231716552
1 0.734852111458102 0.4973775741536146 0.17879289578060842 0.2166067587805987
1 0.8395545740307145 0.5480002637505684 0.1668750926374553 0.2290340359079618
1 0.8357639480997012 0.44482526677563056 0.1268279813887502 0.17412836729005096
1 0.6005327694398194 0.4786225080932277 0.16251292431665565 0.2024533551898026
1 0.6008688713828995 0.3371798966569092 0.1088399607105858 0.15684087334017516
1 0.7120032704732766 0.3839326976901815 0.09797523531769166 0.15833974082661778
1 0.79792796195344 0.3008161915418614 0.16702064185166687 0.2321590359079618
1 0.6601047843270156 0.2398418092246958 0.12733740363849116 0.18506586729005098
1 0.9122430190255347 0.32961387811375314 0.14274407981717374 0.18046927088084708