1 0.44921875 0.47421875 0.140625 0.146875
1 0.68125 0.84609375 0.1375 0.14375
1 0.4234375 0.7265625 0.140625 0.153125
1 0.7484375 0.61796875 0.125 0.125
1 0.47734375 0.12421875 0.140625 0.15
1 0.18984375 0.1578125 0.215625 0.1828125
1 0.25 0.5890625 0.19375 0.16875
1 0.27734375 0.2859375 0.1875 0.171875
1 0.5953125 0.203125 0.134375 0.1359375
1 0.46171875 0.590625 0.1375 0.1375
1 0.15625 0.3640625 0.21875 0.18125
1 0.29765625 0.440625 0.18125 0.15625
1 0.55546875 0.10234375 0.1375 0.14375
1 0.10703125 0.54609375 0.2125 0.1890625
1 0.29921875 0.09609375 0.184375 0.1703125
1 0.37265625 0.55234375 0.15 0.153125
1 0.3171875 0.715625 0.1625 0.1578125
1 0.54453125 0.79140625 0.165625 0.1421875
1 0.7625 0.78828125 0.125 0.1296875
1 0.56015625 0.66171875 0.153125 0.1296875
1 0.69296875 0.7171875 0.1375 0.1359375
1 0.6734375 0.55234375 0.15625 0.121875
1 0.77578125 0.9109375 0.115625 0.115625
1 0.084375 0.2234375 0.16875 0.221875
1 0.0734375 0.0609375 0.146875 0.121875
1 0.53203125 0.23515625 0.1375 0.1421875
1 0.47421875 0.2921875 0.140625 0.1421875
1 0.04765625 0.41484375 0.0953125 0.25625
1 0.64296875 0.30546875 0.140625 0.125
1 0.79140625 0.66796875 0.11875 0.121875
1 0.396875 0.3625 0.146875 0.146875
1 0.61328125 0.42890625 0.1375 0.125
1 0.396875 0.22421875 0.15 0.153125
1 0.77421875 0.50234375 0.1125 0.109375
1 0.52265625 0.4109375 0.134375 0.140625
1 0.47109375 0.03203125 0.134375 0.0640625
1 0.3796875 0.05390625 0.159375 0.1078125
1 0.7625 0.3796875 0.1375 0.1296875
1 0.8234375 0.8765625 0.1125 0.1171875
1 0.77265625 0.29453125 0.165625 0.11875
1 0.19140625 0.02265625 0.203125 0.04375
1 0.8296875 0.35390625 0.1125 0.11875
1 0.8203125 0.5 0.0703125 0.090625
1 0.8359375 0.43203125 0.0859375 0.078125
1 0.88671875 0.42421875 0.0640625 0.071875
1 0.87578125 0.50625 0.059375 0.096875
1 0.8234375 0.6 0.0671875 0.1
1 0.8171875 0.72578125 0.0640625 0.1
1 0.8390625 0.7828125 0.05625 0.0859375
1 0.85546875 0.68828125 0.0703125 0.0828125
1 0.86640625 0.5875 0.0640625 0.09375
1 0.9109375 0.4828125 0.046875 0.078125
1 0.928125 0.5265625 0.0640625 0.06875
1 0.8984375 0.58046875 0.05 0.075
1 0.88359375 0.66953125 0.05 0.0796875
1 0.88515625 0.75546875 0.040625 0.0578125
1 0.8421875 0.94609375 0.0796875 0.075
1 0.89140625 0.803125 0.05625 0.0640625
1 0.88359375 0.8890625 0.0671875 0.0765625