1 0.5120807005763913 0.5672005401134745 0.15178944003242129 0.14583053846084476
1 0.837737710296301 0.3453834679447868 0.14851889081820957 0.14255998924663302
1 0.7500901228261323 0.5891997803935649 0.1564769400324213 0.14604886228216216
1 0.6181122609582548 0.2829240475570727 0.12918669396136268 0.12918669396136276
1 0.18113891563020323 0.5416524607105858 0.1533519400324213 0.14590331306795043
1 0.23904142265951656 0.8140754243166555 0.19270984656639661 0.2210146290313852
1 0.6377100550006707 0.753908635646414 0.1760660020669146 0.19841188296032683
1 0.35129952005448273 0.730434632546042 0.178972678245597 0.19386993217453857
1 0.2437587320079227 0.42997440611969057 0.14056084160399787 0.1390711162111037
1 0.619056292594674 0.5542532380037788 0.14226889081820956 0.14226889081820956
1 0.43529999255189267 0.8434847502048879 0.19129289578060843 0.22406685442427943
1 0.4945572144301302 0.7098225337033337 0.1629838052100677 0.18532968610347994
1 0.1535725337033338 0.4686494543004449 0.14851889081820957 0.14255998924663302
1 0.6106660196401978 0.8903768089318668 0.19910539578060843 0.21924638213626652
1 0.17106621050118875 0.7103468027288684 0.17726462903138535 0.19067215756743253
1 0.5918088959854961 0.6387352458616615 0.15847608767505647 0.1554966368892682
1 0.750132972288013 0.6905439565722473 0.1621832845319032 0.16814218610347992
1 0.799319527293193 0.4745593916422699 0.14975605913900925 0.16912248924663303
1 0.7765048037623258 0.26925330748187015 0.13387419396136266 0.12940501778268027
1 0.6770442669541108 0.4602892222880131 0.13667386228216233 0.15604029238978617
1 0.7156807737785363 0.33580079859052997 0.14070639081820957 0.14219611621110378
1 0.563756554795783 0.35445013709415596 0.12900691149637405 0.1588014193542568
1 0.8897303957806084 0.25659710380059775 0.11937504631872783 0.11937504631872757
1 0.31177690942495023 0.9107791422659517 0.225847678245597 0.17844171546809662
1 0.14297340549600882 0.923165672249741 0.16345468610347988 0.15366865550051792
1 0.2800815297743924 0.49013281017246646 0.14695639081820958 0.14248721463952715
1 0.33947795450533275 0.5435703333318302 0.1471019400324213 0.14561221463952717
1 0.49440962695996155 0.9443600837461151 0.2512072431755744 0.11127983250776978
1 0.33517994458053535 0.384340882546042 0.13140416542531544 0.14332196856846863
1 0.6606785965663967 0.2428106238595896 0.1257705955329392 0.12279114474715103
1 0.41150281182509635 0.617084916044488 0.15208053846084474 0.15208053846084474
1 0.45342267638357026 0.41245522807898133 0.1312586162111037 0.14019696856846853
1 0.2829240475570727 0.6181122609582548 0.15847608767505647 0.1554966368892682
1 0.5071554902800903 0.26060593775610974 0.11297949710451594 0.11595894789030421
1 0.4449252797743924 0.4978105312221344 0.14524834160399785 0.1392894400324213
1 0.07696083787994423 0.5477140620344934 0.10923806699689202 0.13605312406898662
1 0.1059998285743193 0.635597205748187 0.1542252353176916 0.1646533130679506
1 0.3938207363511489 0.27091839143738217 0.1343836162111037 0.14034251778268025
1 0.8533177067816442 0.21124606244426886 0.12079199710451585 0.11632282092583343
1 0.31317004983338426 0.2632642491714305 0.12788105913900916 0.16810364474715103
1 0.09320238378438707 0.8127397485522578 0.09823210049533804 0.20102315260503395
1 0.3636023893704675 0.20792608581302963 0.12235449710451593 0.1163955955329393
1 0.5004303012811263 0.21663761393479217 0.09233735731976367 0.07446065260503384
1 0.4358219917278324 0.201935105043452 0.08205482878371631 0.08801373035529289
1 0.42344611621110373 0.15380582009726393 0.07329625889134021 0.06733735731976358
1 0.5018986019430801 0.16447580045255678 0.09502570967712849 0.06523120181924558
1 0.5945976782455971 0.2132279776646965 0.10007708271265763 0.07326202564056317
1 0.712566428245597 0.21872246050118874 0.0999315334984459 0.07013702564056315
1 0.7645634218354562 0.1969780471427879 0.08550516046291676 0.061669554176610485
1 0.6742466368892682 0.1826372572342011 0.08452485731976367 0.07409677956950458
1 0.5778981757643976 0.17269286889719088 0.09360875889134021 0.06828342721213972
1 0.47693283519385704 0.13057168134596892 0.07881851282028159 0.05200345574818703
1 0.5159396772121397 0.11445868382716831 0.07017125889134021 0.06719180810555185
1 0.5694842082293864 0.14267788316521451 0.07583906203449331 0.054982906533975306
1 0.6534782185684687 0.15516507464537788 0.07896406203449331 0.05512845574818703
1 0.7336922574435981 0.15344421691132953 0.05821491439185813 0.04480738585581086
1 0.9163977495857152 0.193136071335609 0.0770762303552928 0.08154540653397531
1 0.7778232471045159 0.1469245432138465 0.06511988585581072 0.05916098428423426
1 0.8600364336222805 0.154651460086904 0.07812930810555194 0.07068068114108117