1 0.4530348863129349 0.5335353746021848 0.170556533611828 0.16128404002227156
1 0.8476045814837498 0.39385197254936904 0.16730419961943924 0.15812267735518085
1 0.674947036997507 0.6066985125716406 0.1768702006080222 0.16291926535645337
1 0.6575618547154545 0.2859592985757769 0.14635502965749508 0.14226132001909003
1 0.1422976575674732 0.43641766331159193 0.17211903361182795 0.16130222135581712
1 0.10591977097021141 0.7086562899825009 0.21183954194042282 0.23999084269572607
1 0.5070990093171781 0.7398393712603669 0.20403487847863158 0.21633516669318062
1 0.23885302810025838 0.6539404232972744 0.20540637749004845 0.21166584802672617
1 0.24289717684484508 0.34388417063177434 0.159300698630856 0.15334427068745357
1 0.5611193003433798 0.5447717719207763 0.16099053262324467 0.15648745202099903
1 0.2789766679104155 0.7807569146244564 0.22230471741393626 0.24309766136218053
1 0.38440560863260603 0.6655217186107754 0.18939937551288216 0.20210903469127145
1 0.14147925688290117 0.36068186664545554 0.16730419961943915 0.15812267735518085
1 0.43091189962162674 0.8656666219366848 0.23018088441013074 0.2447510680299075
1 0.08684744809938334 0.5941852573201825 0.17369489619876669 0.2085044853596351
1 0.5041888680241462 0.6196177779280942 0.1788147025851888 0.17231244668999893
1 0.639000266731552 0.7031649799093224 0.18557403855474383 0.18488517202418073
1 0.7640506407615592 0.508832629893414 0.17307403855474385 0.18473972135581712
1 0.8159818497725386 0.30754230255414156 0.15110619665368966 0.1438783640197264
1 0.6509258996588078 0.4679814579090042 0.15843853558899426 0.17051358935390812
1 0.7335075893924152 0.35769739123173194 0.15942803262324468 0.15646927068745367
1 0.5787391763505535 0.34231893391950374 0.15062603558899426 0.17042268268618094
1 0.9255969303048861 0.3195417685391877 0.12715936068413428 0.1311056440165447
1 0.12918757353790336 0.834818800644501 0.2548625494291587 0.23722946936663475
1 0.029329425361970328 0.8073034226607275 0.058658850723940656 0.201018154678545
1 0.2566294130046806 0.4093182666295472 0.16574169961943913 0.1581044960216353
1 0.2946122326626134 0.4736893019573656 0.1674315336118279 0.16124767735518084
1 0.2941321412186698 0.9070830572883658 0.26806820357377187 0.17803628270208946
1 0.3477265982896638 0.32001886195100226 0.15161553262324468 0.15637836401972632
1 0.7133953606469534 0.2571979519016864 0.14141286167271758 0.13595677601845368
1 0.3379855478719219 0.5590813619510022 0.1723737015966055 0.1675522213558171
1 0.45174825342286 0.373470031269912 0.14992569863085592 0.15323518268618094
1 0.2126008873015181 0.5316477999681833 0.17881470258518864 0.17231244668999893
1 0.5586906146012861 0.2402569945894581 0.1285945266917457 0.12799882535009016
1 0.4133768201150433 0.45278536127468455 0.16242569863085593 0.15338063335454458
1 0.05149487992432535 0.41963069999204583 0.1029897598486507 0.14511360001590834
1 0.06253053901185435 0.5085477493236823 0.1250610780237087 0.1797795013526354
1 0.44529661806132725 0.22517798193827554 0.1546768656270503 0.15485222668681722
1 0.910478607681204 0.26896051320818753 0.13647069368794007 0.12965223201781734
1 0.3698164569966319 0.19950636728200236 0.1510080375661607 0.1797976826861809
1 0.011754606198329163 0.6755085299968183 0.023509212396658326 0.2052329400063634
1 0.43865929889768607 0.15809956993954824 0.13803319368794006 0.1296704133513628
1 0.568285790494729 0.19641608792173088 0.10187551779449713 0.08552042401336299
1 0.5100886299243254 0.1682007285964578 0.09450868676785795 0.09636701734563582
1 0.5159685568063515 0.11971777526259415 0.0826798488211363 0.07436474801081765
1 0.5882600508748524 0.14698825258595827 0.10305601581733086 0.07616360534690844
1 0.6604905365403965 0.21408429857577688 0.10962435079830275 0.08404883068109026
1 0.7724666131184115 0.24479740189373217 0.107934516805914 0.08090564934754481
1 0.8298161980993835 0.2363212832193234 0.09192751482874754 0.07134883601209037
1 0.7484362055137572 0.20212864389723198 0.09399935079830275 0.08386701734563573
1 0.6591163789357422 0.1711519112428678 0.10318334980971962 0.07928860534690844
1 0.5757255587835178 0.10965188458786726 0.08529551285158128 0.06190111067790856
1 0.6197620602663927 0.10211155724859482 0.07955484882113631 0.0743283853437268
1 0.6618885518634356 0.14144622990932235 0.08223417984777566 0.06342724801081764
1 0.7379589619395478 0.17179625389882283 0.08542284684397003 0.06502611067790856
1 0.8161967084795068 0.18728434655477788 0.06297484387822046 0.05070907200827235
1 0.9621366081754955 0.26601677920118794 0.05675401878308044 0.08968066534054513
1 0.8613182074909236 0.19144458788196 0.07298651384016423 0.06644316000954502
1 0.9376114520537161 0.21632586187146047 0.08755834980971926 0.07910679201145401