1 0.5421875 0.45 0.14375 0.15
1 0.30390625 0.8296875 0.140625 0.146875
1 0.56875 0.7078125 0.14375 0.15625
1 0.23515625 0.596875 0.128125 0.128125
1 0.51328125 0.0921875 0.14375 0.153125
1 0.80859375 0.12578125 0.221875 0.1875
1 0.746875 0.5671875 0.2 0.171875
1 0.71875 0.2578125 0.19375 0.175
1 0.3921875 0.17265625 0.1375 0.1390625
1 0.5296875 0.56875 0.140625 0.140625
1 0.84296875 0.33671875 0.225 0.184375
1 0.69765625 0.41484375 0.1859375 0.159375
1 0.4328125 0.071875 0.140625 0.14375
1 0.8921875 0.52265625 0.215625 0.19375
1 0.69609375 0.075 0.190625 0.15
1 0.62109375 0.5296875 0.153125 0.15625
1 0.678125 0.696875 0.165625 0.1609375
1 0.44453125 0.77421875 0.1703125 0.1453125
1 0.2203125 0.7703125 0.128125 0.1328125
1 0.428125 0.64140625 0.15625 0.1328125
1 0.2921875 0.69765625 0.140625 0.1390625
1 0.31171875 0.5296875 0.159375 0.125
1 0.2078125 0.8953125 0.11875 0.1171875
1 0.91484375 0.19375 0.1703125 0.225
1 0.9265625 0.04453125 0.146875 0.0890625
1 0.4578125 0.20546875 0.140625 0.1453125
1 0.51640625 0.2640625 0.14375 0.1453125
1 0.95234375 0.3890625 0.09375 0.2609375
1 0.34296875 0.27734375 0.14375 0.128125
1 0.19140625 0.64765625 0.121875 0.125
1 0.59609375 0.3359375 0.15 0.15
1 0.37421875 0.403125 0.140625 0.128125
1 0.59609375 0.19453125 0.153125 0.15625
1 0.209375 0.478125 0.1140625 0.1109375
1 0.4671875 0.38515625 0.1375 0.14375
1 0.51875 0.01484375 0.1375 0.0296875
1 0.6140625 0.03828125 0.1625 0.075
1 0.2203125 0.353125 0.140625 0.1328125
1 0.15859375 0.8609375 0.1140625 0.11875
1 0.2109375 0.26640625 0.1703125 0.121875
1 0.15234375 0.32734375 0.1140625 0.121875
1 0.16171875 0.47578125 0.071875 0.09375
1 0.1453125 0.40625 0.0875 0.08125
1 0.09296875 0.39921875 0.065625 0.075
1 0.1046875 0.4828125 0.0625 0.096875
1 0.15859375 0.578125 0.06875 0.103125
1 0.16484375 0.70625 0.065625 0.103125
1 0.1421875 0.76484375 0.059375 0.0875
1 0.12578125 0.66875 0.071875 0.0859375
1 0.1140625 0.56484375 0.065625 0.0953125
1 0.06875 0.45859375 0.05 0.08125
1 0.05078125 0.503125 0.065625 0.06875
1 0.08203125 0.55859375 0.053125 0.075
1 0.09609375 0.64921875 0.053125 0.08125
1 0.09453125 0.73671875 0.0421875 0.059375
1 0.1390625 0.93125 0.08125 0.075
1 0.08828125 0.7859375 0.059375 0.0640625
1 0.09609375 0.87421875 0.06875 0.078125