0 0.8155058177741819 0.2570008536376784 0.10527960957707672 0.12403746369925477
0 0.7038728425309483 0.21780251913233126 0.09256142126547413 0.1114647408266178
0 0.7122092682606492 0.3372974076960128 0.11281937418757337 0.10845791549465282
0 0.7937377321397971 0.4423025493829523 0.12208528003177203 0.10226245764913049
0 0.6846939687471166 0.41715307933898577 0.11112050649282175 0.10063632513557326
0 0.5947235336819248 0.45518032016560356 0.11731595941492116 0.09754768657189175
0 0.6490388867661798 0.47830420277735675 0.09966480925276536 0.07088519262201594
0 0.709990023535655 0.47873092877325163 0.0924523271096728 0.10521474082661779
0 0.6483491400125908 0.5283132931364364 0.1013091298696164 0.07558178298109546
0 0.7027735872526473 0.5576871757481895 0.11073867694751698 0.0787613251355733
0 0.6965196331127319 0.6022593323640478 0.09675799756436802 0.08336701190385654
0 0.6223008831127319 0.6026911244203297 0.10933981818121907 0.0881272347764936
0 0.6224139314084486 0.5644053292407898 0.08886367694751698 0.07863406010845857
0 0.5534866534052714 0.554649055040293 0.07035913879807013 0.09258747579950324
0 0.5511081270269471 0.3288587146812134 0.10618754464226861 0.08654655405833438
0 0.42001385998081864 0.4280688952029809 0.0888909504864674 0.08019656010845858
0 0.3716718173671449 0.433819446334449 0.044595479707460584 0.048692030054229285
0 0.42191727921769795 0.4475910548439013 0.07137616801906325 0.06134656615858276
0 0.38815593384408054 0.48294729274365283 0.09067163879807012 0.09270565046753809
0 0.3554661647693571 0.49016944028432485 0.09643071509696384 0.06461701190385671
0 0.3420115909060952 0.43555466315696184 0.06564436525911974 0.09099770472226432
0 0.2989025190714282 0.4725279432111911 0.09204322402541773 0.08177724082661779
0 0.3014275012145207 0.4381347624930319 0.06827844155801355 0.06289088544042354
0 0.2719172792176979 0.44846372931554457 0.09379663879807013 0.09272383118569749
0 0.2742394841683921 0.5367404341360048 0.07811709172016937 0.0895079275949012
0 0.28912019033690234 0.5835336209042883 0.08280459172016937 0.08953519867214013
0 0.36039121834007953 0.5932762595661656 0.10122730925276535 0.07089428298109546
0 0.43611792126217885 0.5897103771508042 0.08878185633066593 0.07394656010845857
0 0.3918321331127319 0.6040319523845733 0.06509889448011297 0.059747704722264317
0 0.4408093754020942 0.5451473108940255 0.10265344155801355 0.06309087334017516
0 0.4362758340062364 0.5092325367917245 0.09039890340856668 0.07708065046753809
0 0.3940434695578955 0.551670021666414 0.0412795649348082 0.03773634933607006
0 0.35404971509366867 0.5433080758229443 0.06685230925276527 0.07069429508134384
0 0.3198247195578955 0.5521018137226958 0.060956865259119655 0.0909704336450254
0 0.4010786736978108 0.5070933198710159 0.09670345048646727 0.08024201190385671
0 0.3017508295420095 0.5014205576725717 0.049310253246410876 0.05028180113146803
0 0.4388280896882792 0.47640185607356533 0.033385244317957155 0.033003397540672094