0 0.85625 0.3375 0.08046875 0.10859375
0 0.75703125 0.27421875 0.06953125 0.0984375
0 0.73671875 0.3921875 0.09375 0.08828125
0 0.790625 0.5125 0.1046875 0.0796875
0 0.690625 0.46328125 0.09296875 0.08125
0 0.59375 0.47890625 0.1015625 0.07578125
0 0.64140625 0.5140625 0.0890625 0.05234375
0 0.7 0.52890625 0.07265625 0.09140625
0 0.628125 0.5625 0.0890625 0.05703125
0 0.67421875 0.60390625 0.0984375 0.05703125
0 0.65703125 0.6453125 0.0828125 0.065625
0 0.58515625 0.62890625 0.09453125 0.06875
0 0.59453125 0.59140625 0.07578125 0.06328125
0 0.5296875 0.56640625 0.05078125 0.0828125
0 0.58203125 0.346875 0.09140625 0.0671875
0 0.43046875 0.4125 0.07578125 0.0640625
0 0.38203125 0.40703125 0.0359375 0.04140625
0 0.42734375 0.43203125 0.0609375 0.04921875
0 0.3859375 0.45859375 0.07265625 0.078125
0 0.35234375 0.4578125 0.0875 0.0453125
0 0.35234375 0.4015625 0.04609375 0.0828125
0 0.3015625 0.42734375 0.07734375 0.06484375
0 0.3125 0.3953125 0.05703125 0.0515625
0 0.28125 0.3984375 0.0765625 0.07734375
0 0.2625 0.484375 0.06015625 0.07734375
0 0.265625 0.53359375 0.065625 0.0765625
0 0.33203125 0.559375 0.090625 0.05078125
0 0.40703125 0.5734375 0.0765625 0.05703125
0 0.36015625 0.5765625 0.05390625 0.04921875
0 0.421875 0.53125 0.09453125 0.04296875
0 0.4265625 0.4953125 0.07734375 0.0609375
0 0.375 0.5265625 0.03515625 0.03046875
0 0.33828125 0.509375 0.053125 0.059375
0 0.303125 0.51015625 0.0421875 0.08359375
0 0.39296875 0.48515625 0.08359375 0.06328125
0 0.29765625 0.45625 0.03984375 0.04140625
0 0.43671875 0.4640625 0.02734375 0.02734375