0 0.48515625 0.8640625 0.05 0.084375
0 0.53046875 0.84609375 0.0640625 0.0515625
0 0.4140625 0.80390625 0.05 0.028125
0 0.45078125 0.78046875 0.078125 0.0375
0 0.503125 0.80625 0.115625 0.034375
0 0.57265625 0.7984375 0.046875 0.0375
0 0.4765625 0.6484375 0.0875 0.06875
0 0.44765625 0.62734375 0.0578125 0.034375
0 0.44453125 0.54921875 0.1015625 0.065625
0 0.50703125 0.52265625 0.0640625 0.046875
0 0.5828125 0.54609375 0.071875 0.034375
0 0.5609375 0.51796875 0.0640625 0.03125
0 0.559375 0.46171875 0.096875 0.0609375
0 0.64375 0.434375 0.1078125 0.05
0 0.7109375 0.365625 0.04375 0.0359375
0 0.73125 0.33203125 0.075 0.0359375
0 0.7875 0.33203125 0.071875 0.0359375
0 0.72265625 0.26953125 0.071875 0.096875
0 0.67578125 0.22421875 0.096875 0.053125
0 0.70234375 0.153125 0.1015625 0.0453125
0 0.6421875 0.1484375 0.04375 0.028125
0 0.54921875 0.1328125 0.05 0.03125
0 0.503125 0.14296875 0.1046875 0.0609375
0 0.45078125 0.109375 0.053125 0.034375
0 0.35625 0.15390625 0.0578125 0.03125
0 0.36640625 0.18671875 0.075 0.0359375
0 0.24296875 0.1828125 0.0578125 0.034375
0 0.28359375 0.196875 0.0640625 0.0375
0 0.24296875 0.2390625 0.053125 0.028125
0 0.25859375 0.28828125 0.0671875 0.0859375
0 0.15234375 0.24453125 0.084375 0.0515625
0 0.17421875 0.290625 0.05 0.0359375
0 0.3546875 0.10703125 0.084375 0.046875
1 0.42890625 0.87578125 0.08125 0.05
1 0.57734375 0.86953125 0.053125 0.0375
1 0.525 0.884375 0.0609375 0.0453125
1 0.57265625 0.83125 0.0640625 0.0359375
1 0.521875 0.7703125 0.078125 0.0453125
1 0.4390625 0.83359375 0.05 0.0359375
1 0.3953125 0.83125 0.053125 0.03125
1 0.50859375 0.6703125 0.05 0.0359375
1 0.55390625 0.63046875 0.0578125 0.0921875
1 0.47109375 0.59453125 0.1015625 0.05
1 0.5375 0.56640625 0.075 0.05
1 0.4140625 0.6046875 0.046875 0.040625
1 0.44921875 0.5109375 0.053125 0.040625
1 0.48671875 0.48984375 0.053125 0.040625
1 0.525 0.47890625 0.08125 0.0671875
1 0.61171875 0.51015625 0.0640625 0.040625
1 0.6421875 0.475 0.078125 0.05
1 0.6890625 0.45625 0.053125 0.0359375
1 0.71953125 0.4328125 0.046875 0.034375
1 0.64375 0.43359375 0.1015625 0.046875
1 0.6078125 0.41015625 0.11875 0.053125
1 0.67421875 0.384375 0.0578125 0.034375
1 0.73671875 0.3953125 0.090625 0.0609375
1 0.6640625 0.346875 0.0671875 0.0453125
1 0.67734375 0.30390625 0.05 0.0359375
1 0.65234375 0.26953125 0.071875 0.04375
1 0.621875 0.240625 0.04375 0.025
1 0.7734375 0.2421875 0.1046875 0.071875
1 0.7875 0.29765625 0.08125 0.05
1 0.709375 0.1890625 0.1046875 0.0375
1 0.63984375 0.196875 0.0671875 0.06875
1 0.59609375 0.1578125 0.078125 0.05625
1 0.565625 0.190625 0.071875 0.046875
1 0.53203125 0.1046875 0.078125 0.053125
1 0.6046875 0.11015625 0.11875 0.0609375
1 0.6890625 0.1296875 0.0609375 0.0359375
1 0.496875 0.09921875 0.040625 0.03125
1 0.41875 0.0921875 0.0671875 0.046875
1 0.40859375 0.13828125 0.084375 0.0515625
1 0.42265625 0.18046875 0.0671875 0.05
1 0.475 0.17265625 0.078125 0.0515625
1 0.3109375 0.1640625 0.08125 0.0453125
1 0.2890625 0.1296875 0.0578125 0.03125
1 0.21484375 0.3015625 0.046875 0.0671875
1 0.1421875 0.28125 0.075 0.059375
1 0.1625 0.31328125 0.034375 0.01875
1 0.246875 0.209375 0.05 0.028125
1 0.19921875 0.22890625 0.053125 0.0671875
0 0.3109375 0.221875 0.1078125 0.078125
0 0.22265625 0.1625 0.096875 0.071875
1 0.78203125 0.36015625 0.075 0.03125