1 0.146875 0.45546875 0.0640625 0.071875
1 0.19453125 0.52578125 0.0671875 0.0734375
1 0.2671875 0.5796875 0.065625 0.06875
1 0.30625 0.53046875 0.06875 0.06875
1 0.4234375 0.6375 0.0703125 0.0671875
1 0.42578125 0.70859375 0.05625 0.05625
1 0.46328125 0.74921875 0.0609375 0.0625
1 0.51328125 0.75546875 0.059375 0.059375
1 0.5625 0.71796875 0.065625 0.065625
1 0.55390625 0.18984375 0.065625 0.06875
1 0.5421875 0.13984375 0.046875 0.059375
1 0.484375 0.2171875 0.059375 0.06875
1 0.5 0.15546875 0.0484375 0.0625