1 0.440625 0.77578125 0.065625 0.0578125
1 0.50390625 0.7328125 0.06640625 0.0609375
1 0.55234375 0.6671875 0.0625 0.059375
1 0.5078125 0.63203125 0.06328125 0.06171875
1 0.60546875 0.52578125 0.06015625 0.0640625
1 0.66953125 0.5234375 0.0515625 0.05078125
1 0.70625 0.48984375 0.05625 0.05546875
1 0.71171875 0.44453125 0.053125 0.053125
1 0.678125 0.4 0.059375 0.05859375
1 0.2 0.4078125 0.06171875 0.059375
1 0.1546875 0.41796875 0.05390625 0.04296875
1 0.22421875 0.4703125 0.0625 0.053125
1 0.16875 0.45625 0.05703125 0.04375