1 0.5686792309219812 0.48828125 0.22865465421934558 0.209375
1 0.8479184918790299 0.596875 0.12340231818121908 0.0875
1 0.8616031164736404 0.53046875 0.15684210957707698 0.1234375
1 0.9489310852256999 0.50078125 0.10213782954860022 0.0828125
1 0.8390775056787476 0.4484375 0.2751205511350904 0.1859375
1 0.9579194143656153 0.41328125 0.0841611712687694 0.0859375
1 0.9817699715897856 0.36171875 0.036460056820428834 0.0671875
1 0.7996371302733583 0.38203125 0.1202500446422686 0.0859375
1 0.6824593129029181 0.42734375 0.11092959172016954 0.0890625
1 0.5651803096565071 0.37734375 0.11715231818121907 0.0875
1 0.5940632402574721 0.33125 0.12027731818121908 0.0875
1 0.6414916193163095 0.2734375 0.16150233603812653 0.121875
1 0.535364350241586 0.28046875 0.11866027110331849 0.084375
1 0.4591739971573309 0.25703125 0.10766822402541773 0.08125
1 0.37921376176782756 0.24140625 0.11251936525911974 0.090625
1 0.21625979423523162 0.26015625 0.3080694188298422 0.19375
1 0.25564384821299113 0.1890625 0.2842773628234877 0.1734375
1 0.4387154468330194 0.20390625 0.12959777110331833 0.084375
1 0.4676120142034595 0.15859375 0.12170345048646744 0.0796875
1 0.394914853895034 0.15625 0.09662162986961631 0.075
1 0.1359529111192044 0.13515625 0.1063239123370204 0.09375
1 0.21074835957707685 0.1234375 0.0858477711033184 0.084375
1 0.21825116801906325 0.0609375 0.11860572402541765 0.08125
1 0.3092852711033184 0.084375 0.19982054220663673 0.16875
1 0.3505375624991761 0.1203125 0.11257391233702041 0.09375
1 0.42566424756436805 0.0828125 0.23257849512873605 0.165625
1 0.5760869874180983 0.10703125 0.1330227800317722 0.1015625
1 0.5307238944801129 0.059375 0.11413641233702024 0.09375
1 0.47100797524323373 0.03984375 0.09196140340856651 0.0765625
1 0.7190830109570486 0.10859375 0.1952694099013886 0.1765625
1 0.7790910308425509 0.234375 0.08894549756436802 0.0828125
1 0.7174131911509765 0.23671875 0.10933981818121907 0.0875
1 0.6419359042193455 0.209375 0.12033186525911965 0.090625
1 0.7063569143656153 0.18515625 0.10278980925276535 0.0703125
1 0.7418444009729347 0.159375 0.09031708279171564 0.071875
1 0.7855438080349493 0.11171875 0.07781708279171565 0.071875
1 0.8861477800317721 0.290625 0.22770443993645592 0.175
1 0.8674892832781829 0.1515625 0.1642648717519415 0.190625
1 0.4712803051922803 0.36875 0.22752853084255098 0.234375
1 0.3391848254848197 0.3203125 0.2755296542193456 0.209375
1 0.6400443474022122 0.05625 0.08872730925276535 0.0703125
1 0.5786704707790069 0.03125 0.10109094155801372 0.0625
1 0.9890176355516591 0.10625 0.021964728896681864 0.04375
0 0.9232153575484819 0.1640625 0.15356928490303617 0.2
0 0.9283080064928217 0.26875 0.1433839870143565 0.1375
0 0.18636023985373026 0.02421875 0.20397047970746054 0.0484375
0 0.28315874228606697 0.42265625 0.26089440990138846 0.1765625
0 0.13973207061355572 0.4859375 0.26544554220663674 0.16875
1 0.7276160799490465 0.32890625 0.2428535219140972 0.2171875
1 0.9876245052750058 0.30859375 0.02475098944998848 0.0515625
1 0.3965164898537303 0.02421875 0.2836579797074606 0.0484375