1 0.51875 0.4375 0.178125 0.196875
1 0.465625 0.140625 0.06875 0.1125
1 0.534375 0.1390625 0.1 0.140625
1 0.58125 0.05390625 0.065625 0.0984375
1 0.61171875 0.17578125 0.1421875 0.253125
1 0.671875 0.05 0.06875 0.1
1 0.72890625 0.03046875 0.05625 0.0609375
1 0.6703125 0.2265625 0.06875 0.109375
1 0.60234375 0.33515625 0.071875 0.0984375
1 0.6296875 0.459375 0.06875 0.10625
1 0.68125 0.4390625 0.06875 0.109375
1 0.74765625 0.403125 0.0984375 0.1453125
1 0.7203125 0.50625 0.065625 0.1078125
1 0.72890625 0.5859375 0.065625 0.096875
1 0.72890625 0.66875 0.075 0.1
1 0.67890625 0.82734375 0.14375 0.284375
1 0.75703125 0.8 0.1265625 0.265625
1 0.77734375 0.61640625 0.0625 0.1203125
1 0.828125 0.5953125 0.059375 0.1125
1 0.81796875 0.6671875 0.059375 0.0859375
1 0.78828125 0.92890625 0.078125 0.09375
1 0.81484375 0.85625 0.071875 0.0734375
1 0.87890625 0.86015625 0.0625 0.109375
1 0.884375 0.76796875 0.165625 0.1703125
1 0.84453125 0.71796875 0.078125 0.0984375
1 0.90703125 0.6515625 0.153125 0.20625
1 0.9015625 0.49765625 0.0828125 0.11875
1 0.93984375 0.55 0.0765625 0.1
1 0.94765625 0.61328125 0.0625 0.08125
1 0.9265625 0.3546875 0.146875 0.16875
1 0.81328125 0.27265625 0.06875 0.078125
1 0.79921875 0.33359375 0.071875 0.096875
1 0.8125 0.41328125 0.071875 0.109375
1 0.8484375 0.35390625 0.053125 0.0953125
1 0.88125 0.3234375 0.05625 0.08125
1 0.93671875 0.2875 0.0609375 0.065625
1 0.78125 0.140625 0.134375 0.2375
1 0.91328125 0.2 0.171875 0.1328125
1 0.925 0.03125 0.09375 0.0625
1 0.61953125 0.5546875 0.2046875 0.190625
1 0.6421875 0.69453125 0.1671875 0.246875
1 0.96328125 0.44296875 0.05625 0.078125
1 0.9765625 0.50703125 0.046875 0.09375
1 0.9703125 0.0453125 0.04375 0.06875
1 0.98359375 0.0671875 0.03125 0.05625
0 0.91484375 0.1171875 0.16875 0.175
0 0.8140625 0.090625 0.103125 0.18125
0 0.95 0.90546875 0.1 0.1890625
0 0.5296875 0.73203125 0.1375 0.2375
0 0.43828125 0.8703125 0.1234375 0.259375
1 0.709375 0.30703125 0.1828125 0.209375
1 0.78515625 0.03125 0.040625 0.0625
1 0.975 0.69296875 0.05 0.28125