1 0.5426673721622739 0.47766332589114635 0.2334512483751469 0.2209710359035419
1 0.8397878340128269 0.470510668215452 0.12501936525911966 0.09349803970326391
1 0.8276657094182163 0.40379529369041733 0.15845915665497756 0.13019925911805572
1 0.9006589245151805 0.341405702884723 0.11084777110331814 0.086920731382639
1 0.7764810848236058 0.3361707293858688 0.2783819188298423 0.200150696047778
1 0.8873561294658746 0.2527789607685077 0.11717959172016919 0.09175370174736122
1 0.8970135474849379 0.19204148252000075 0.08401253571381488 0.0706774823325695
1 0.7147720174531657 0.2894035257386464 0.12186709172016955 0.09186280452090285
1 0.6241412889635212 0.3771743230413547 0.11254663879807011 0.0947695989738195
1 0.49756515219404596 0.3750097981557296 0.11876936525911966 0.09335256933854179
1 0.5070998392878326 0.32130356990722264 0.12189436525911965 0.09342530452090295
1 0.5278856720795483 0.2498831647969796 0.16470915665497757 0.13034472948277792
1 0.43404416883313746 0.2977192931217365 0.12027731818121908 0.09026393692972227
1 0.35497427759943545 0.30525772976711835 0.10928527110331832 0.08688436379145843
1 0.2757543819015065 0.3213899164125002 0.1141364123370204 0.09636846656500016
1 0.1435027637997177 0.4010566197753821 0.2870055275994354 0.2083632395507642
1 0.14294454342610036 0.32062423736656265 0.2858890868522007 0.18786890159486136
1 0.31583963961214423 0.26370535619201413 0.13121481818121908 0.09051851006798621
1 0.326155576705931 0.2100173117390975 0.12332049756436803 0.08564917211208342
1 0.2577095397743 0.2357790715227433 0.09821140340856668 0.0788172906531945
1 0.032824362419745935 0.31644327080156254 0.06564872483949187 0.09851154160312507
1 0.07568224391421534 0.27609168094579867 0.0890000446422687 0.08797408510611122
1 0.0594374553577313 0.2155172036472223 0.1188749107154626 0.0871389369297223
1 0.14674081209543438 0.19021003875333348 0.2050262394466932 0.20312891926229187
1 0.20328113839432826 0.2196624558314238 0.11419095941492108 0.09949346656500006
1 0.2546039050334198 0.1450449687492016 0.23619441882984216 0.199168771085903
1 0.40587607873452586 0.12042944129812534 0.13466710064862308 0.10934124525034732
1 0.34695109212720643 0.09326622283326418 0.11575345941492117 0.09952983415618064
1 0.2835607479714051 0.09804333539045162 0.09355117694751698 0.08027068787965286
1 0.5370266672082844 0.08440363516170184 0.19782166558343128 0.1482959488975696
1 0.6412135608776184 0.16029594756638943 0.09209777110331849 0.08648432028847228
1 0.5852675239459874 0.18634864807947965 0.11095686525911966 0.09317073138263901
1 0.5054845665596612 0.18996265092927128 0.1219489123370204 0.0965503045209029
1 0.5547675462671218 0.1426525462558685 0.10440685633066593 0.07583776101791675
1 0.5780783612019299 0.10567987632798662 0.09190685633066593 0.07554682028847229
1 0.6009897556820428 0.046814022604514394 0.07927048863591431 0.06744337955902784
1 0.775561287338668 0.16498606040791733 0.2625387305182395 0.18728702013597243
1 0.6894931481335609 0.08091822530180613 0.16788870373287815 0.13354246466513903
1 0.8551551043020712 0.03788000617135488 0.09281479139585755 0.038083187879652855
1 0.4079571814150392 0.4041868454584378 0.23386035145940198 0.2444085359035419
1 0.26794979018133713 0.410306946047778 0.27876374837514695 0.222025696047778
1 0.4454255482957167 0.04866419728204899 0.09034435633066593 0.07551045269729174
1 0.3797869115262415 0.0479180084524656 0.1011727621748646 0.06951502583555565
0 0.7693170158283126 0.07496047245201454 0.20824096834337488 0.1188630220358335
0 0.8216374464292775 0.12229072055215347 0.2118841655834313 0.14862325721819464
0 0.052402251217815984 0.15436149810013894 0.10480450243563197 0.14309799620027785
0 0.2541855247600616 0.5272216891139239 0.26259327759614004 0.19041202013597242
0 0.14049872037526498 0.643371406344514 0.28099744075052996 0.18303593123013914
1 0.6283805499205697 0.26863512442812554 0.24762284253094827 0.22754834422416687
1 0.8854408478092495 0.1386255417905563 0.08064207386326175 0.05654224715020839
1 0.20013063920510712 0.08672266926229184 0.2847761948044244 0.11908253400368078