1 0.739640504548114 0.2686691078680293 0.10106169396136266 0.12843261646291487
1 0.10562087716935849 0.39364818068726615 0.10084337014004516 0.12374511646291486
1 0.9659097520669147 0.49624963251697307 0.06818049586617078 0.1341912935321364
1 0.1827570736119206 0.5605734090905401 0.10938361621110375 0.13977955223856356
1 0.8239106507430071 0.33777098993477633 0.10276974317557439 0.1316395036180446
1 0.6654174464425621 0.19775574230962553 0.09481169396136266 0.12810506784239584
1 0.27867104114693186 0.59521508197589 0.1127269400324213 0.14463082654882306
1 0.2169415208830522 0.4244212251239136 0.09913532092583344 0.12053822930778502
1 0.559646943547078 0.3028792542954132 0.09949919396136267 0.1283507293077851
1 0.3963721557054058 0.3948576351189648 0.09964474317557448 0.1314757293077852
1 0.23484168858467927 0.20636394391624915 0.10276974317557441 0.1316395036180446
1 0.5919028637299044 0.12532082032878672 0.09949919396136267 0.1283507293077851
1 0.48061656906380656 0.34627737222866606 0.09949919396136267 0.1283507293077851
1 0.9025857684018529 0.4206078233810045 0.10433224317557474 0.1317213907731744
1 0.3075130169541108 0.4447547365438743 0.1074572431755744 0.1318851650834338
1 0.29971536372990437 0.1100079223195231 0.09949919396136275 0.1283507293077851
1 0.08221534057054057 0.041717188489182225 0.09255568114108115 0.07966756784239586
1 0.21641090549600878 0.9317457242194024 0.12159251778268035 0.1341846494796016
1 0.7554924445805353 0.4082229307988078 0.08783394789030403 0.1121525192218769
1 0.93172734305174 0.1259847201470726 0.10226032092583352 0.12070200361804462
1 0.5154644882131757 0.07377493046012348 0.09655397642635144 0.09858134215265535
1 0.17000440074300704 0.30350121551297515 0.09583053846084474 0.14998006784239584
1 0.35739727708830527 0.06003557779201855 0.08666955417661049 0.08715251922187683
1 0.7702507272504118 0.7752876000661131 0.11857883374611511 0.16987648801421235
1 0.9677965646181367 0.6944414710515838 0.06440687076372668 0.13427318068726599
1 0.980507291356329 0.18098980268878956 0.03898541728734202 0.12408595318850332
1 0.5712459929661774 0.7025107620973292 0.12086907981717374 0.1855833751693421
1 0.3760019594677314 0.6268136420163698 0.1057149607105858 0.16140889077317447
1 0.8399168719975627 0.8989574734264331 0.11181941149637416 0.15861143939369313
1 0.5082258004525568 0.5207384616677879 0.10447779238978612 0.13484639077317445
1 0.11372039908586799 0.9022043091359686 0.1184332845319033 0.16675148801421252
1 0.6311387998333842 0.28168700700894667 0.0799829065339754 0.07744997060135787
1 0.08506228225559173 0.5211623490500603 0.10498721463952716 0.14578389077317447
1 0.4719887016098486 0.6630178149017197 0.10556941149637407 0.15828389077317445
1 0.6655610731976358 0.7362892978275495 0.11025691149637389 0.15852955223856355
1 0.31951878887062024 0.9491528912254299 0.11425089867609248 0.10169421754914013
1 0.595177836846487 0.4800935295101839 0.10000861621110371 0.139288229307785
1 0.6740262748119936 0.43278916157693087 0.09354029238978612 0.13427318068726604
1 0.8664642936281313 0.665766515149547 0.09372007485477489 0.10466756784239592
1 0.040558687551221946 0.10110215456798428 0.043249193961362745 0.12540279172311403
1 0.05196310772953914 0.8646766536634732 0.03144270678164431 0.17310330732694643
1 0.8479131151776464 0.08340439450276063 0.07562073821317554 0.05072369629109834
1 0.4267148587629965 0.9690836109222765 0.11606595574818708 0.06183277815544699
1 0.9196492597154006 0.7535022105361342 0.09964474317557474 0.131475729307785
1 0.5199939778695842 0.9936625480546922 0.121913541356329 0.012674903890615496