1 0.7632792117440431 0.2778076408211416 0.11229029238978612 0.13339783175849823
1 0.11492094850947669 0.35734376324684397 0.11058224317557448 0.1302182680561673
1 0.9659654100486319 0.5185492358264838 0.06806917990273612 0.13899306733052796
1 0.1782493560769093 0.5280307746795894 0.11912248924663302 0.14611608656782166
1 0.8424080936709124 0.35232898038418814 0.11243584160399785 0.13652283175849816
1 0.6950150552100677 0.20210574717441113 0.10604029238978611 0.1331795769491748
1 0.271365809343897 0.5679415012659443 0.12402831306795062 0.15096727767481416
1 0.22429810256225263 0.394702408707673 0.10723891935425689 0.12542164065150557
1 0.5793965173683955 0.2986855920949353 0.10916529238978612 0.13328870435383652
1 0.40761787075921774 0.3784846755827139 0.10931084160399784 0.13641370435383654
1 0.26113020678164434 0.18071431977759864 0.11243584160399785 0.1365228317584982
1 0.6274957613725395 0.12564988537884605 0.10916529238978612 0.1332887043538365
1 0.4961324071531479 0.3363368703179036 0.10916529238978612 0.13328870435383644
1 0.9135254224546288 0.4390502195844149 0.11399834160399784 0.136577395460829
1 0.3136709716688405 0.4212227578893663 0.1187586162111037 0.13830358656782166
1 0.3348887303552929 0.08969250489414145 0.10916529238978612 0.1332887043538365
1 0.124456344499482 0.026185532484137613 0.09891268899896401 0.04713294954451307
1 0.17983555065744458 0.8970163876562808 0.13289389081820957 0.1403571598887993
1 0.7674124017764644 0.4167882952676454 0.09593754631872749 0.11722719473518968
1 0.9559610556243525 0.1489634221241529 0.08807788875129496 0.12503969473518964
1 0.5554537874273875 0.06931555062512296 0.10465757485477489 0.10349207694917477
1 0.18815293320799575 0.2717634165122213 0.1069863622821623 0.1534920769491748
1 0.3986215905705406 0.051359180392037386 0.09411818114108117 0.07816469473518965
1 0.749285409839235 0.7811856119652011 0.13144270678164424 0.17618553248413757
1 0.9588496539480775 0.7155780032496789 0.08230069210384486 0.13937501324684387
1 0.9939897485522579 0.208839419128928 0.012020502895484241 0.12716270072563943
1 0.5565477921803892 0.6956771539831677 0.1352954528527029 0.19191965988879928
1 0.36678962530733167 0.6071528234057958 0.11850605913900907 0.1663740228654909
1 0.8082323784077035 0.9080407778444503 0.12468328453190339 0.16502977767481397
1 0.5089342758454509 0.5107193114248961 0.11421666542531543 0.14126489546082902
1 0.09002603390822157 0.8611210384745874 0.10785965756743261 0.17224207694917482
1 0.6527419720831252 0.2825273679556509 0.08496150496239867 0.08252481252120454
1 0.08327930438149822 0.4818154843909033 0.11628858767505648 0.1522569591631598
1 0.45923399048497815 0.6493800181409853 0.11836050992479734 0.16324902286549073
1 0.6473204954473768 0.7355060350160263 0.12312078453190338 0.16497521397248321
1 0.2810363316746912 0.9262897146054556 0.12250004631872766 0.11815477767481397
1 0.6001564352749104 0.47646585171358213 0.11123721463952715 0.14428076805616746
1 0.6832749962759463 0.43568957349061377 0.10476889081820957 0.13937501324684387
1 0.8560918738595896 0.6796181666818573 0.10182367328319834 0.10963294954451293
1 0.07549445967712844 0.0634747121583848 0.05411391935425687 0.12356647477225653
1 0.8884674946233165 0.10200408737042983 0.079036836641599 0.05579862141421192
1 0.3863252992097025 0.9576860309865252 0.12111732878371625 0.08462793802694968
1 0.9016462764646235 0.770126604793625 0.10931084160399784 0.13641370435383654
1 0.4784057913518197 0.9853993305773718 0.12383991439185812 0.02920133884525633