1 0.78515625 0.7125 0.125 0.09375
1 0.5828125 0.046875 0.121875 0.09375
1 0.5703125 0.96171875 0.1328125 0.0765625
1 0.4140625 0.1296875 0.1375 0.1
1 0.7203125 0.8015625 0.128125 0.0953125
1 0.8515625 0.63359375 0.125 0.0875
1 0.3890625 0.23046875 0.140625 0.10625
1 0.5625 0.16484375 0.1171875 0.0921875
1 0.728125 0.52421875 0.125 0.0921875
1 0.61328125 0.353125 0.128125 0.0921875
1 0.7953125 0.18203125 0.128125 0.09375
1 0.9203125 0.55703125 0.125 0.0921875
1 0.6734375 0.440625 0.125 0.0921875
1 0.6421875 0.88515625 0.128125 0.096875
1 0.55078125 0.26015625 0.128125 0.1
1 0.9046875 0.24921875 0.125 0.0921875
1 0.95703125 0.03203125 0.0859375 0.0625
1 0.0453125 0.165625 0.090625 0.115625
1 0.6390625 0.73046875 0.109375 0.08125
1 0.94921875 0.9125 0.1015625 0.096875
1 0.959375 0.47578125 0.08125 0.0921875
1 0.6859375 0.1140625 0.1484375 0.084375
1 0.9609375 0.309375 0.078125 0.084375
1 0.2515625 0.74765625 0.16875 0.1078125
1 0.36328125 0.96328125 0.1328125 0.0734375
1 0.90625 0.97578125 0.125 0.0484375
1 0.30625 0.53828125 0.184375 0.109375
1 0.365625 0.33359375 0.159375 0.096875
1 0.12890625 0.82109375 0.15625 0.103125
1 0.4921875 0.471875 0.1328125 0.096875
1 0.06484375 0.05703125 0.1296875 0.1078125
1 0.759375 0.5984375 0.075 0.0765625
1 0.446875 0.0375 0.14375 0.075
1 0.3375 0.4328125 0.15625 0.096875
1 0.28125 0.63671875 0.15625 0.1
1 0.03359375 0.2734375 0.0671875 0.109375
1 0.5453125 0.5625 0.1375 0.0921875
1 0.603125 0.64453125 0.1328125 0.084375
1 0.37890625 0.8484375 0.1015625 0.0875
1 0.984375 0.8265625 0.03125 0.0734375
1 0.01796875 0.38828125 0.0359375 0.1140625
1 0.290625 0.9046875 0.128125 0.0921875