1 0.4528404728156043 0.36983562867584513 0.12727320533113406 0.08467597241038013
1 0.5171590370805115 0.42906014247065505 0.10571645407749272 0.09446705223856355
1 0.3856469611371218 0.3193686391912947 0.10351745658477522 0.0725101650834338
1 0.4188866731321735 0.4936759203989592 0.11339256175762476 0.09018898801421252
1 0.24660747400273855 0.8383720239715752 0.1008016335443794 0.08640889077317446
1 0.3066464005666313 0.6967334006112554 0.0925344924781526 0.07037445499752568
1 0.33299830040834666 0.6343219318189199 0.08463106426490725 0.0668400192218769
1 0.2756524648315385 0.7609530308689803 0.08476745658477522 0.0715275192218769
1 0.3376871150689653 0.8492475689740496 0.10677884890464337 0.07736143939369348
1 0.35629339640999613 0.5744179873368438 0.0847219924781526 0.0699650192218769
1 0.3016848012662765 0.47243276345612567 0.0753469924781526 0.06947369629109837
1 0.037826889746078576 0.49330294267305363 0.04882995658477529 0.06964411465389268
1 0.36284858795107666 0.772814543759279 0.09717652837152987 0.06905761646291494
1 0.38986807752623537 0.7064558813893786 0.08775606426490726 0.06700379353213641
1 0.4083165491547055 0.6413288483726918 0.08293217194503914 0.06207063206674714
1 0.42761446694310956 0.5785046217784402 0.09257995658477522 0.0719369549975255
1 0.5228049464891384 0.5962066988930902 0.0923071719450391 0.06256195499752551
1 0.6021203734487426 0.6061338975590377 0.07516513605166182 0.06322369629109836
1 0.505896242807357 0.6604705947546472 0.0766821719450391 0.06174308344622812
1 0.48041652117888695 0.7259661199694178 0.09101745658477522 0.07185506784239593
1 0.46357601365703954 0.7925737658309748 0.08315949247815269 0.06988313206674715
1 0.43524407666830556 0.867608065356005 0.08490384890464338 0.0762150192218769
1 0.5224174677345323 0.8786883282463037 0.08173338479802066 0.07448874491161739
1 0.543695422669955 0.8032412709193576 0.09110838479802066 0.07498006784239583
1 0.5659819481384911 0.7355657700148464 0.09276181301126592 0.07818695499752568
1 0.5913934736070271 0.6677264948000756 0.08936402837152997 0.068648180687266
1 0.3460365433487177 0.3832573988022331 0.06560827962517113 0.056482373360319825
1 0.38142612556031363 0.4432155749669434 0.062210494985435 0.04694359905006031
1 0.2686389690546806 0.4123517565587207 0.0590854949854351 0.0467798247398008
1 0.19507944860070947 0.43889764642738394 0.0637729949854351 0.04702548620519007
1 0.11216766020004969 0.4667161092268256 0.06694345909205776 0.048751760515449584
1 0.14004025910469303 0.5372399711671847 0.06381845909205772 0.04858798620519007
1 0.22272472697223938 0.5016090083677429 0.06739810015828455 0.06437676051544941
1 0.05235004249078788 0.5621790954320157 0.0639548514119258 0.05327548620519007
1 0.2696869920159342 0.3676976758260261 0.09667642319868044 0.05187011646291486