1 0.4703125 0.3265625 0.1375 0.0828125
1 0.5375 0.3984375 0.1125 0.09375
1 0.39921875 0.26484375 0.1109375 0.071875
1 0.42421875 0.46171875 0.1203125 0.090625
1 0.20859375 0.8265625 0.10625 0.0859375
1 0.2859375 0.675 0.0984375 0.06875
1 0.31796875 0.60859375 0.090625 0.065625
1 0.24609375 0.74375 0.090625 0.071875
1 0.30859375 0.846875 0.115625 0.075
1 0.3484375 0.54453125 0.090625 0.06875
1 0.2953125 0.4265625 0.078125 0.06875
1 0.0125 0.42265625 0.025 0.0734375
1 0.3421875 0.765625 0.1046875 0.06875
1 0.3765625 0.69453125 0.09375 0.065625
1 0.40234375 0.6234375 0.0890625 0.0609375
1 0.428125 0.55625 0.0984375 0.071875
1 0.5328125 0.58515625 0.0984375 0.0609375
1 0.61953125 0.60390625 0.078125 0.0625
1 0.50859375 0.6546875 0.08125 0.0609375
1 0.4765625 0.725 0.096875 0.071875
1 0.45234375 0.796875 0.0890625 0.06875
1 0.415625 0.87734375 0.0890625 0.0765625
1 0.51171875 0.8984375 0.0875 0.075
1 0.540625 0.81640625 0.096875 0.075
1 0.5703125 0.74375 0.0984375 0.078125
1 0.603125 0.67109375 0.09375 0.06875
1 0.3515625 0.33203125 0.06875 0.0578125
1 0.38671875 0.40078125 0.0671875 0.046875
1 0.2640625 0.35546875 0.0625 0.046875
1 0.1796875 0.37890625 0.06875 0.046875
1 0.0859375 0.40078125 0.071875 0.0484375
1 0.1109375 0.48203125 0.06875 0.0484375
1 0.20546875 0.4515625 0.071875 0.065625
1 0.02265625 0.5015625 0.0453125 0.053125
1 0.26796875 0.30703125 0.1046875 0.0484375