1 0.3953125 0.559375 0.075 0.125
1 0.46171875 0.4984375 0.0875 0.103125
1 0.3390625 0.62421875 0.065625 0.1
1 0.51875 0.60234375 0.0828125 0.109375
1 0.85234375 0.7984375 0.078125 0.0984375
1 0.7140625 0.728125 0.0625 0.090625
1 0.653125 0.6984375 0.0609375 0.0828125
1 0.77734375 0.7640625 0.065625 0.0828125
1 0.87109375 0.7078125 0.06875 0.1046875
1 0.59453125 0.6703125 0.0625 0.0828125
1 0.4875 0.71953125 0.0625 0.071875
1 0.484375 0.9828125 0.065625 0.034375
1 0.796875 0.6765625 0.0625 0.0953125
1 0.73203125 0.6453125 0.0609375 0.084375
1 0.6671875 0.621875 0.05625 0.08125
1 0.60546875 0.5984375 0.065625 0.090625
1 0.63203125 0.50234375 0.05625 0.090625
1 0.6484375 0.4234375 0.0578125 0.071875
1 0.6953125 0.52421875 0.05625 0.075
1 0.759375 0.55390625 0.065625 0.0875
1 0.825 0.57578125 0.0625 0.08125
1 0.8984375 0.609375 0.0703125 0.08125
1 0.91796875 0.521875 0.06875 0.0796875
1 0.84296875 0.4953125 0.06875 0.0875
1 0.77734375 0.46875 0.071875 0.090625
1 0.71015625 0.43828125 0.0625 0.0875
1 0.40078125 0.66796875 0.053125 0.0625
1 0.46328125 0.6359375 0.04375 0.0625
1 0.42265625 0.7484375 0.04375 0.0578125
1 0.44296875 0.825 0.04375 0.0625
1 0.46328125 0.9109375 0.04375 0.065625
1 0.5375 0.88828125 0.04375 0.0625
1 0.509375 0.8015625 0.059375 0.065625
1 0.55546875 0.9734375 0.0484375 0.053125
1 0.37734375 0.74453125 0.04375 0.0953125