1 0.42379966695901333 0.3963089360809124 0.12987318380210838 0.08198631908544893
1 0.4845660706093349 0.4583958456236369 0.10838018577927463 0.09123405405833437
1 0.3587450113315255 0.34357430064048883 0.10592634783255317 0.06934996369925477
1 0.3828643077577536 0.5187561078220811 0.11606535178688589 0.08815450585373252
1 0.19329915308166784 0.8560146924256241 0.10337435079830275 0.08339428298109582
1 0.26071609924106587 0.7165300116092691 0.09492518083635879 0.0677238311856975
1 0.28972977859454996 0.6565282977136226 0.08698534684397004 0.06455337939029934
1 0.22607450239709587 0.7804061592481368 0.0871763478325532 0.06924087939029935
1 0.2833511501159183 0.870604433252242 0.1092423488211364 0.0740556444174139
1 0.31636787444993686 0.5972941982793567 0.08711268083635879 0.06767837939029935
1 0.2674767296968639 0.49307887607064965 0.07767401384016441 0.06606133723582168
1 0.01385561707274408 0.5040426053861943 0.02771123414548816 0.06746021077238851
1 0.3121884159332491 0.7957544241770557 0.09954901384016442 0.06618860226293624
1 0.34298742977341357 0.7302930506404888 0.08854784684397003 0.06456246974937904
1 0.3651290266173836 0.666344180128984 0.0852318458553869 0.059856789031219645
1 0.3879882064651593 0.6039623547970191 0.09498884783255317 0.06928633118569749
1 0.481659952016535 0.625606071521336 0.0930443458553869 0.05990224082661779
1 0.5600568660469799 0.6385651346548566 0.07592051285158127 0.06136474687674216
1 0.46111268867066213 0.6887827823919204 0.07735567885919252 0.05824883723582168
1 0.43268925832859484 0.7534765414671066 0.0934263478325533 0.06927724082661779
1 0.41204649448843045 0.8189970023376911 0.08555018083635879 0.06766928903121974
1 0.38011606216919686 0.8930475806947182 0.08580484882113648 0.07391928903121965
1 0.4662618092034473 0.9076145956236369 0.0841786818249421 0.07234769867214012
1 0.49116099152268083 0.8335231106507515 0.0935536818249421 0.07240224082661788
1 0.5173361723590398 0.7664719660369459 0.09524351581733086 0.0755363311856975
1 0.5458551031953986 0.6994344569617595 0.09017401384016441 0.06613406010845857
1 0.3163545814837498 0.40584249648395854 0.06629084486680367 0.05506020472226432
1 0.3482465686321685 0.4669799843837101 0.06434634288963732 0.04567611436318479
1 0.23796032604654233 0.4311737737095175 0.06122134288963732 0.04565793364502539
1 0.16275473760552928 0.4549607316532357 0.06590884288963736 0.04568520472226432
1 0.078923565666419 0.47947894262201596 0.06753500988583175 0.04725679508134384
1 0.1025892173395742 0.5507272287263694 0.06597250988583174 0.04724770472226432
1 0.18748814076155923 0.519182312937129 0.06973417984777566 0.06289088544042354
1 0.02323327566598149 0.5720931686179108 0.04646655133196298 0.050363614363184796
1 0.2413373354380825 0.3866516140685971 0.09728617688202609 0.048992011903856714