1 0.4453125 0.390625 0.12265625 0.07421875
1 0.50546875 0.45546875 0.10078125 0.08515625
1 0.38125 0.33515625 0.09921875 0.0640625
1 0.403125 0.51171875 0.1078125 0.08125
1 0.21015625 0.83984375 0.09609375 0.07734375
1 0.27890625 0.70390625 0.08828125 0.0625
1 0.30859375 0.64453125 0.08125 0.06015625
1 0.24375 0.765625 0.08125 0.0640625
1 0.3 0.85859375 0.103125 0.06796875
1 0.3359375 0.58671875 0.08125 0.0625
1 0.28828125 0.48046875 0.07109375 0.0625
1 0.0234375 0.47890625 0.04609375 0.06484375
1 0.3296875 0.78515625 0.09375 0.0609375
1 0.3609375 0.72109375 0.08359375 0.06015625
1 0.38359375 0.6578125 0.0796875 0.0546875
1 0.40703125 0.596875 0.08828125 0.0640625
1 0.50078125 0.62265625 0.08828125 0.0546875
1 0.57890625 0.63984375 0.07109375 0.05703125
1 0.4796875 0.68515625 0.07265625 0.0546875
1 0.45 0.7484375 0.08671875 0.0640625
1 0.42890625 0.81328125 0.0796875 0.0625
1 0.39609375 0.8859375 0.0796875 0.06953125
1 0.48203125 0.9046875 0.078125 0.06796875
1 0.5078125 0.83125 0.08671875 0.06796875
1 0.534375 0.765625 0.08828125 0.0703125
1 0.5640625 0.7 0.08515625 0.0609375
1 0.33828125 0.3953125 0.06171875 0.0515625
1 0.36953125 0.4578125 0.06015625 0.0421875
1 0.259375 0.4171875 0.05703125 0.0421875
1 0.184375 0.4375 0.06171875 0.0421875
1 0.1 0.4578125 0.0640625 0.04375
1 0.12265625 0.53046875 0.06171875 0.04375
1 0.2078125 0.50234375 0.0640625 0.05859375
1 0.034375 0.54765625 0.06015625 0.04765625
1 0.26328125 0.37265625 0.09375 0.04375