1 0.7416050714258341 0.8865819768647916 0.22584037385944472 0.22683604627041695
1 0.8784705982113202 0.9612331493480817 0.21460932028847246 0.07753370130383672
1 0.6295414825200008 0.9045001339268062 0.1905925516711111 0.19099973214638766
1 0.5720900455902784 0.7909184695578956 0.1815838404244447 0.3530273628234877
1 0.4338107552214243 0.8853605988218991 0.1585801386770836 0.2292788023562018
1 0.3237454241993757 0.8912285665563658 0.19397212480937523 0.2142375982129913
1 0.14231358624347296 0.8802523360381265 0.2484050516711113 0.20425467207625303
1 0.8684585121552786 0.9002274655007056 0.2158834924005557 0.1995450689985887
1 0.9023210998268407 0.7193703465848428 0.16330531268902818 0.30585235389503396
1 0.8194176808488894 0.7140185990204747 0.13379965064493077 0.31314665665497754
1 0.7229602549370839 0.6967162763750288 0.17308035619201423 0.32320349512873603
1 0.6588412439191671 0.5925139715864904 0.1760949469977085 0.2514103157455871
1 0.6241616918668063 0.8136934963432567 0.11036084422416685 0.24557732710967278
1 0.4465795928929867 0.6997013599808186 0.2234063580918752 0.2709785219140972
1 0.5000708816463202 0.8505741132272295 0.12645862290951407 0.2661625624991764
1 0.32154583814333404 0.8302774297868908 0.24175500816812515 0.18695807792045188
1 0.18271776785486174 0.737265995128736 0.1858336229095141 0.2671989569792892
1 0.08791441413138952 0.7574773092527652 0.14884407560680585 0.35557961850553055
1 0.048431727201667205 0.6380863810874323 0.07227896276527795 0.2199227621748646
1 0.09597560837621567 0.4663301578727935 0.17711323955076413 0.2951603157455871
1 0.21570688012770872 0.47701033360249456 0.20440047853284735 0.1925535129856435
1 0.21943390501333382 0.6035864703719698 0.2563630220358335 0.21064103977100465
1 0.14555934070878518 0.5499745008107789 0.1358673776591668 0.1335682508107789
1 0.346193813923299 0.4800689241048479 0.21977221181534742 0.24904897483619665
1 0.5543706430454864 0.532901418015768 0.2385209053945836 0.18221603084255095
1 0.7067851685967017 0.43794524837185167 0.2358686840799308 0.20247398376465037
1 0.8603478861116324 0.5265282816500345 0.26148562670923603 0.16231263392680617
1 0.88796629962908 0.4216322759679917 0.22406740074183987 0.19923988960884884
1 0.8929161582443751 0.3108584172016938 0.21416768351124987 0.2006932954530475
1 0.53727144918191 0.4021872061652149 0.23147212480937523 0.2148921631477993
1 0.4128715144363893 0.42578657304918777 0.14560735999173638 0.21651711850553051
1 0.309853004368403 0.294353566556366 0.19953244699770858 0.25181941882984216
1 0.24268499458475726 0.361122280842551 0.13924695079743063 0.14456029788867958
1 0.18866768218006963 0.2547535040571898 0.145463196047778 0.2774273449665802
1 0.08327166736243077 0.2560375401780418 0.1301992591180557 0.15845915665497756
1 0.06056282560680585 0.3540386635548364 0.1009118026210418 0.175128459414921
1 0.10109298736656262 0.14936084618439624 0.15774368407993072 0.20111030681713332
1 0.13435877583555564 0.10230461404130373 0.1562175516711113 0.20264553327818297
1 0.08419446846486116 0.06082049756436801 0.10588893692972232 0.12055005357072243
1 0.26639002583555565 0.10460922808260745 0.1859050516711113 0.20316373051823944
1 0.19872974715020839 0.08312396590774283 0.1568344943004168 0.16204780681713332
1 0.3953138064207639 0.07406043181548568 0.21250261284152785 0.13802965421934554
1 0.44131598423243057 0.03737863798399587 0.19825696846486113 0.06281146590774284
1 0.473185539703264 0.13164683522405235 0.222604964665139 0.1694432954530476
1 0.4616142196991321 0.2384326233734993 0.2616687710859029 0.2372853603878557
1 0.6242239756830557 0.2795366846548595 0.20185735999173637 0.21749896590774281
1 0.71146874933441 0.23654638960555366 0.20421994699770848 0.2519012394466932
1 0.7920634794827779 0.17625950040044652 0.1665017414506252 0.24187167451188502
1 0.9111583183886112 0.15959592613014753 0.14586193312999995 0.22745461850553061
1 0.9530347342324305 0.19162322199023224 0.09393053153513904 0.23291368587597075
1 0.9637209271460765 0.5222147029155086 0.07255814570784694 0.26548072402541756
1 0.9709723423243058 0.6925544764544591 0.05805531535138826 0.1652079886359143
1 0.9556395894745142 0.8843627321397973 0.08872082105097157 0.23127453572040543
1 0.6266008272223266 0.11323952881066082 0.17721972948277803 0.16552736282348776
1 0.7103212105810764 0.08658729991397918 0.1678434230620139 0.09820349512873605
1 0.5773268726251737 0.0764565491032003 0.18902874525034735 0.13605805113509045
1 0.292564240119445 0.6923274163942101 0.24975065254479195 0.262067172076253