1 0.83125 0.89609375 0.221875 0.2078125
1 0.93828125 0.971875 0.121875 0.05625
1 0.70859375 0.92265625 0.1859375 0.1546875
1 0.6359375 0.8171875 0.159375 0.365625
1 0.49140625 0.9109375 0.146875 0.178125
1 0.3703125 0.92578125 0.190625 0.146875
1 0.1484375 0.93671875 0.296875 0.1265625
1 0.93203125 0.9046875 0.1359375 0.190625
1 0.9609375 0.7046875 0.078125 0.3234375
1 0.903125 0.7078125 0.1109375 0.334375
1 0.79609375 0.7 0.153125 0.340625
1 0.7171875 0.5921875 0.165625 0.259375
1 0.69453125 0.840625 0.09375 0.2609375
1 0.4921875 0.73515625 0.215625 0.2765625
1 0.56171875 0.87734375 0.109375 0.2453125
1 0.36328125 0.89296875 0.246875 0.18125
1 0.2046875 0.8078125 0.175 0.2765625
1 0.08203125 0.82734375 0.1640625 0.3453125
1 0.0390625 0.715625 0.078125 0.2375
1 0.08671875 0.51875 0.16875 0.309375
1 0.22265625 0.51640625 0.2046875 0.19375
1 0.2359375 0.6546875 0.2625 0.20625
1 0.15 0.6046875 0.1359375 0.1328125
1 0.36640625 0.5046875 0.215625 0.253125
1 0.5984375 0.5390625 0.24375 0.178125
1 0.76015625 0.41640625 0.240625 0.1984375
1 0.89921875 0.49609375 0.2015625 0.15
1 0.921875 0.37734375 0.15625 0.196875
1 0.9234375 0.253125 0.153125 0.196875
1 0.57109375 0.396875 0.23125 0.2125
1 0.43515625 0.43671875 0.1375 0.225
1 0.3125 0.30390625 0.1921875 0.2578125
1 0.24296875 0.38515625 0.1375 0.1453125
1 0.17734375 0.275 0.128125 0.29375
1 0.0625 0.28828125 0.125 0.1625
1 0.04453125 0.3984375 0.0890625 0.184375
1 0.075 0.16875 0.15 0.20625
1 0.1046875 0.10859375 0.146875 0.2171875
1 0.04921875 0.0671875 0.096875 0.134375
1 0.25078125 0.10078125 0.1796875 0.2015625
1 0.17421875 0.0828125 0.1515625 0.165625
1 0.3921875 0.05859375 0.21875 0.115625
1 0.43984375 0.0140625 0.2125 0.028125
1 0.48125 0.10546875 0.228125 0.1625
1 0.47578125 0.225 0.2640625 0.234375
1 0.6578125 0.25078125 0.2 0.21875
1 0.75 0.19375 0.196875 0.2578125
1 0.83515625 0.121875 0.15625 0.24375
1 0.9484375 0.10234375 0.103125 0.2046875
1 0.6484375 0.075 0.178125 0.15
1 0.7390625 0.03671875 0.1765625 0.0734375
1 0.59375 0.04921875 0.196875 0.0984375
1 0.32265625 0.7453125 0.246875 0.2640625