1 0.36171875 0.31015625 0.08125 0.04765625
1 0.15546875 0.24375 0.08125 0.05
1 0.0875 0.30390625 0.08828125 0.06015625
1 0.3828125 0.2796875 0.08125 0.05546875
1 0.284375 0.2421875 0.06640625 0.04765625
1 0.1234375 0.2765625 0.07265625 0.05234375
1 0.25546875 0.38828125 0.07421875 0.05546875
1 0.2671875 0.33203125 0.07265625 0.05
1 0.31484375 0.33359375 0.0546875 0.05078125
1 0.209375 0.325 0.0796875 0.0359375
1 0.184375 0.2953125 0.084375 0.053125
1 0.21015625 0.265625 0.06796875 0.03984375
1 0.2578125 0.2875 0.07265625 0.0546875
1 0.30859375 0.28125 0.06484375 0.053125