1 0.8662986014119258 0.07516438301565401 0.09667642319868044 0.04964831050398355
1 0.9171025834652372 0.07742321648089115 0.08868206677218993 0.04317098997087014
1 0.4817728372261609 0.031971694839785784 0.11354567445232178 0.03921091567683305
1 0.5528211231195381 0.03247781169111778 0.09001724623907634 0.035403954077492826
1 0.4731696931904331 0.35332385761362495 0.11909699247815268 0.0690348079967011
1 0.536754820070895 0.33878163598515487 0.11694345909205772 0.04867684389007838
1 0.6667067445232167 0.3784699247815261 0.14575042069139812 0.07293269780928675
1 0.7138856214036785 0.36345033003351784 0.1671253155185486 0.05638169530200425
1 0.6495827436652869 0.5411146772888086 0.13619356426490725 0.06640991316955062
1 0.709997406439126 0.5249190274470932 0.12181281551854858 0.055063236209946353
1 0.4921734089464085 0.49672451662654044 0.16771634890464338 0.07669419530200425
1 0.28549149993349304 0.4758795045523465 0.12819920783841657 0.05993259263643722
1 0.3506618588672662 0.4621639970304991 0.12034124373179385 0.05814277210332382
1 0.5216563204666065 0.4905570846523714 0.16293792069139812 0.07343280298213628
1 0.10503111012090742 0.44408863229073814 0.10297188730530311 0.051392666930474284
1 0.18814748700136924 0.43011471199505164 0.1012729949854351 0.04665970282385157
1 0.26816291059576114 0.631493007059629 0.10784124373179385 0.057779059250342255
1 0.34103210926297756 0.614098570070895 0.10140938730530316 0.051347202823851565
1 0.6415071338735838 0.7196344823825157 0.17244931301126593 0.07839308762187222
1 0.6884132261143096 0.6952398876345075 0.16808006175762474 0.08919419530200426
1 0.2624046555811962 0.6750384185798269 0.10949467194503919 0.06094952335696498
1 0.8233578421077118 0.9333429443775675 0.13338681301126593 0.07725648495630537
1 0.8825820779219468 0.9030620624825406 0.14396060015828455 0.06507473370266403
1 0.6204996150689654 0.8829468246232416 0.15030152837152996 0.06838159012915454
1 0.6782977432030683 0.857307978621592 0.1285174565847754 0.07087009263643722
1 0.5054679969639921 0.8194944268930971 0.12351170783841656 0.05979620031656907
1 0.4474880124033983 0.8388832728947466 0.11900606426490726 0.06590980799670092
1 0.10546198528550962 0.7539948297043134 0.12851745658477526 0.07087009263643722
1 0.1829050236861694 0.7328305350354475 0.12038670783841651 0.05970527210332364
1 0.27730119602692 0.945555507059629 0.1673071719450392 0.06263169530200444
1 0.30708798442757984 0.9230045571387713 0.13390363855894433 0.04136444906292809
0 0.29324153463973607 0.01789951999175271 0.16773306927947215 0.023614659408626882
0 0.6721394244523217 0.055464333794441545 0.18927310015828452 0.06639319279472174
0 0.4820265529821362 0.17482678457322906 0.18977320533113406 0.08358069279472176
0 0.5335663209288248 0.17554585009177756 0.16160274122451135 0.08119983887551348
0 0.14796379005001242 0.122174179862598 0.1712050617576248 0.08928512351524956
0 0.19373929130365367 0.1125778710079671 0.15517088479802066 0.07476798244902275
0 0.8523450646606185 0.2394625637361818 0.20562552586424737 0.09184783386094855
0 0.87624556591426 0.2292297573888334 0.18191524122451136 0.08179087226160835
0 0.883573647267926 0.45425248944214475 0.2036538489046432 0.07773986975432585
0 0.8885733843358021 0.4114655958686354 0.21651756175762465 0.09060358260730728
0 0.8551795257977405 0.5783204752563798 0.19804034639736087 0.09943301332783516
0 0.8960856706248908 0.5623377740818809 0.17704588479802083 0.07540447994174038
0 0.8791351660060375 0.757772294535852 0.15558006175762457 0.0888304824490227
0 0.48968020942126217 0.6793096960934271 0.13196070533113408 0.08189852084968248
0 0.1195973784633075 0.5959466489837857 0.16500052586424746 0.09066576708875881
0 0.164477969450392 0.5824213580758434 0.150437920691398 0.07306909012915472
0 0.04491929037921683 0.7389632115993402 0.0485571719450392 0.05917642319868044
0 0.2985360353646519 0.7900556648189032 0.17718227711788864 0.0800919799417402
0 0.329839859658689 0.7659876790046682 0.18748327962517114 0.05853522868809904
0 0.043478810833187956 0.7162842295460289 0.046767351411925805 0.05131845909205772
0 0.45792071021268493 0.9756090684215423 0.13297763605166185 0.0487818631569155
0 0.48977010378619423 0.9734884588609486 0.11261967194503927 0.05302308227810286
0 0.6490912794921572 0.9967913981258558 0.1787614974927177 0.006417203748288358
0 0.6824577089590438 0.9895244674053281 0.1714036385589445 0.020951065189343865
0 0.11212482541466433 0.9025005258642474 0.12695495658477526 0.0708246285298145
0 0.13751963050837154 0.8899694336235218 0.12038670783841651 0.05970527210332364
0 0.3135984648980455 0.31511550079142286 0.17865384890464336 0.07701244404836291
0 0.3529648417785073 0.2998685855103012 0.17971624373179385 0.059870408154985635
0 0.14021478919208258 0.28509171700961655 0.1218128155185485 0.055063236209946444
0 0.17592496865896917 0.27832489146193823 0.11510817445232169 0.03925637978345566
1 0.6392767633278351 0.2137481952354972 0.09212531551854859 0.054199418184115535
1 0.6835579607414104 0.20645017227424362 0.10435253087881247 0.045188131037097
1 0.2873816427155795 0.16526025329870528 0.10632420783841656 0.059296095143719627
1 0.363648626022532 0.15733174452321666 0.09538670783841656 0.05897784639736088
1 0.03261317016267255 0.8525710705331134 0.017125315518548477 0.05201714106622681
1 0.04196647195767448 0.5570001577592743 0.05310827962517115 0.05462531551854859
0 0.058604739508651735 0.40448892319868046 0.08431281551854848 0.05397209765100204
1 0.04557823911294032 0.25189512061225566 0.040290030878812375 0.043324102665567035
1 0.96167619602692 0.9631277607872992 0.06629024122451135 0.07374447842540163