0 0.8354172660090733 0.646091896463959 0.1430056323171655 0.1439344507974308
0 0.24496952801112584 0.6018761969977084 0.20736811416679296 0.1969880220358334
0 0.49132183236404786 0.6974660264042365 0.26966812626704134 0.1640677256830557
0 0.808655819871016 0.411062279822709 0.14137949980360814 0.13296058320625015
0 0.7487535790443982 0.5003053113578478 0.21369992739850935 0.2111959924005557
0 0.9162956030485031 0.4432591436141674 0.16366356596219092 0.20378222948277802
0 0.8561342869881162 0.5770334251493063 0.22111245159900647 0.14262783035645848
0 0.742621232831586 0.6142405247887159 0.17440107806243949 0.16966180262104177
0 0.9734450277165383 0.42427406069225776 0.04903746369925486 0.10425239532659733
0 0.9412132689359396 0.5922967088686466 0.11181017447164336 0.15258209897381966
0 0.9040036395456401 0.6758170704759034 0.16336358411256385 0.152219729482778