1 0.98515625 0.14765625 0.0296875 0.0984375
1 0.98828125 0.09453125 0.021875 0.090625
1 0.98828125 0.55859375 0.0234375 0.1171875
1 0.99140625 0.48359375 0.015625 0.09375
1 0.6453125 0.5484375 0.059375 0.121875
1 0.66875 0.48203125 0.0375 0.121875
1 0.64296875 0.340625 0.059375 0.15
1 0.6640625 0.29296875 0.0390625 0.175
1 0.46640625 0.34921875 0.0546875 0.1375
1 0.49140625 0.2859375 0.04375 0.125
1 0.49375 0.51875 0.0625 0.171875
1 0.490625 0.73984375 0.0484375 0.13125
1 0.51328125 0.67265625 0.0484375 0.1234375
1 0.5046875 0.48828125 0.059375 0.165625
1 0.50234375 0.93359375 0.0421875 0.10625
1 0.52734375 0.846875 0.0375 0.103125
1 0.3234375 0.74921875 0.0484375 0.109375
1 0.35078125 0.67265625 0.0421875 0.103125
1 0.27578125 0.346875 0.0625 0.178125
1 0.30703125 0.2984375 0.075 0.1703125
1 0.27578125 0.7515625 0.0515625 0.1109375
1 0.06953125 0.13984375 0.065625 0.134375
1 0.109375 0.0796875 0.0515625 0.146875
1 0.09765625 0.35859375 0.05625 0.153125
1 0.1328125 0.29921875 0.059375 0.13125
1 0.15078125 0.48515625 0.0484375 0.1265625
1 0.12421875 0.5453125 0.05625 0.121875
1 0.171875 0.9140625 0.059375 0.13125
1 0.20390625 0.83359375 0.05 0.1234375
1 0.00625 0.7203125 0.0125 0.1734375
1 0.01640625 0.6890625 0.028125 0.140625
0 0.9890625 0.76015625 0.021875 0.175
0 0.99375 0.92578125 0.0125 0.1171875
0 0.98203125 0.35625 0.0359375 0.196875
0 0.83671875 0.55 0.065625 0.1953125
0 0.84296875 0.4953125 0.06875 0.165625
0 0.8515625 0.9078125 0.075 0.175
0 0.86796875 0.86015625 0.0625 0.159375
0 0.81328125 0.15234375 0.075 0.2125
0 0.828125 0.128125 0.065625 0.1875
0 0.58828125 0.10625 0.059375 0.209375
0 0.63515625 0.1078125 0.071875 0.215625
0 0.45234375 0.12890625 0.0828125 0.203125
0 0.47578125 0.0890625 0.059375 0.178125
0 0.26328125 0.0921875 0.075 0.15625
0 0.3 0.51015625 0.071875 0.1328125
0 0.3421875 0.909375 0.078125 0.1671875
0 0.36171875 0.8625 0.059375 0.153125
0 0.18046875 0.978125 0.05625 0.04375
0 0.15703125 0.70625 0.065625 0.1828125
0 0.18671875 0.67421875 0.0390625 0.1953125
0 0.20390625 0.98046875 0.0484375 0.0390625
0 0.02265625 0.89765625 0.0453125 0.128125
0 0.03125 0.87109375 0.05 0.1234375
0 0.66640625 0.7203125 0.0625 0.184375
0 0.6875 0.6796875 0.0421875 0.1875
0 0.6765625 0.90625 0.0453125 0.125
0 0.68828125 0.86953125 0.028125 0.11875
1 0.8140625 0.38046875 0.046875 0.09375
1 0.828125 0.334375 0.034375 0.1078125
1 0.82265625 0.7578125 0.05 0.1078125
1 0.84140625 0.67734375 0.0515625 0.096875
1 0.05703125 0.98984375 0.0515625 0.0203125
1 0.375 0.98359375 0.0515625 0.0328125
0 0.53984375 0.971875 0.0484375 0.05625
1 0.70078125 0.9953125 0.0421875 0.009375
1 0.0546875 0.0109375 0.078125 0.021875