1 0.99375 0.8828125 0.0125 0.1
1 0.659375 0.478125 0.059375 0.121875
1 0.6828125 0.5453125 0.0375 0.121875
1 0.65703125 0.6875 0.0609375 0.1515625
1 0.678125 0.73671875 0.040625 0.1765625
1 0.47890625 0.67890625 0.0546875 0.140625
1 0.50390625 0.74296875 0.04375 0.1265625
1 0.50625 0.5078125 0.0625 0.175
1 0.503125 0.284375 0.05 0.13125
1 0.52578125 0.35234375 0.05 0.125
1 0.5171875 0.53828125 0.059375 0.16875
1 0.51484375 0.08828125 0.04375 0.10625
1 0.53984375 0.1765625 0.0375 0.10625
1 0.33359375 0.275 0.05 0.1109375
1 0.3609375 0.35234375 0.04375 0.10625
1 0.28515625 0.68203125 0.0640625 0.1796875
1 0.31640625 0.73046875 0.0765625 0.171875
1 0.28515625 0.271875 0.053125 0.1125
1 0.0765625 0.890625 0.0671875 0.1359375
1 0.11875 0.93828125 0.053125 0.1234375
1 0.1046875 0.66953125 0.05625 0.1546875
1 0.140625 0.7296875 0.0609375 0.1328125
1 0.159375 0.5421875 0.05 0.128125
1 0.13125 0.48046875 0.05625 0.121875
1 0.18046875 0.10859375 0.0609375 0.13125
1 0.2125 0.18984375 0.05 0.125
1 0.009375 0.30390625 0.01875 0.175
1 0.02265625 0.33515625 0.028125 0.140625
0 0.990625 0.67265625 0.01875 0.2
0 0.853125 0.47578125 0.0671875 0.196875
0 0.859375 0.53125 0.06875 0.1671875
0 0.86796875 0.1140625 0.0765625 0.1765625
0 0.884375 0.1625 0.0625 0.1609375
0 0.8296875 0.878125 0.075 0.215625
0 0.84375 0.903125 0.065625 0.190625
0 0.6015625 0.90859375 0.059375 0.1828125
0 0.64921875 0.90703125 0.071875 0.1859375
0 0.4640625 0.89921875 0.084375 0.2
0 0.48828125 0.92578125 0.0609375 0.1484375
0 0.2734375 0.9296875 0.0765625 0.140625
0 0.309375 0.51640625 0.0734375 0.134375
0 0.35234375 0.11328125 0.078125 0.16875
0 0.37265625 0.16015625 0.0609375 0.15625
0 0.1890625 0.0328125 0.05625 0.065625
0 0.16484375 0.31796875 0.065625 0.184375
0 0.1953125 0.35078125 0.040625 0.196875
0 0.2125 0.03046875 0.05 0.0609375
0 0.00703125 0.53515625 0.0140625 0.1171875
0 0.0265625 0.1234375 0.053125 0.13125
0 0.0375 0.1515625 0.05 0.125
0 0.68046875 0.30390625 0.0625 0.1859375
0 0.7015625 0.34453125 0.04375 0.190625
0 0.69140625 0.115625 0.046875 0.1265625
0 0.70234375 0.153125 0.028125 0.1203125
1 0.83046875 0.64765625 0.046875 0.09375
1 0.84375 0.69453125 0.034375 0.109375
1 0.8390625 0.26640625 0.05 0.109375
1 0.8578125 0.34765625 0.053125 0.096875
1 0.0625 0.02109375 0.053125 0.0421875
1 0.3859375 0.0265625 0.053125 0.053125
0 0.553125 0.0390625 0.05 0.078125
1 0.715625 0.015625 0.04375 0.03125