1 0.82421875 0.01953125 0.0921875 0.0390625
1 0.875 0.01640625 0.08515625 0.0328125
1 0.43984375 0.01875 0.11015625 0.03125
1 0.5109375 0.01328125 0.08671875 0.0265625
1 0.44921875 0.34375 0.11328125 0.05546875
1 0.51171875 0.321875 0.11328125 0.03515625
1 0.64375 0.34609375 0.13984375 0.05625
1 0.6890625 0.32578125 0.16328125 0.03671875
1 0.6359375 0.5109375 0.1296875 0.05078125
1 0.6953125 0.4875 0.1171875 0.04140625
1 0.4765625 0.48515625 0.16171875 0.0578125
1 0.2703125 0.48828125 0.12265625 0.0453125
1 0.33359375 0.46640625 0.115625 0.0453125
1 0.50546875 0.475 0.15625 0.05546875
1 0.08828125 0.47734375 0.09921875 0.03984375
1 0.1703125 0.45390625 0.09765625 0.03515625
1 0.26171875 0.6453125 0.103125 0.0453125
1 0.33359375 0.61953125 0.09765625 0.03984375
1 0.63828125 0.68984375 0.16640625 0.059375
1 0.68359375 0.66015625 0.159375 0.07109375
1 0.25859375 0.68984375 0.1046875 0.0484375
1 0.83125 0.8828125 0.12578125 0.0625
1 0.88828125 0.8453125 0.13828125 0.0484375
1 0.6265625 0.85625 0.14375 0.05234375
1 0.6828125 0.8234375 0.12265625 0.05625
1 0.50859375 0.80625 0.11875 0.0453125
1 0.45234375 0.83203125 0.11328125 0.05234375
1 0.10703125 0.78671875 0.12265625 0.05625
1 0.1828125 0.75703125 0.115625 0.046875
1 0.2890625 0.95859375 0.16171875 0.04375
1 0.3171875 0.93203125 0.13125 0.0265625
0 0.25078125 0.015625 0.16484375 0.03125
0 0.0953125 0.0109375 0.109375 0.021875
0 0.6296875 0.02265625 0.184375 0.0453125
0 0.44765625 0.1640625 0.1828125 0.0625
0 0.49921875 0.15859375 0.15390625 0.06328125
0 0.1125 0.15078125 0.16328125 0.07109375
0 0.1578125 0.13515625 0.14921875 0.0578125
0 0.8203125 0.1859375 0.1984375 0.06953125
0 0.84296875 0.17265625 0.17578125 0.0609375
0 0.86328125 0.396875 0.196875 0.05546875
0 0.865625 0.353125 0.209375 0.06640625
0 0.8421875 0.52421875 0.18984375 0.078125
0 0.88203125 0.503125 0.1703125 0.05625
0 0.8765625 0.70078125 0.146875 0.07109375
0 0.48515625 0.6671875 0.12421875 0.06796875
0 0.11171875 0.62734375 0.15625 0.071875
0 0.15546875 0.60859375 0.14375 0.05625
0 0.03359375 0.7796875 0.0671875 0.05234375
0 0.3015625 0.80078125 0.1703125 0.0609375
0 0.33125 0.77265625 0.1828125 0.03671875
0 0.03203125 0.75703125 0.0640625 0.0453125
0 0.471875 0.975 0.12734375 0.04921875
0 0.50234375 0.965625 0.1078125 0.04921875
0 0.6640625 0.98671875 0.17578125 0.0265625
0 0.69609375 0.97734375 0.16640625 0.0453125
0 0.12265625 0.934375 0.1203125 0.05625
0 0.146875 0.91875 0.115625 0.046875
0 0.28828125 0.32421875 0.171875 0.0578125
0 0.3265625 0.30390625 0.17578125 0.03984375
0 0.1140625 0.3140625 0.1171875 0.0421875
0 0.14921875 0.303125 0.11171875 0.0265625
1 0.60625 0.18515625 0.08671875 0.04375
1 0.65 0.17265625 0.10078125 0.0328125
1 0.25390625 0.17734375 0.10078125 0.046875
1 0.32890625 0.16015625 0.090625 0.0484375
1 0.0234375 0.89609375 0.04609375 0.0484375
1 0.028125 0.59765625 0.05625 0.0484375
0 0.03984375 0.44296875 0.0796875 0.0453125
1 0.01796875 0.2921875 0.03515625 0.03984375
1 0.97109375 0.8984375 0.0578125 0.071875