1 0.9112016766788631 0.04214448213691953 0.09909202800763595 0.061408890773174366
1 0.9574494206715454 0.04593786748302698 0.08510115865690934 0.052941293532136356
1 0.5322766980028636 0.008646902420277717 0.11455339600572714 0.017293804840555434
1 0.6041880606699543 0.008018921020556855 0.09111589600572696 0.01603784204111371
1 0.48360557737904336 0.31157939337516616 0.12276588534372675 0.08294969810012062
1 0.5491214893777707 0.2987651328597166 0.11784202800763595 0.06239153663473136
1 0.6746942013844522 0.34143291044933644 0.1493829293443632 0.08902927973732648
1 0.7229953413828614 0.32717565864031417 0.16796929734245403 0.07594942559888347
1 0.6374952880728604 0.5036363393275802 0.13837270401018137 0.08220606965141819
1 0.6998589280712695 0.4886421031223902 0.12416475334181776 0.06896908525525039
1 0.48528735073199697 0.45611064337516616 0.171330654678545 0.09642569990914289
1 0.2817350893936791 0.43003722354203394 0.13046929734245422 0.07398413387576941
1 0.3480322513924064 0.4171820194490195 0.12265679734245412 0.07357469810012063
1 0.5157015567313608 0.4498263438501359 0.16504429201145393 0.09297315128862386
1 0.10464533072086116 0.3939779720716959 0.10536020934118144 0.06329893939369331
1 0.18971976471990665 0.3824838721171244 0.10374316534054513 0.058529552238563556
1 0.2452265194143599 0.5843872088427128 0.11012043467536321 0.06979460085908258
1 0.3208805000795418 0.5694781818189198 0.10379770934118149 0.06321705223856355
1 0.6075094380967228 0.6810962760077401 0.17605451734563574 0.09979636137453234
1 0.658054330760632 0.6581224434660232 0.17147610534690844 0.10892569990914289
1 0.23401684675363238 0.628751362506186 0.11328179734245411 0.07308337516934209
1 0.7632707314608123 0.8996338348050245 0.13693747334499945 0.09306168249628825
1 0.8262519894573124 0.8705361550222694 0.14616702267663592 0.08105300542706714
1 0.5664224561186764 0.8450669227738082 0.1524715666772723 0.08606805404758618
1 0.6278866674490401 0.8199573801461831 0.13215906667727229 0.08500352103089917
1 0.4593361147755859 0.7787602493226314 0.1257817973424542 0.07373847241038015
1 0.39935258744426766 0.796756654795127 0.12272952267663584 0.07982469810012063
1 0.07071796276254105 0.7029745137948099 0.12590906667727225 0.08467597241038013
1 0.1478889900938593 0.6840773496158872 0.12267497867599957 0.07513719810012062
1 0.2160593767902216 0.8993880891004377 0.16804202267663587 0.08219942559888338
1 0.24862642878735808 0.8765747088427128 0.13497498400699967 0.05860479534115868
0 0.719404528007636 0.03168991576283207 0.18998974801081764 0.06337983152566413
0 0.5143635866884081 0.1332972631174414 0.19175224267981755 0.10686523292582972
0 0.5659806306890445 0.13528248699815956 0.16357269867918128 0.1007037641334942
0 0.18691020134468128 0.07384917853955952 0.1746192866804539 0.11065197421940245
0 0.2344846353437268 0.06432037030810209 0.15881247334499946 0.09420810266810493
0 0.8771641260343621 0.2073091367049038 0.20904883068109034 0.11714099163225702
0 0.9020550380330894 0.1966239422228278 0.18546588001272682 0.1034126843053107
0 0.8820078093968607 0.42203005597220916 0.20419769867918128 0.10283283016686777
0 0.8908445443586807 0.3793102894638658 0.21831091128263863 0.11615170171816525
0 0.8381043627466326 0.545498533470972 0.202871556015272 0.12306344301173802
0 0.8809185714114964 0.5299653867049038 0.179143154678545 0.09683513568479185
0 0.8401952161043589 0.725186033470972 0.1589579240133631 0.10670810266810485
0 0.4615969540897232 0.6371492814348071 0.13542951734563574 0.09766729534115867
0 0.1009401700747693 0.5458270771146501 0.1683511053469085 0.10876192559888338
0 0.1476969914067239 0.5332142124607575 0.1525261106779086 0.09075555404758581
0 0.02125376475967754 0.6844602091813972 0.027307934675363233 0.06545458163720567
0 0.25646510610276796 0.7440521359119343 0.17919769867918128 0.10152263568479167
0 0.2905855674331318 0.7203756184990798 0.18675566000954502 0.08005707146044046
0 0.02099013542326859 0.6618039591813971 0.027217028007636014 0.057642081637205675
0 0.39321277013044853 0.9409160905707757 0.13521134134309049 0.07891729534115868
0 0.4244264074633577 0.9361533474681807 0.11642497867599957 0.0748096494796016
0 0.5787053748010392 0.9601187126879001 0.1783613573360908 0.02964763568479185
0 0.6130076494668575 0.9520671952750455 0.17225680800445425 0.04182008706427283
0 0.06541393944935829 0.8517805059928939 0.11184656667727225 0.08393898801421215
0 0.0832554201145402 0.8399013037089016 0.12267497867599957 0.07513719810012062
0 0.32911752470558914 0.2696452781554467 0.18072383601209036 0.09847952283992142
0 0.3703783240372256 0.25497526854450825 0.18052384134309046 0.08129202283992143
0 0.15908628803308938 0.23556128448702482 0.1241829346753632 0.07053158525525038
0 0.19575958469922577 0.22973068634147564 0.11460794000636336 0.05285276232447185
1 0.666516980028635 0.17613545906985545 0.09444089067472686 0.0642882293077851
1 0.7117840266947715 0.16985448157109265 0.10528748400699968 0.0570489393936934
1 0.32189427601845366 0.11915063319840087 0.10857611600890867 0.07127521370395287
1 0.3984295040181355 0.11279441259704301 0.09918293467536321 0.06922139077317438
1 0.030881661401951387 0.504158555517924 0.05067270934118147 0.06043288896415202
0 0.0635203440483614 0.3531382881050694 0.08819089067472692 0.06396068068726617
1 0.06877891402768055 0.20042604590698554 0.042714758672817904 0.04752345318850333
1 0.8980093581317213 0.9238415394638657 0.07100339067472702 0.06305992198083885