1 0.55859375 0.80859375 0.11171875 0.13203125
1 0.4859375 0.76328125 0.11328125 0.13203125
1 0.709375 0.571875 0.1078125 0.11796875
1 0.36953125 0.57109375 0.103125 0.11796875
1 0.39453125 0.68046875 0.10625 0.125
1 0.63984375 0.5671875 0.09921875 0.115625
1 0.4296875 0.83359375 0.11171875 0.1296875
1 0.6171875 0.68359375 0.11015625 0.125
1 0.44609375 0.54453125 0.1078125 0.1203125
1 0.3015625 0.5828125 0.103125 0.12265625
1 0.6421875 0.8625 0.1171875 0.13203125
1 0.334375 0.6421875 0.11015625 0.12265625
1 0.35078125 0.8640625 0.1203125 0.12734375
1 0.5390625 0.471875 0.10625 0.115625
1 0.3734375 0.76484375 0.10625 0.12734375
1 0.62734375 0.765625 0.1203125 0.12734375
1 0.67265625 0.6421875 0.10078125 0.12265625
1 0.57734375 0.53515625 0.090625 0.12265625
1 0.4984375 0.41953125 0.10625 0.1109375
1 0.47578125 0.4796875 0.09765625 0.1109375