1 0.80859375 0.44140625 0.13125 0.1125
1 0.76328125 0.5140625 0.13125 0.1125
1 0.571875 0.290625 0.11875 0.1078125
1 0.57109375 0.63046875 0.11875 0.103125
1 0.68046875 0.60546875 0.125 0.10625
1 0.5671875 0.36015625 0.115625 0.1
1 0.83359375 0.5703125 0.1296875 0.1125
1 0.68359375 0.3828125 0.125 0.109375
1 0.54453125 0.55390625 0.1203125 0.1078125
1 0.5828125 0.6984375 0.121875 0.103125
1 0.8625 0.3578125 0.13125 0.1171875
1 0.6421875 0.665625 0.121875 0.109375
1 0.8640625 0.64921875 0.128125 0.1203125
1 0.471875 0.4609375 0.115625 0.10625
1 0.76484375 0.6265625 0.128125 0.10625
1 0.765625 0.37265625 0.128125 0.1203125
1 0.6421875 0.32734375 0.121875 0.1
1 0.53515625 0.42265625 0.121875 0.090625
1 0.41953125 0.5015625 0.1109375 0.10625
1 0.4796875 0.52421875 0.1109375 0.096875