1 0.809375 0.5609375 0.134375 0.1125
1 0.7640625 0.4875 0.134375 0.1140625
1 0.57109375 0.7125 0.11875 0.109375
1 0.5703125 0.3703125 0.11875 0.103125
1 0.68125 0.3953125 0.1265625 0.10625
1 0.56640625 0.64296875 0.115625 0.1
1 0.834375 0.43125 0.13125 0.1125
1 0.68359375 0.61953125 0.1265625 0.1109375
1 0.54375 0.44765625 0.121875 0.109375
1 0.58203125 0.3015625 0.1234375 0.103125
1 0.8640625 0.64453125 0.134375 0.11875
1 0.64140625 0.33515625 0.1234375 0.1109375
1 0.865625 0.3515625 0.128125 0.121875
1 0.4703125 0.54140625 0.115625 0.10625
1 0.765625 0.37421875 0.128125 0.10625
1 0.76640625 0.63046875 0.128125 0.121875
1 0.64140625 0.67578125 0.1234375 0.1015625
1 0.534375 0.5796875 0.1234375 0.090625
1 0.41796875 0.5 0.1125 0.10625
1 0.47890625 0.47734375 0.1125 0.0984375