0 0.21265775063528453 0.6606490288337483 0.18997109456891897 0.18179087226160834
0 0.6272761745528042 0.8934816315658225 0.17416408404557515 0.1782112311953817
0 0.29426479543008244 0.7191087350228121 0.21324199459715382 0.1528307979675713
0 0.6630309350055608 0.8152285994333688 0.14456758930724725 0.1789099131695507
0 0.509489435076148 0.8937891716158347 0.22609060509226264 0.18596154671392995
0 0.5190989244822171 0.8225362972426554 0.165638952503779 0.13896687476889086
0 0.5141978638318164 0.6924312600956368 0.19654034200867015 0.10710912100796718
0 0.2502843661803037 0.4029585492877195 0.19556864718563743 0.19755226458147632
0 0.4189679347937993 0.6000511949727998 0.17668286831702953 0.11433058762187223
0 0.41965266132803747 0.8293295180131957 0.15128802616718495 0.16038723370266403
0 0.22244633446909826 0.26494172374004116 0.19908848933548198 0.1508591210079671
0 0.7552030244539821 0.7860291812492533 0.18833299985882554 0.15366587226160835
0 0.5821589085560271 0.6771950535108615 0.18936487884037306 0.1178193004748536
0 0.3774937953594953 0.6425940476383667 0.19681335779368575 0.1117966210079672
0 0.1722881687970222 0.38962948667216485 0.1951738050357929 0.24433633636823107
0 0.4774875481315055 0.7870905422280905 0.12346686305535766 0.1112223079967011
0 0.5679683349632084 0.7735388560972863 0.18146137357870132 0.11602947994174037
0 0.7589734955853741 0.8685916286628285 0.1476771787556686 0.20551787727617343
0 0.3485020583019134 0.4172590785171792 0.13279563140062187 0.19104620031656908
0 0.3728826190934883 0.6949832617449895 0.20884292093374796 0.13086486975432585
0 0.30857865343552965 0.834901219583406 0.1457506577089811 0.19922241316955044
0 0.40275285864073174 0.7713268013992906 0.1920040314288567 0.1631318004748536
0 0.31788066083392724 0.3136399850228122 0.16207433674699834 0.10454641066226814