0 0.290625 0.71953125 0.153125 0.1484375
0 0.765625 0.884375 0.13125 0.1765625
0 0.3859375 0.7625 0.1859375 0.1125
0 0.77734375 0.7890625 0.10625 0.1578125
0 0.6484375 0.89921875 0.190625 0.1546875
0 0.6375 0.82265625 0.140625 0.109375
0 0.59765625 0.69609375 0.18125 0.065625
0 0.25859375 0.46171875 0.15625 0.165625
0 0.478125 0.6234375 0.159375 0.0796875
0 0.540625 0.84765625 0.11875 0.1359375
0 0.19375 0.3328125 0.171875 0.1125
0 0.86171875 0.74453125 0.159375 0.11875
0 0.6609375 0.66953125 0.1703125 0.0796875
0 0.44765625 0.67265625 0.18125 0.0703125
0 0.17734375 0.46328125 0.140625 0.215625
0 0.58671875 0.7953125 0.103125 0.0890625
0 0.67265625 0.76640625 0.1625 0.0796875
0 0.88828125 0.8234375 0.1 0.1875
0 0.359375 0.45859375 0.0890625 0.175
0 0.45703125 0.725 0.1875 0.0875
0 0.43125 0.871875 0.1 0.18125
0 0.5078125 0.79375 0.1609375 0.128125
0 0.3015625 0.36171875 0.146875 0.071875