0 0.2921875 0.715625 0.15234375 0.14765625
0 0.76484375 0.87890625 0.13046875 0.175
0 0.3875 0.7578125 0.18515625 0.1109375
0 0.7765625 0.784375 0.1046875 0.15625
0 0.64765625 0.89375 0.18828125 0.15390625
0 0.63671875 0.8171875 0.1390625 0.1078125
0 0.59765625 0.6921875 0.18046875 0.06484375
0 0.2609375 0.459375 0.15390625 0.1640625
0 0.47890625 0.6203125 0.1578125 0.07890625
0 0.540625 0.8421875 0.1171875 0.13515625
0 0.196875 0.33125 0.17109375 0.1125
0 0.86015625 0.73984375 0.159375 0.1171875
0 0.6609375 0.665625 0.16953125 0.07890625
0 0.44921875 0.66875 0.1796875 0.0703125
0 0.18046875 0.4609375 0.13984375 0.21484375
0 0.58671875 0.790625 0.1015625 0.0890625
0 0.671875 0.76171875 0.16171875 0.07890625
0 0.8859375 0.81875 0.09921875 0.18515625
0 0.3609375 0.45625 0.08828125 0.1734375
0 0.45859375 0.7203125 0.18671875 0.0875
0 0.4328125 0.8671875 0.09921875 0.17890625
0 0.50859375 0.7890625 0.16015625 0.1265625
0 0.30390625 0.3609375 0.1453125 0.07109375