0 0.7296875 0.2890625 0.15 0.15625
0 0.89609375 0.771875 0.178125 0.134375
0 0.77265625 0.3859375 0.1140625 0.1890625
0 0.8 0.78359375 0.159375 0.1078125
0 0.91171875 0.65234375 0.15625 0.1921875
0 0.83359375 0.640625 0.109375 0.1421875
0 0.70546875 0.60078125 0.065625 0.184375
0 0.4671875 0.25703125 0.1671875 0.1578125
0 0.63203125 0.4796875 0.08125 0.1609375
0 0.859375 0.54296875 0.1375 0.1203125
0 0.3359375 0.190625 0.115625 0.175
0 0.7546875 0.86875 0.1203125 0.1625
0 0.678125 0.665625 0.08125 0.171875
0 0.68125 0.44921875 0.071875 0.184375
0 0.46953125 0.17421875 0.2203125 0.14375
0 0.80625 0.58984375 0.090625 0.103125
0 0.7765625 0.6765625 0.08125 0.165625
0 0.83515625 0.8953125 0.1890625 0.1015625
0 0.4640625 0.359375 0.178125 0.090625
0 0.734375 0.45859375 0.090625 0.190625
0 0.884375 0.43203125 0.1828125 0.1015625
0 0.8046875 0.509375 0.128125 0.1625
0 0.36640625 0.3 0.071875 0.1484375