1 0.96328125 0.809375 0.0734375 0.178125
1 0.97734375 0.64296875 0.0453125 0.1890625
1 0.99453125 0.51171875 0.0109375 0.0953125
1 0.9859375 0.3484375 0.028125 0.153125
1 0.959375 0.4640625 0.08125 0.14375
1 0.9671875 0.221875 0.065625 0.128125
1 0.9921875 0.1375 0.015625 0.0953125
1 0.92109375 0.06171875 0.1578125 0.1234375
1 0.91171875 0.13046875 0.171875 0.1578125
1 0.89921875 0.4765625 0.140625 0.1796875
1 0.9171875 0.32109375 0.165625 0.11875
1 0.790625 0.10078125 0.128125 0.2
1 0.74375 0.2640625 0.11875 0.184375
1 0.82109375 0.41875 0.084375 0.209375
1 0.77578125 0.58359375 0.1109375 0.209375
1 0.8515625 0.58359375 0.10625 0.1875
1 0.8421875 0.7015625 0.165625 0.159375
1 0.8359375 0.80234375 0.15 0.1953125
1 0.74765625 0.7875 0.1296875 0.171875
1 0.70234375 0.73828125 0.1375 0.16875
1 0.6265625 0.7203125 0.165625 0.1421875
1 0.665625 0.57734375 0.165625 0.125
1 0.6171875 0.5265625 0.153125 0.153125
1 0.60078125 0.34296875 0.084375 0.196875
1 0.66640625 0.35078125 0.0796875 0.20625
1 0.68671875 0.1734375 0.078125 0.196875
1 0.621875 0.1875 0.084375 0.203125
1 0.546875 0.14921875 0.103125 0.153125
1 0.49609375 0.3359375 0.121875 0.165625
1 0.5328125 0.43203125 0.159375 0.09375
1 0.49921875 0.54453125 0.1140625 0.1796875
1 0.515625 0.7265625 0.1375 0.15625
1 0.43125 0.65546875 0.0828125 0.1796875
1 0.415625 0.503125 0.1734375 0.115625
1 0.42890625 0.38359375 0.08125 0.1734375
1 0.43203125 0.25625 0.125 0.1875
1 0.3171875 0.38359375 0.1296875 0.0875
1 0.36328125 0.35234375 0.103125 0.075
1 0.2890625 0.29453125 0.1 0.1109375
1 0.24296875 0.521875 0.1484375 0.134375
1 0.19296875 0.6328125 0.1375 0.1
1 0.18515625 0.43515625 0.1375 0.15
1 0.159375 0.37109375 0.1375 0.10625
1 0.171875 0.2765625 0.1265625 0.0953125
1 0.11796875 0.32265625 0.09375 0.0609375
1 0.13828125 0.5578125 0.103125 0.1015625
1 0.0890625 0.47734375 0.065625 0.0765625
1 0.07734375 0.40078125 0.046875 0.10625
1 0.92421875 0.60390625 0.11875 0.209375
1 0.8578125 0.278125 0.1640625 0.1578125
1 0.82734375 0.2140625 0.15 0.1875
1 0.75078125 0.3734375 0.09375 0.203125
1 0.7390625 0.47734375 0.0765625 0.1125
1 0.5171875 0.6453125 0.0953125 0.1375