1 0.80546875 0.946875 0.1671875 0.10625
1 0.65078125 0.96015625 0.17734375 0.0796875
1 0.528125 0.9765625 0.0890625 0.046875
1 0.375 0.96875 0.14375 0.0625
1 0.48203125 0.94296875 0.134375 0.11328125
1 0.25625 0.95078125 0.1203125 0.0984375
1 0.17734375 0.9734375 0.0890625 0.053125
1 0.08515625 0.9015625 0.15703125 0.171875
1 0.1703125 0.8796875 0.14765625 0.16015625
1 0.49375 0.86796875 0.16796875 0.13203125
1 0.34921875 0.89609375 0.1109375 0.17578125
1 0.1421875 0.76640625 0.1890625 0.1203125
1 0.2953125 0.72265625 0.1734375 0.1109375
1 0.43984375 0.7953125 0.19609375 0.0796875
1 0.59375 0.75234375 0.19609375 0.10390625
1 0.59375 0.82421875 0.175 0.1
1 0.7046875 0.81484375 0.14921875 0.1546875
1 0.79921875 0.809375 0.1828125 0.13984375
1 0.78515625 0.7265625 0.16171875 0.12109375
1 0.73828125 0.684375 0.15859375 0.1296875
1 0.721875 0.61328125 0.13359375 0.15625
1 0.58828125 0.65 0.115625 0.1546875
1 0.540625 0.60390625 0.14296875 0.14296875
1 0.36953125 0.5890625 0.184375 0.0796875
1 0.37578125 0.65078125 0.19296875 0.075
1 0.21015625 0.66953125 0.18515625 0.0734375
1 0.2234375 0.60859375 0.190625 0.0796875
1 0.18828125 0.53828125 0.14375 0.09765625
1 0.3625 0.490625 0.1546875 0.11484375
1 0.45234375 0.525 0.08828125 0.14921875
1 0.5578125 0.49375 0.16796875 0.10703125
1 0.728125 0.509375 0.146875 0.128125
1 0.66171875 0.43046875 0.16796875 0.07734375
1 0.51875 0.415625 0.1078125 0.1625
1 0.40703125 0.428125 0.1625 0.07578125
1 0.28828125 0.43125 0.175 0.1171875
1 0.40703125 0.3234375 0.0828125 0.12109375
1 0.378125 0.36640625 0.06953125 0.09609375
1 0.32421875 0.29765625 0.10390625 0.09296875
1 0.53671875 0.25390625 0.125 0.13828125
1 0.640625 0.20703125 0.09296875 0.1296875
1 0.45546875 0.2 0.13984375 0.1296875
1 0.3953125 0.17578125 0.1 0.128125
1 0.30703125 0.1875 0.0890625 0.11875
1 0.35 0.1375 0.05703125 0.08828125
1 0.5703125 0.15625 0.09453125 0.09609375
1 0.49453125 0.11015625 0.071875 0.06171875
1 0.4234375 0.09921875 0.1 0.04375
1 0.61328125 0.8921875 0.19609375 0.1109375
1 0.3078125 0.8296875 0.14765625 0.153125
1 0.24765625 0.8015625 0.17578125 0.13984375
1 0.39765625 0.7296875 0.1890625 0.08828125
1 0.49453125 0.71875 0.10546875 0.071875
1 0.65234375 0.5109375 0.128125 0.0890625