1 0.8546346060804829 0.9015114975142915 0.19587248407381005 0.15248295285270289
1 0.7048019350761479 0.9404282167064417 0.19763240514873245 0.11914356658711647
1 0.5873190324876643 0.9747646753501129 0.10235072625188942 0.050470649299774094
1 0.43498298776345357 0.9783926354415261 0.15832771046687402 0.043214729116947834
1 0.535604614043578 0.9431486482618077 0.16582096302712265 0.11370270347638467
1 0.31558824565596133 0.9734289995857154 0.14453822625188958 0.05314200082856928
1 0.13878282195020314 0.9460060128202816 0.20030237884037314 0.10798797435943683
1 0.21790887982859353 0.9307834272121397 0.18980449459715382 0.13843314557572056
1 0.532805108711319 0.8857386784504848 0.20514106826055958 0.17784682588823203
1 0.395381432445312 0.9196340655491501 0.16037459983059071 0.16073186890169994
1 0.16795365343552965 0.8554281703877141 0.22196454721387227 0.1723973465663967
1 0.31087617178079396 0.7821812231165826 0.20404900512049745 0.159096825888232
1 0.46664105339317735 0.8246877084342742 0.21665542093374804 0.1347517973521847
1 0.6102993191076058 0.7522583984666954 0.22427049985882555 0.15848039578060824
1 0.6233915823323726 0.8233714191448598 0.20184946828879458 0.14808655128112633
1 0.7309534533508251 0.7923462051245053 0.19364212613895013 0.19445212903138528
1 0.8224352980609183 0.7684057450330921 0.22140310509226274 0.18951207195929082
1 0.7933463085136749 0.6894973409803161 0.19503802616718496 0.164910178245597
1 0.7396066584854399 0.6572263424280582 0.1954930524755442 0.172722678245597
1 0.7105708768448217 0.5908543256788352 0.17792612087727805 0.19216188296032682
1 0.5855183979620963 0.6531830436281313 0.16037459983059071 0.18511136228216235
1 0.5304437610880411 0.6169330204687674 0.18353908404557515 0.18151548138875012
1 0.35931991900878374 0.6363807255977819 0.2055359104104042 0.13111737510244392
1 0.3762197216960893 0.695920545490158 0.21160389988706055 0.1282834735308672
1 0.21738377701423098 0.7464919720831252 0.2036093893637169 0.12479460049533805
1 0.21863473485026894 0.6846640601724665 0.21187691567207612 0.13297097353086737
1 0.17135718742463515 0.622142635441526 0.17005343671876347 0.13725605913900907
1 0.3335302347090946 0.5411752334556648 0.18677049985882563 0.1567338052100677
1 0.42894144524655575 0.557369621792675 0.13152155773721605 0.17130141935425697
1 0.5267488846667423 0.5055224855225794 0.19743498407381016 0.15255572745980875
1 0.6970004714843279 0.48760089309001203 0.1827200366905286 0.16745298138875028
1 0.616910424058694 0.4235512016098486 0.1879843893637169 0.12406685442427942
1 0.4735853582877959 0.4364599623632156 0.15448862087727822 0.19107026385373888
1 0.3657959741151638 0.47139142638357023 0.18311487884037306 0.12072353060296201
1 0.24991336888172677 0.4973288800648426 0.20753802616718495 0.1654923751024439
1 0.34671131612383393 0.3686645326698765 0.11738346302712266 0.14259422249741
1 0.32592140301200667 0.4162651246881591 0.0969953683170294 0.11359592721213971
1 0.26031108453968543 0.35915679197550143 0.1301718893637168 0.12137419396136276
1 0.46108390023999635 0.27450361786373356 0.1642430524755442 0.17126718610347985
1 0.5550228870152296 0.20837565777232037 0.13052049985882572 0.1541139193542569
1 0.37158876073510516 0.2374338033480409 0.1764700366905286 0.16716188296032675
1 0.30802678967430036 0.22585629445670077 0.13677049985882572 0.15440501778268034
1 0.2233031791791915 0.25481174028009035 0.12363346302712268 0.14288532092583345
1 0.25566762912272184 0.1967830705115487 0.08238683674699834 0.10356595574818699
1 0.4764652475103384 0.17181526550636872 0.12235938936371689 0.12101032092583344
1 0.39281058432792393 0.14206779941909947 0.08883425782192064 0.08049232878371626
1 0.32135281328123655 0.14500655479578298 0.1117257262518895 0.07220894789030412
1 0.6549986271271704 0.8859463478047417 0.22619702090551302 0.1648031703877141
1 0.3425063324029597 0.8847090636871231 0.19042612087727823 0.19274407981717373
1 0.27839062449633445 0.86918891749223 0.21506209983059082 0.1876584735308672
1 0.4127039822900202 0.7689064352749104 0.21233194198043534 0.14078347353086737
1 0.5061123480468008 0.738788749790603 0.12586382096198284 0.10091614474715094
1 0.6232066557134297 0.5037481238595897 0.15213789462538863 0.12395553846084476