0 0.34375 0.6484375 0.121875 0.159375
0 0.4796875 0.66953125 0.084375 0.140625
0 0.40859375 0.67421875 0.06875 0.1328125
0 0.44140625 0.6109375 0.15625 0.11875
0 0.584375 0.68671875 0.18125 0.1328125
0 0.58671875 0.6046875 0.1453125 0.1296875
0 0.6921875 0.5546875 0.1453125 0.165625
0 0.521875 0.5546875 0.1625 0.084375
0 0.3203125 0.53984375 0.16875 0.09375
0 0.33359375 0.43515625 0.14375 0.1359375
0 0.41484375 0.484375 0.146875 0.1296875
0 0.5171875 0.43984375 0.196875 0.10625
0 0.56171875 0.48515625 0.2 0.090625
0 0.66953125 0.403125 0.13125 0.15625
0 0.60234375 0.396875 0.128125 0.1328125
0 0.53671875 0.30234375 0.16875 0.090625
0 0.38125 0.33046875 0.146875 0.1140625
0 0.4359375 0.384375 0.1125 0.1
0 0.50546875 0.3625 0.1234375 0.1015625