0 0.6453125 0.64921875 0.1125 0.14765625
0 0.51953125 0.66796875 0.07890625 0.13046875
0 0.5859375 0.67265625 0.0640625 0.12265625
0 0.55546875 0.6140625 0.14453125 0.109375
0 0.42265625 0.684375 0.16796875 0.12265625
0 0.42109375 0.60859375 0.134375 0.1203125
0 0.32265625 0.5625 0.134375 0.15234375
0 0.48046875 0.56171875 0.1515625 0.07890625
0 0.6671875 0.5484375 0.15546875 0.0875
0 0.65546875 0.4515625 0.13203125 0.12578125
0 0.5796875 0.496875 0.1359375 0.1203125
0 0.48515625 0.45546875 0.1828125 0.0984375
0 0.44375 0.49765625 0.1859375 0.084375
0 0.34375 0.42109375 0.121875 0.14453125
0 0.40625 0.415625 0.11796875 0.12265625
0 0.46640625 0.328125 0.15546875 0.084375
0 0.6109375 0.35390625 0.13515625 0.10546875
0 0.56015625 0.40390625 0.1046875 0.0921875
0 0.49609375 0.38359375 0.1140625 0.09453125