0 0.65390625 0.34296875 0.15 0.115625
0 0.6734375 0.47109375 0.134375 0.08125
0 0.678125 0.40390625 0.125 0.065625
0 0.61875 0.43515625 0.1125 0.146875
0 0.68984375 0.5703125 0.125 0.171875
0 0.6125 0.571875 0.121875 0.1375
0 0.565625 0.671875 0.15625 0.1375
0 0.56484375 0.5109375 0.08125 0.1546875
0 0.5515625 0.3203125 0.090625 0.159375
0 0.45234375 0.3328125 0.128125 0.134375
0 0.49921875 0.41015625 0.121875 0.1390625
0 0.45703125 0.50625 0.1 0.1875
0 0.49921875 0.5484375 0.0875 0.190625
0 0.421875 0.65078125 0.146875 0.125
0 0.415625 0.58671875 0.125 0.1203125
0 0.3265625 0.525 0.0875 0.159375
0 0.353125 0.378125 0.1078125 0.1375
0 0.40390625 0.4296875 0.09375 0.10625
0 0.38359375 0.4953125 0.096875 0.115625