0 0.6195103228192369 0.6794464493788329 0.12833744120271576 0.16013240514873245
0 0.49320012833716087 0.6971660284450849 0.09297979534115867 0.1393802893919517
0 0.5595244911820311 0.7025962520661386 0.0769453595655099 0.13065773677523324
0 0.529700872344267 0.6436538915710297 0.15614153663473135 0.12592400512049745
0 0.39595995816534424 0.7134442048522663 0.18031602103089917 0.14135158404557516
0 0.39446273518913727 0.6373444364364149 0.1472578595655099 0.1347529735504665
0 0.2958105512225108 0.5908495970585805 0.1505399898232347 0.16765647881213824
0 0.45411437415328937 0.5906661284874373 0.16083568068726603 0.09660052616718495
0 0.6412392379026708 0.5788395046263873 0.16437011646291494 0.10459503669052861
0 0.6290877979431505 0.481744696747997 0.14602290818602892 0.1409119682887944
0 0.5538521025565633 0.526731702080256 0.1488203595655099 0.13484397881213822
0 0.4589014507021124 0.4843706258566014 0.19315021370395297 0.11873313140062187
0 0.4175051667809145 0.526626744314805 0.19553822930778506 0.1048526419239657
0 0.3173247823393182 0.4494811444136272 0.13754866689245623 0.15755343671876343
0 0.38031610527009674 0.4437463548805011 0.13171474672063965 0.13540542093374786
0 0.44049336669005745 0.3571332916698518 0.16420634215265545 0.1014700366905286
0 0.5848641644060654 0.38356553100533375 0.1465208751693421 0.1206904735504664
0 0.5336834447092187 0.4330881178935064 0.11445200361804453 0.10324536831702953
0 0.4697404534156459 0.41212389953412465 0.12399077792830404 0.10691639988706055