0 0.6430108903895133 0.6014630076903744 0.12863675911805572 0.16280097241038013
0 0.5188824061570828 0.6376195929456248 0.093825348023889 0.1422494549975255
0 0.5853068399526731 0.6333581388526104 0.07798214247680554 0.13205558344622811
0 0.5506785732351731 0.5789915434205947 0.15596167211208342 0.12989994120271575
0 0.42298802469819385 0.6676147094085397 0.181325348023889 0.14683513568479184
0 0.4161581028704509 0.5922838387617533 0.1468048776591667 0.13878361827193722
0 0.31546842505878425 0.5601065038451873 0.15069359707395852 0.17175989258219673
0 0.47282698337940926 0.5378143447546473 0.15995818787965277 0.10045810266810484
0 0.6586742176118399 0.4984232168717716 0.16482752583555574 0.10851626413349429
0 0.6405801406738538 0.4041752498884583 0.145387848023889 0.14495173111680745
0 0.5675050101648955 0.45950455902442694 0.14836737765916688 0.13886550542706697
0 0.4706124795796871 0.4318100062200364 0.19327983415618064 0.12405273292582972
0 0.43205781943545096 0.4790877979431505 0.19451502583555574 0.11007212008095948
0 0.3273716258562149 0.41746862449197353 0.13797539152687505 0.16172979534115867
0 0.3893449489944788 0.40329658186434836 0.13121624525034736 0.13952724672063965
0 0.4438343868741317 0.3083658621675017 0.1647547906531946 0.1053912641334942
0 0.5896371961446872 0.31320941316286993 0.1464775693385416 0.12472111827193721
0 0.5422705804533677 0.37031258423919755 0.11486389342673604 0.10745837516934209
0 0.476991072569583 0.35890809475464713 0.12431162860909736 0.11107469810012063