0 0.27578125 0.5171875 0.10390625 0.06484375
0 0.32578125 0.45546875 0.08203125 0.05546875
0 0.36015625 0.48046875 0.09609375 0.06328125
0 0.4171875 0.5125 0.05234375 0.065625
0 0.40390625 0.56015625 0.115625 0.0453125
0 0.30703125 0.58515625 0.084375 0.06171875
0 0.25390625 0.57109375 0.06796875 0.04609375
0 0.18515625 0.55546875 0.065625 0.04609375
0 0.19921875 0.5953125 0.08203125 0.05078125
0 0.23828125 0.6140625 0.05 0.0671875
0 0.125 0.578125 0.084375 0.05390625
0 0.1203125 0.53828125 0.06796875 0.05078125
0 0.19765625 0.51171875 0.08984375 0.04609375
0 0.1609375 0.49765625 0.12421875 0.03125
0 0.1640625 0.4703125 0.1140625 0.04921875
0 0.12890625 0.4578125 0.11015625 0.05546875
0 0.1859375 0.428125 0.115625 0.0453125
0 0.35390625 0.60625 0.06796875 0.05859375
0 0.309375 0.64296875 0.128125 0.0390625
0 0.41171875 0.6078125 0.07578125 0.05390625
0 0.37890625 0.640625 0.0796875 0.034375
0 0.4609375 0.615625 0.078125 0.0671875
0 0.4890625 0.57734375 0.07421875 0.0671875
0 0.52734375 0.5921875 0.0859375 0.0703125
0 0.553125 0.61640625 0.05234375 0.04921875
0 0.62421875 0.6078125 0.1203125 0.05078125
0 0.61328125 0.55625 0.0796875 0.0734375
0 0.67890625 0.559375 0.0796875 0.05859375
0 0.5796875 0.53125 0.071875 0.05859375
0 0.57578125 0.48671875 0.1140625 0.0421875
0 0.65234375 0.4828125 0.0578125 0.04609375
0 0.69375 0.4953125 0.04765625 0.06171875
0 0.740625 0.490625 0.065625 0.075
0 0.590625 0.45546875 0.11015625 0.0390625
0 0.653125 0.41796875 0.065625 0.078125
0 0.7109375 0.43671875 0.09765625 0.06328125
0 0.69609375 0.40703125 0.09375 0.05234375
0 0.6609375 0.37421875 0.10234375 0.05703125
0 0.55078125 0.37265625 0.13984375 0.0375
0 0.559375 0.34296875 0.08203125 0.04375
0 0.54609375 0.428125 0.08984375 0.0796875
0 0.50234375 0.40390625 0.078125 0.05546875
0 0.45703125 0.41015625 0.08984375 0.05078125
0 0.4046875 0.41640625 0.128125 0.04921875
0 0.484375 0.35703125 0.0859375 0.05390625
0 0.446875 0.34765625 0.078125 0.06484375
0 0.36875 0.36875 0.06171875 0.06484375
0 0.34296875 0.38203125 0.06171875 0.078125
0 0.3078125 0.3609375 0.08984375 0.0390625
0 0.225 0.36875 0.10234375 0.06015625
0 0.2390625 0.3984375 0.11171875 0.0453125
0 0.284375 0.4078125 0.084375 0.05703125
0 0.39609375 0.4640625 0.1203125 0.03125