1 0.34921875 0.2484375 0.109375 0.071875
1 0.484375 0.24609375 0.115625 0.075
1 0.77890625 0.31953125 0.1203125 0.0765625
1 0.59609375 0.6375 0.109375 0.071875
1 0.7515625 0.55703125 0.11875 0.084375
1 0.74140625 0.73046875 0.128125 0.08125
1 0.60703125 0.48203125 0.109375 0.0625
1 0.34609375 0.32265625 0.103125 0.0703125
1 0.753125 0.64140625 0.1171875 0.0859375
1 0.62578125 0.24140625 0.134375 0.075
1 0.7671875 0.3984375 0.125 0.084375
1 0.76171875 0.48359375 0.115625 0.071875
1 0.78046875 0.2359375 0.128125 0.0875
1 0.58203125 0.7140625 0.1125 0.0734375
1 0.6 0.55390625 0.109375 0.0703125
1 0.3421875 0.39765625 0.103125 0.075