1 0.7786588267348125 0.452322411633349 0.09081887978345567 0.11762785178688588
1 0.7612931334778724 0.5795879071847247 0.09412573620994653 0.12400518577927463
1 0.6462521213371716 0.8363087979834651 0.09743259263643722 0.1303825197716634
1 0.3755291297169487 0.5966428256266129 0.0924723079967011 0.12081651878308045
1 0.4270869326990849 0.7594903355124446 0.10368259263643723 0.1306371877564409
1 0.2649219018202725 0.7107451349044223 0.10395537727617325 0.14001218775644092
1 0.5203930003292043 0.6407814392764969 0.08144387978345584 0.11724584980971961
1 0.7102354356685858 0.433927897298893 0.0876029515702104 0.11437551779449713
1 0.34696752368616945 0.7413995687065306 0.1051996285298145 0.12913835475263546
1 0.7432825825408003 0.7115090692380033 0.0993588054894186 0.14294618676785795
1 0.5736496956312086 0.808380116158523 0.10698944906292791 0.13701452174883003
1 0.4941296801918025 0.7840711828507062 0.09260870031656906 0.12550401878308026
1 0.7248544944567097 0.8558983977931846 0.10864287727617317 0.14020318874502422
1 0.30520225785105176 0.5664658942959624 0.09251777210332382 0.12237901878308026
1 0.4534184489964209 0.6185443419382353 0.08930184389007856 0.11912668479069151
1 0.6394228304957362 0.41387538247014544 0.0922904515702104 0.11456651878308026