1 0.6938932793646169 0.3115025221573934 0.09764559553293921 0.11772383118569749
1 0.7224099234925954 0.4370837842576417 0.10106169396136266 0.12399201190385671
1 0.7089466211780117 0.7261462842576417 0.10447779238978612 0.13026019262201594
1 0.3767035095150219 0.6320115066392994 0.09928087014004508 0.11929542154477701
1 0.48100140364300037 0.7571518863241863 0.11072779238978611 0.13029655405833437
1 0.31633743610798903 0.7877893288480065 0.11265416542531544 0.13811814441741407
1 0.5247792905322685 0.6053757628858154 0.08819782092583353 0.11610678903121965
1 0.6244519205971112 0.3267462479568965 0.0943022717116218 0.11301815046753827
1 0.40193033375062426 0.7779189042781672 0.11221751778268026 0.1287431444174139
1 0.752343518406362 0.5657809559988106 0.10818498924663303 0.14277837334017515
1 0.6328378854460353 0.7336184166730032 0.11414389081820957 0.13656473477649378
1 0.5508965266785296 0.7489348653451433 0.0995719685684687 0.12554542154477702
1 0.7871636664632821 0.7069463114832006 0.1158519400324213 0.1396988251355733
1 0.30230282299725725 0.6363495486955812 0.09935364474715103 0.12085792154477701
1 0.45559264288963347 0.6151507386853184 0.09615587014004526 0.11927724082661798
1 0.5527031991331585 0.3412223592950191 0.0989897717116218 0.11304542154477701