1 0.38203125 0.7671875 0.10625 0.071875
1 0.51484375 0.7703125 0.1125 0.0734375
1 0.8046875 0.69765625 0.11875 0.0765625
1 0.62421875 0.384375 0.109375 0.071875
1 0.77734375 0.4640625 0.1171875 0.08125
1 0.76796875 0.29375 0.1265625 0.08125
1 0.63515625 0.53828125 0.1078125 0.0609375
1 0.37890625 0.69453125 0.103125 0.06875
1 0.77890625 0.38125 0.115625 0.084375
1 0.65390625 0.77421875 0.13125 0.075
1 0.79375 0.6203125 0.1234375 0.084375
1 0.7875 0.5359375 0.115625 0.071875
1 0.80546875 0.7796875 0.1265625 0.0859375
1 0.6109375 0.309375 0.109375 0.071875
1 0.628125 0.4671875 0.109375 0.06875
1 0.375 0.6203125 0.1015625 0.075