1 0.6138338427851291 0.6843148023190928 0.19553782608248033 0.2537543544242794
1 0.8405776242845728 0.5903870581100611 0.18288663666229388 0.19706770678164426
1 0.22547075084704601 0.8777075072387103 0.2109052208490433 0.223304875102444
1 0.12627365862661433 0.7615624305219086 0.19021328925077738 0.24259853060296202
1 0.7384929375658096 0.7244774218399654 0.17689424189573072 0.22795383374611494
1 0.8360057034214122 0.7892783223780847 0.19940627872743377 0.23991017824559702
1 0.2734216744116299 0.750034117453958 0.14925508930724707 0.1814769400324213
1 0.24667570584048662 0.5938954334173927 0.183341662970653 0.20488020678164426
1 0.09723568991429675 0.4574956687350843 0.14907307878390338 0.1783519400324213
1 0.34422845612283537 0.8854214997951122 0.20181864718563744 0.2010660020669146
1 0.057587538429469586 0.6752311323411542 0.11517507685893917 0.22210194003242129
1 0.13505566637794778 0.6107811805219086 0.16900614718563745 0.19953773531769164
1 0.6909486215831498 0.524117856909988 0.20520125241907436 0.2323887766740203
1 0.3222272556146077 0.3535208364367114 0.16873313140062188 0.19485023531769158
1 0.5351389663638304 0.577343518406362 0.1676256577089811 0.2025899607105858
1 0.904088574510452 0.8242847150583211 0.10099959983059073 0.1823459272121397
1 0.6095529503670533 0.3565001714256807 0.1691881577089811 0.20266273531769158
1 0.23754217149844528 0.4564147040955572 0.16727704721387235 0.16985023531769167
1 0.864688500423523 0.40383097394966133 0.16918815770898127 0.2026627353176916
1 0.4515998823182551 0.7542014249403374 0.1777286998023559 0.21552660835322096
1 0.3412608927710116 0.6822066085626179 0.17838114718563744 0.19997438296032682
1 0.3508318557981343 0.544633833955512 0.15410918927901224 0.21130998924663302
1 0.051242316017953204 0.5531206918944481 0.10248463203590641 0.15745724317557439
1 0.6659214455994917 0.8735549307313055 0.18593604195220054 0.169161030602962
1 0.045374142206314264 0.3061921879655067 0.09074828441262853 0.19699062406898663
1 0.7196104898295921 0.33968719892827065 0.15291071032569975 0.21748721463952717
1 0.07033119115912755 0.8825149394132488 0.1406623823182551 0.22766273531769166
1 0.049814658344265655 0.9679986751452251 0.09962931668853131 0.059781722497410074
1 0.9046632401119407 0.6271378873080622 0.12442168927901207 0.2099272717116218
1 0.9365741217949115 0.7347299094339685 0.04294490514873246 0.12198631596343468
1 0.9352200792780134 0.30315457775476823 0.09235264192396571 0.19440927956950463
1 0.8670384976515126 0.25646582237808474 0.1532901419239657 0.19724748924663302
1 0.7665379687123176 0.26971714723285956 0.1283965577372161 0.17115587014004516
1 0.7290827423192537 0.19043206162471774 0.14265647881213822 0.14844611621110376
1 0.8771863133518238 0.16249749855676715 0.14676712613894977 0.19226889081820958
1 0.9185918343279239 0.08183950444792468 0.10008954721387227 0.16367900889584935
1 0.7985901474679862 0.07971838637479411 0.14631209983059074 0.15943677274958823
1 0.6328440501270569 0.10375616108659846 0.15503465244730918 0.2004452638537389
1 0.5331555922910189 0.1699505494236087 0.14751057878390342 0.17827916542531544
1 0.47585976080569237 0.270789611458102 0.14364212613895014 0.19212334160399785
1 0.47043026620853856 0.4175190622438903 0.16284715244730924 0.2008091368892682
1 0.3991152502823487 0.277480567206289 0.11673101564384121 0.15814644789030421
1 0.37293842910860436 0.15170147125906494 0.1416400103821694 0.1577483416039979
1 0.2641325765060033 0.18715528184581615 0.137771557737216 0.17159251778268034
1 0.2191092318664972 0.2913183970234626 0.1316279735504664 0.14637419396136275
1 0.21340599246042807 0.36248492163056845 0.14588789462538865 0.1236644400324213
1 0.12810480026823123 0.27529959884270816 0.145841662970653 0.2031336162111037
1 0.020040942262784 0.4087735324649887 0.040081884525568 0.16057793507002263
1 0.0409792856927529 0.42308858953708334 0.0819585713855058 0.15571065260503386
1 0.00639494219219683 0.24554794044670608 0.01278988438439366 0.12765411910658786
1 0.17732282124433146 0.19275677254019125 0.10470145250377905 0.13888702564056316
1 0.1766087316547357 0.07124564557572055 0.14855786831702938 0.11599748924663303
1 0.3183790027014231 0.06191026395843737 0.13228042093374795 0.12382052791687474
1 0.4473230500564697 0.050350948718873675 0.13347889988706055 0.10070189743774735
1 0.5518208342573367 0.038084235112803816 0.15885833148532652 0.07616847022560763
1 0.4287139320923762 0.518411628207325 0.1376959630271227 0.1435402923897861
1 0.664775860565696 0.027542687346334166 0.14857327886860788 0.05508537469266833
1 0.8128794315982659 0.0029193689017000812 0.13674113680346806 0.0058387378034001625
1 0.4497328164061827 0.6257318225829724 0.17305661035393452 0.18881855913900908