1 0.26875 0.3671875 0.234375 0.1625
1 0.3296875 0.1328125 0.178125 0.1578125
1 0.13046875 0.7703125 0.2 0.1828125
1 0.26484375 0.86484375 0.2234375 0.1578125
1 0.20859375 0.2421875 0.2125 0.146875
1 0.1265625 0.146875 0.21875 0.16875
1 0.25390625 0.71484375 0.165625 0.125
1 0.41875 0.73515625 0.1859375 0.1578125
1 0.58125 0.8796875 0.1625 0.125
1 0.1 0.65 0.1859375 0.1765625
1 0.36953125 0.94453125 0.209375 0.1109375
1 0.41875 0.84921875 0.18125 0.1421875
1 0.4203125 0.28046875 0.2125 0.175
1 0.653125 0.646875 0.178125 0.1421875
1 0.38984375 0.44140625 0.1859375 0.140625
1 0.08125 0.05859375 0.1625 0.1171875
1 0.60625 0.35625 0.1859375 0.1421875
1 0.5609375 0.7375 0.1515625 0.146875
1 0.5171875 0.09921875 0.1859375 0.1421875
1 0.221875 0.53515625 0.196875 0.15
1 0.3125 0.64375 0.18125 0.153125
1 0.45234375 0.62734375 0.196875 0.125
1 0.4921875 0.94609375 0.14375 0.1078125
1 0.0703125 0.3234375 0.140625 0.165625
1 0.7484375 0.946875 0.1859375 0.10625
1 0.60625 0.24375 0.2046875 0.1234375
1 0.1515625 0.9359375 0.2125 0.128125
1 0.04375 0.95546875 0.0875 0.0890625
1 0.28046875 0.05859375 0.196875 0.1171875
1 0.16484375 0.028125 0.1171875 0.05625
1 0.61015625 0.028125 0.1890625 0.05625
1 0.66875 0.090625 0.18125 0.128125
1 0.6703125 0.1921875 0.159375 0.103125
1 0.7578125 0.2265625 0.1328125 0.1234375
1 0.76328125 0.07578125 0.178125 0.121875
1 0.840625 0.034375 0.159375 0.06875
1 0.8734375 0.15 0.1703125 0.121875
1 0.86171875 0.3203125 0.1859375 0.128125
1 0.80859375 0.42421875 0.1625 0.1234375
1 0.7140625 0.4875 0.178125 0.1171875
1 0.5640625 0.5 0.1859375 0.1359375
1 0.71953125 0.56484375 0.146875 0.096875
1 0.85234375 0.5859375 0.14375 0.121875
1 0.83359375 0.69765625 0.159375 0.115625
1 0.7328125 0.74921875 0.1328125 0.1125
1 0.6609375 0.7578125 0.10625 0.1328125
1 0.76328125 0.8390625 0.1890625 0.1203125
1 0.64609375 0.9734375 0.15625 0.053125
1 0.6265625 0.94375 0.146875 0.0765625
1 0.81640625 0.98203125 0.125 0.0359375
1 0.840625 0.7859375 0.128125 0.0859375
1 0.95859375 0.78046875 0.0828125 0.1359375
1 0.94921875 0.63828125 0.1015625 0.1171875
1 0.95078125 0.50546875 0.0984375 0.1171875
1 0.95625 0.396875 0.0875 0.146875
1 0.46796875 0.546875 0.128125 0.11875
1 0.95859375 0.2828125 0.0828125 0.1375
1 0.971875 0.13046875 0.05625 0.1296875
1 0.35390625 0.53046875 0.1703125 0.15