1 0.63203125 0.7296875 0.15859375 0.2296875
1 0.86171875 0.6703125 0.15390625 0.17421875
1 0.2375 0.86484375 0.17890625 0.19609375
1 0.14453125 0.73359375 0.15390625 0.21875
1 0.75390625 0.7890625 0.14375 0.20703125
1 0.84765625 0.86875 0.16484375 0.21484375
1 0.29140625 0.74453125 0.12265625 0.16328125
1 0.271875 0.58359375 0.15390625 0.18125
1 0.13046875 0.42421875 0.12265625 0.159375
1 0.35546875 0.89453125 0.17265625 0.18125
1 0.0625 0.63359375 0.11875 0.20390625
1 0.16015625 0.58359375 0.13984375 0.178125
1 0.71640625 0.58125 0.17109375 0.20703125
1 0.35859375 0.35390625 0.13984375 0.17421875
1 0.559375 0.6109375 0.1375 0.18125
1 0.93671875 0.91640625 0.11875 0.16640625
1 0.64296875 0.4 0.13984375 0.18125
1 0.26953125 0.44453125 0.14375 0.1484375
1 0.89453125 0.48671875 0.13984375 0.18125
1 0.46796875 0.77578125 0.14609375 0.19296875
1 0.36171875 0.68671875 0.15 0.178125
1 0.37734375 0.55 0.12265625 0.19296875
1 0.06328125 0.5109375 0.1125 0.140625
1 0.675 0.92734375 0.1625 0.1453125
1 0.05859375 0.2609375 0.11640625 0.18125
1 0.753125 0.4 0.12109375 0.2
1 0.06875 0.84453125 0.1375 0.20703125
1 0.05 0.953125 0.1 0.09375
1 0.93828125 0.71875 0.12265625 0.19296875
1 0.96875 0.83125 0.0625 0.11484375
1 0.96875 0.39609375 0.0625 0.18515625
1 0.903125 0.3390625 0.125 0.178125
1 0.803125 0.33671875 0.10234375 0.15546875
1 0.76953125 0.2515625 0.12109375 0.1296875
1 0.91796875 0.24609375 0.11875 0.17421875
1 0.9625 0.1703125 0.075 0.15546875
1 0.84453125 0.1390625 0.11875 0.16640625
1 0.678125 0.15 0.125 0.18125
1 0.57578125 0.2015625 0.12109375 0.159375
1 0.51484375 0.29453125 0.11484375 0.17421875
1 0.50234375 0.440625 0.13359375 0.18125
1 0.43828125 0.2890625 0.09375 0.14453125
1 0.41796875 0.159375 0.11875 0.140625
1 0.30859375 0.178125 0.1125 0.15546875
1 0.25859375 0.27578125 0.11015625 0.1296875
1 0.25 0.34609375 0.12890625 0.10390625
1 0.16953125 0.24609375 0.11640625 0.18515625
1 0.03203125 0.36015625 0.0640625 0.1515625
1 0.06796875 0.3796875 0.075 0.14453125
1 0.02421875 0.19453125 0.04765625 0.121875
1 0.221875 0.1703125 0.08359375 0.12578125
1 0.22734375 0.0484375 0.13359375 0.09609375
1 0.36796875 0.05703125 0.1140625 0.1140625
1 0.496875 0.05546875 0.11484375 0.1109375
1 0.603125 0.05 0.14375 0.1
1 0.45625 0.53515625 0.11640625 0.12578125
1 0.715625 0.0484375 0.13515625 0.09609375
1 0.86484375 0.03515625 0.12734375 0.0703125
1 0.471875 0.64609375 0.14609375 0.16640625