0 0.35859375 0.22265625 0.2125 0.08125
0 0.25 0.3390625 0.11875 0.175
0 0.3328125 0.34140625 0.109375 0.16875
0 0.534375 0.2875 0.146875 0.165625
0 0.42421875 0.8203125 0.134375 0.15625
0 0.3625 0.7890625 0.096875 0.0859375
0 0.42734375 0.37265625 0.1390625 0.153125
0 0.29765625 0.753125 0.1 0.0828125
0 0.76015625 0.9734375 0.09375 0.053125
0 0.7625 0.496875 0.0875 0.065625
0 0.4015625 0.71875 0.1703125 0.090625
0 0.40078125 0.2703125 0.15 0.09375
0 0.49765625 0.35234375 0.15625 0.1515625
0 0.753125 0.55703125 0.0796875 0.08125
0 0.69296875 0.625 0.2015625 0.0921875
0 0.61796875 0.5296875 0.1 0.14375
0 0.5515625 0.46328125 0.2171875 0.1140625
0 0.5765625 0.62890625 0.103125 0.08125
0 0.53046875 0.5546875 0.115625 0.15
0 0.45390625 0.5515625 0.0875 0.1125
0 0.4875 0.62890625 0.14375 0.0890625
0 0.68828125 0.5234375 0.090625 0.14375
0 0.315625 0.83359375 0.11875 0.071875
0 0.5046875 0.73125 0.134375 0.0875
0 0.5109375 0.83046875 0.1578125 0.140625
0 0.70546875 0.93125 0.1109375 0.0703125
0 0.584375 0.91328125 0.134375 0.053125
0 0.5078125 0.9359375 0.13125 0.0390625
0 0.46328125 0.9671875 0.096875 0.065625
0 0.6015625 0.96015625 0.1375 0.0796875
0 0.53671875 0.975 0.115625 0.05
0 0.6875 0.971875 0.090625 0.05625