0 0.79375 0.51328125 0.059375 0.06875
0 0.60390625 0.53359375 0.05625 0.0703125
0 0.59921875 0.5859375 0.059375 0.0625
0 0.7265625 0.66953125 0.05625 0.06875
0 0.7296875 0.61796875 0.0625 0.071875
0 0.7875 0.6265625 0.053125 0.0703125
0 0.6125 0.478125 0.0625 0.071875
0 0.80234375 0.46171875 0.05625 0.075
0 0.74140625 0.45 0.059375 0.0703125
0 0.7921875 0.57109375 0.05625 0.0625
0 0.19609375 0.34921875 0.0484375 0.0765625
0 0.67421875 0.43984375 0.059375 0.0703125
0 0.503125 0.10078125 0.0484375 0.071875
0 0.78515625 0.6796875 0.053125 0.071875
0 0.734375 0.5609375 0.053125 0.0703125
0 0.27578125 0.41171875 0.034375 0.046875
0 0.19921875 0.16171875 0.0484375 0.08125
0 0.66875 0.49296875 0.0671875 0.0625
0 0.6609375 0.54375 0.065625 0.06875
0 0.465625 0.4890625 0.04375 0.0859375
0 0.23203125 0.5375 0.0625 0.059375
0 0.21328125 0.57890625 0.05625 0.0546875
0 0.309375 0.16640625 0.0390625 0.075
0 0.359375 0.67734375 0.040625 0.08125
0 0.29296875 0.5859375 0.059375 0.059375
0 0.659375 0.60078125 0.06875 0.05625
0 0.32109375 0.5 0.0625 0.053125
0 0.39140625 0.47734375 0.0484375 0.084375
0 0.203125 0.61796875 0.059375 0.053125
0 0.471875 0.38828125 0.0484375 0.084375
0 0.56953125 0.31875 0.0625 0.05625
0 0.50859375 0.390625 0.0484375 0.084375
0 0.2015625 0.24765625 0.05 0.08125
0 0.25546875 0.49453125 0.0625 0.0546875
0 0.42890625 0.484375 0.04375 0.0875
0 0.60234375 0.19765625 0.0625 0.046875
0 0.7375 0.5 0.05625 0.0609375
0 0.44765625 0.07578125 0.046875 0.06875
0 0.54765625 0.2390625 0.059375 0.053125
0 0.3109375 0.53984375 0.0625 0.05
0 0.26484375 0.4515625 0.065625 0.05
0 0.2734375 0.6265625 0.0625 0.046875
0 0.1921875 0.434375 0.04375 0.08125
0 0.5 0.49453125 0.0421875 0.0859375
0 0.3375 0.71953125 0.0453125 0.075
0 0.259375 0.66484375 0.0625 0.0546875
0 0.23359375 0.34765625 0.0390625 0.075
0 0.4 0.58515625 0.0421875 0.078125
0 0.340625 0.3484375 0.04375 0.075
0 0.3796875 0.62578125 0.0421875 0.0765625
0 0.6015625 0.396875 0.0625 0.05
0 0.53671875 0.49453125 0.05 0.078125
0 0.58984375 0.628125 0.05625 0.0375
0 0.55859375 0.278125 0.05625 0.046875
0 0.51640625 0.303125 0.0421875 0.071875
0 0.490625 0.1484375 0.04375 0.0703125
0 0.58984375 0.365625 0.05625 0.05625
0 0.30625 0.35078125 0.04375 0.075
0 0.540625 0.39453125 0.0390625 0.0765625
0 0.26875 0.35078125 0.040625 0.078125
0 0.61484375 0.23984375 0.059375 0.046875
0 0.4484375 0.628125 0.040625 0.078125
0 0.23984375 0.1640625 0.0390625 0.0703125
0 0.3203125 0.77265625 0.04375 0.084375
0 0.20546875 0.671875 0.0484375 0.0453125
0 0.396875 0.3765625 0.05 0.096875
0 0.63046875 0.278125 0.0625 0.05
0 0.43515625 0.378125 0.04375 0.084375
0 0.27734375 0.16640625 0.04375 0.0703125
0 0.43671875 0.12109375 0.0421875 0.075
0 0.425 0.16484375 0.0453125 0.06875
0 0.41328125 0.2140625 0.04375 0.0703125
0 0.4015625 0.2609375 0.04375 0.0703125
0 0.478125 0.1921875 0.0453125 0.075
0 0.4671875 0.23984375 0.0453125 0.075
0 0.4546875 0.28828125 0.0453125 0.0703125
0 0.34921875 0.16328125 0.040625 0.071875
0 0.2375 0.246875 0.046875 0.078125
0 0.275 0.2453125 0.046875 0.075
0 0.30859375 0.246875 0.05 0.08125
0 0.34765625 0.24765625 0.053125 0.078125
0 0.30859375 0.421875 0.0453125 0.05
0 0.33828125 0.43125 0.0484375 0.075
0 0.23046875 0.43203125 0.0453125 0.075
0 0.16875 0.61796875 0.0359375 0.034375
0 0.15234375 0.6515625 0.0453125 0.034375
0 0.12890625 0.67890625 0.046875 0.040625
0 0.15703125 0.728125 0.053125 0.040625
0 0.1828125 0.69921875 0.0484375 0.040625
0 0.20390625 0.66640625 0.05 0.04375
0 0.23125 0.7140625 0.0484375 0.040625
0 0.21015625 0.7453125 0.046875 0.040625
0 0.1875 0.77578125 0.05 0.04375
0 0.2125 0.82578125 0.053125 0.0453125
0 0.23671875 0.7953125 0.0453125 0.04375
0 0.43125 0.675 0.0390625 0.075
0 0.409375 0.721875 0.046875 0.0765625
0 0.3890625 0.76953125 0.0375 0.0859375
0 0.36875 0.81796875 0.0421875 0.0859375
0 0.5078125 0.6796875 0.0421875 0.090625
0 0.4890625 0.728125 0.0421875 0.084375
0 0.46953125 0.7796875 0.0453125 0.078125
0 0.4484375 0.8234375 0.0421875 0.084375
0 0.42734375 0.87578125 0.0421875 0.0875
0 0.55390625 0.72421875 0.03125 0.0875
0 0.540625 0.77578125 0.04375 0.0875
0 0.51953125 0.825 0.0390625 0.084375
0 0.496875 0.86875 0.05 0.0859375
0 0.43125 0.54765625 0.034375 0.040625
0 0.4640625 0.56015625 0.0421875 0.065625
0 0.49765625 0.575 0.0484375 0.0765625
0 0.534375 0.58359375 0.05625 0.0875
0 0.47890625 0.921875 0.0421875 0.084375
0 0.64609375 0.3234375 0.05 0.053125
0 0.6578125 0.3609375 0.046875 0.053125
0 0.65859375 0.13359375 0.0625 0.0453125
0 0.72421875 0.1140625 0.065625 0.0609375
0 0.73125 0.16953125 0.0671875 0.0625
0 0.66484375 0.18359375 0.0671875 0.046875
0 0.73671875 0.2203125 0.065625 0.0625
0 0.67578125 0.240625 0.05 0.04375
0 0.73984375 0.28515625 0.0453125 0.053125
0 0.6859375 0.2921875 0.04375 0.04375
0 0.70078125 0.34375 0.025 0.0375
0 0.73828125 0.33671875 0.04375 0.046875
0 0.865625 0.3203125 0.028125 0.0703125
0 0.84140625 0.3125 0.028125 0.065625
0 0.81875 0.30078125 0.028125 0.065625
0 0.79765625 0.2921875 0.028125 0.075
0 0.77421875 0.27578125 0.03125 0.0625
0 0.85390625 0.39921875 0.0328125 0.075
0 0.82890625 0.3890625 0.0296875 0.075
0 0.80703125 0.378125 0.0296875 0.0703125
0 0.7828125 0.37109375 0.034375 0.0703125
0 0.76015625 0.35625 0.03125 0.0703125
0 0.60078125 0.67734375 0.0625 0.0609375
0 0.6703125 0.66328125 0.0625 0.046875
0 0.6078125 0.7421875 0.0625 0.0625
0 0.678125 0.71640625 0.059375 0.059375
0 0.62265625 0.85859375 0.0625 0.0625
0 0.69296875 0.8359375 0.0671875 0.059375
0 0.63359375 0.91484375 0.065625 0.0625
0 0.6984375 0.89453125 0.06875 0.065625
0 0.684375 0.77734375 0.06875 0.05625
0 0.61484375 0.7953125 0.06875 0.0546875
0 0.2609375 0.7609375 0.05 0.046875