0 0.78125 0.50859375 0.05703125 0.06640625
0 0.5953125 0.52890625 0.05625 0.06875
0 0.59140625 0.5796875 0.05703125 0.06171875
0 0.71640625 0.66171875 0.05625 0.06640625
0 0.71875 0.6109375 0.06171875 0.07109375
0 0.77578125 0.61953125 0.053125 0.06875
0 0.6046875 0.47421875 0.06015625 0.07109375
0 0.790625 0.4578125 0.0546875 0.07265625
0 0.73125 0.446875 0.05859375 0.06875
0 0.78046875 0.565625 0.0546875 0.06171875
0 0.19609375 0.3484375 0.046875 0.075
0 0.66484375 0.43671875 0.05703125 0.06875
0 0.496875 0.10546875 0.046875 0.07109375
0 0.7734375 0.67109375 0.053125 0.07109375
0 0.7234375 0.55546875 0.0515625 0.06875
0 0.27421875 0.409375 0.03359375 0.04609375
0 0.19921875 0.16484375 0.046875 0.0796875
0 0.659375 0.4890625 0.06640625 0.06171875
0 0.6515625 0.5390625 0.06328125 0.06640625
0 0.46015625 0.484375 0.04296875 0.084375
0 0.23125 0.53203125 0.06171875 0.0578125
0 0.21328125 0.57265625 0.05625 0.053125
0 0.30703125 0.16953125 0.03828125 0.07265625
0 0.35625 0.66953125 0.03984375 0.0796875
0 0.29140625 0.5796875 0.05703125 0.0578125
0 0.65 0.59375 0.06796875 0.05546875
0 0.31875 0.4953125 0.06015625 0.05078125
0 0.3875 0.4734375 0.046875 0.08203125
0 0.20390625 0.6109375 0.05859375 0.05078125
0 0.4671875 0.3859375 0.046875 0.08203125
0 0.5625 0.31875 0.06171875 0.05546875
0 0.50234375 0.38828125 0.046875 0.08203125
0 0.2015625 0.24921875 0.0484375 0.0796875
0 0.2546875 0.48984375 0.06015625 0.053125
0 0.42421875 0.48046875 0.04296875 0.0859375
0 0.59375 0.2 0.06015625 0.04609375
0 0.7265625 0.4953125 0.05625 0.059375
0 0.44296875 0.08046875 0.0453125 0.06640625
0 0.540625 0.23984375 0.05703125 0.05078125
0 0.30859375 0.534375 0.06171875 0.0484375
0 0.2640625 0.44765625 0.06328125 0.0484375
0 0.271875 0.61953125 0.06015625 0.04609375
0 0.19296875 0.43125 0.04296875 0.0796875
0 0.49375 0.48984375 0.04140625 0.084375
0 0.33515625 0.71015625 0.04375 0.07265625
0 0.2578125 0.65703125 0.06015625 0.053125
0 0.2328125 0.34609375 0.03828125 0.07265625
0 0.39609375 0.57890625 0.04140625 0.07734375
0 0.33828125 0.34765625 0.04296875 0.07265625
0 0.3765625 0.61875 0.04140625 0.075
0 0.59375 0.39453125 0.06171875 0.0484375
0 0.53046875 0.48984375 0.05 0.07734375
0 0.58203125 0.6203125 0.05625 0.0375
0 0.5515625 0.27890625 0.0546875 0.04609375
0 0.51015625 0.303125 0.04140625 0.07109375
0 0.484375 0.1515625 0.04296875 0.06875
0 0.58203125 0.3640625 0.0546875 0.05546875
0 0.3046875 0.34921875 0.04296875 0.07265625
0 0.53359375 0.39296875 0.03828125 0.075
0 0.26796875 0.34921875 0.03984375 0.07734375
0 0.60625 0.24140625 0.05703125 0.04609375
0 0.44375 0.6203125 0.03984375 0.07734375
0 0.2390625 0.1671875 0.03828125 0.06875
0 0.31875 0.7625 0.04296875 0.08203125
0 0.20625 0.6640625 0.046875 0.04453125
0 0.39375 0.375 0.0484375 0.0953125
0 0.621875 0.27890625 0.06171875 0.0484375
0 0.43125 0.37578125 0.04296875 0.08203125
0 0.27578125 0.16953125 0.04296875 0.06875
0 0.43203125 0.125 0.04140625 0.07265625
0 0.4203125 0.16796875 0.04375 0.06640625
0 0.409375 0.215625 0.04296875 0.06875
0 0.39765625 0.2625 0.04296875 0.06875
0 0.47265625 0.19453125 0.04375 0.07265625
0 0.46171875 0.24140625 0.04375 0.07265625
0 0.45 0.2890625 0.04375 0.06875
0 0.34609375 0.165625 0.03984375 0.07109375
0 0.23671875 0.24765625 0.0453125 0.07734375
0 0.2734375 0.246875 0.0453125 0.07265625
0 0.30625 0.24765625 0.05 0.0796875
0 0.34453125 0.24921875 0.0515625 0.07734375
0 0.30625 0.41953125 0.04375 0.0484375
0 0.3359375 0.428125 0.046875 0.07265625
0 0.23046875 0.42890625 0.04375 0.07265625
0 0.16953125 0.6109375 0.03515625 0.0328125
0 0.15390625 0.64375 0.04375 0.0328125
0 0.13125 0.6703125 0.0453125 0.03984375
0 0.1578125 0.71875 0.0515625 0.03984375
0 0.18359375 0.690625 0.046875 0.03984375
0 0.2046875 0.6578125 0.0484375 0.0421875
0 0.23125 0.7046875 0.046875 0.03984375
0 0.21015625 0.7359375 0.0453125 0.03984375
0 0.18828125 0.765625 0.0484375 0.0421875
0 0.2125 0.8140625 0.053125 0.04453125
0 0.2359375 0.784375 0.04375 0.0421875
0 0.4265625 0.6671875 0.03828125 0.07265625
0 0.40546875 0.7125 0.0453125 0.075
0 0.38515625 0.75859375 0.03671875 0.084375
0 0.365625 0.80625 0.04140625 0.084375
0 0.5015625 0.67109375 0.04140625 0.08828125
0 0.4828125 0.71875 0.04140625 0.08203125
0 0.4640625 0.76875 0.04375 0.07734375
0 0.44375 0.81171875 0.04140625 0.08203125
0 0.42265625 0.8625 0.04140625 0.0859375
0 0.546875 0.71484375 0.03125 0.0859375
0 0.53359375 0.765625 0.04296875 0.0859375
0 0.51328125 0.81328125 0.03828125 0.08203125
0 0.49140625 0.85625 0.05 0.084375
0 0.4265625 0.5421875 0.03359375 0.03984375
0 0.45859375 0.55390625 0.04140625 0.0640625
0 0.4921875 0.56875 0.046875 0.075
0 0.528125 0.57734375 0.0546875 0.0859375
0 0.4734375 0.9078125 0.04140625 0.08203125
0 0.6375 0.32265625 0.0484375 0.05078125
0 0.6484375 0.359375 0.0453125 0.05078125
0 0.64921875 0.1375 0.06171875 0.04453125
0 0.7140625 0.11875 0.06484375 0.059375
0 0.7203125 0.17265625 0.06640625 0.06171875
0 0.65625 0.1859375 0.06640625 0.04609375
0 0.72578125 0.22265625 0.06328125 0.06171875
0 0.66640625 0.2421875 0.0484375 0.0421875
0 0.72890625 0.28515625 0.04375 0.05078125
0 0.6765625 0.2921875 0.04296875 0.0421875
0 0.690625 0.34296875 0.025 0.0375
0 0.72734375 0.3359375 0.04296875 0.04609375
0 0.85234375 0.31953125 0.0265625 0.06875
0 0.82890625 0.31171875 0.0265625 0.0640625
0 0.80625 0.30078125 0.028125 0.0640625
0 0.78515625 0.2921875 0.028125 0.07265625
0 0.7625 0.2765625 0.03125 0.06171875
0 0.840625 0.396875 0.03203125 0.07265625
0 0.81640625 0.3875 0.0296875 0.07265625
0 0.79453125 0.37578125 0.0296875 0.06875
0 0.77109375 0.36953125 0.03359375 0.06875
0 0.74921875 0.35546875 0.03125 0.06875
0 0.59296875 0.66953125 0.06171875 0.059375
0 0.6609375 0.6546875 0.06171875 0.04609375
0 0.6 0.73203125 0.06171875 0.06171875
0 0.66875 0.70703125 0.05859375 0.0578125
0 0.6140625 0.84609375 0.06171875 0.06171875
0 0.6828125 0.82421875 0.06640625 0.0578125
0 0.625 0.9015625 0.06328125 0.06171875
0 0.68828125 0.88125 0.06796875 0.0640625
0 0.675 0.76640625 0.06796875 0.05546875
0 0.60625 0.784375 0.06796875 0.053125
0 0.26015625 0.75078125 0.0484375 0.04609375