0 0.22421875 0.35390625 0.0796875 0.2078125
0 0.33828125 0.24765625 0.171875 0.11640625
0 0.340625 0.328125 0.1671875 0.1078125
0 0.2875 0.52734375 0.16328125 0.1453125
0 0.81171875 0.41875 0.1546875 0.1328125
0 0.78125 0.35859375 0.084375 0.0953125
0 0.37109375 0.421875 0.15 0.13671875
0 0.74609375 0.29453125 0.08203125 0.09921875
0 0.9671875 0.74921875 0.06171875 0.0921875
0 0.49296875 0.75078125 0.06484375 0.08671875
0 0.71171875 0.396875 0.08984375 0.1671875
0 0.2703125 0.39609375 0.0921875 0.146875
0 0.35078125 0.490625 0.14921875 0.15390625
0 0.553125 0.7421875 0.08046875 0.078125
0 0.61953125 0.6828125 0.090625 0.19765625
0 0.52578125 0.609375 0.1421875 0.09921875
0 0.4609375 0.54375 0.1125 0.21328125
0 0.6234375 0.56796875 0.08046875 0.10234375
0 0.55078125 0.52265625 0.146875 0.1125
0 0.546875 0.44765625 0.11171875 0.08515625
0 0.6234375 0.48125 0.0875 0.14140625
0 0.51953125 0.678125 0.1421875 0.0890625
0 0.825 0.3125 0.0703125 0.11640625
0 0.72421875 0.49765625 0.08671875 0.13125
0 0.821875 0.50390625 0.1375 0.15546875
0 0.92109375 0.6953125 0.06796875 0.109375
0 0.903125 0.57578125 0.05234375 0.1328125
0 0.92578125 0.50078125 0.0375 0.1296875
0 0.96171875 0.45703125 0.07578125 0.0953125
0 0.95546875 0.59296875 0.08828125 0.13515625
0 0.96953125 0.5296875 0.06015625 0.1125
0 0.9671875 0.678125 0.065625 0.0890625