0 0.27953917231952313 0.3060722223568522 0.13654608887329509 0.22540585969555132
0 0.41064200814060037 0.23423566752766703 0.201693054047586 0.15945720752810458
0 0.39915230947465286 0.3125052475657231 0.19495173111680747 0.14982753954332698
0 0.3118171630472689 0.49058914380167085 0.20152263568479167 0.18595604053191012
0 0.847587566710742 0.52411383999825 0.18984815128862423 0.1714478715585493
0 0.8277829997728574 0.4586015865382088 0.10902087516934209 0.11670202174882985
0 0.41286400667026235 0.4105116660447923 0.18532442559888337 0.17438187056996615
0 0.8045668277920186 0.3874932490857789 0.10762214947960161 0.11976335475263547
0 0.9436425316578904 0.8842966063098723 0.08665455223856355 0.10643568380210837
0 0.47565609226419703 0.7607636754363324 0.08797139077317447 0.10181185079830275
0 0.753107226367109 0.4766074872227808 0.13458079715018095 0.18790585969555132
0 0.3173976984388049 0.35906722977122596 0.13203565128862396 0.16909219269935694
0 0.38098324287545243 0.4715791586304185 0.18926829715018095 0.19013420456235508
0 0.5368392537295863 0.7679341882879136 0.10022572930778502 0.09763368676785796
0 0.611931106963518 0.7281169545995361 0.1439491530976463 0.21791169467652322
0 0.5328810148108627 0.6329052722803026 0.16765224672063966 0.13468270060802218
0 0.48030821347681024 0.5520253453982763 0.17001368611433315 0.23924286661563343
0 0.6358046189493057 0.6183891275272295 0.10770403663473153 0.12132585475263546
0 0.5724957134768103 0.5557816981737455 0.1762017311168073 0.14906353558899427
0 0.5818873236081471 0.48210411764139777 0.133775213703953 0.11303319368794007
0 0.650913962572299 0.5348099649796595 0.12545810266810484 0.16258752471457924
0 0.5144452753263123 0.697638934333581 0.16403592378986112 0.12518036661563342
0 0.879065538782438 0.4256100144088181 0.10210913387576923 0.13357118676785795
0 0.7474923914505428 0.5777243182494202 0.12175989258219673 0.1515226907221905
0 0.8427163602428784 0.6096693380210836 0.17833079715018094 0.18968853558899426
0 0.9075545454527003 0.8204595993897901 0.09701219810012063 0.12556768577927463
0 0.9106242345077094 0.7005291013669565 0.0886198439616777 0.14393568380210836
0 0.9461246432595652 0.6341520262718162 0.07266729534115868 0.1370490138401644
0 0.9687344691310198 0.5998698681728704 0.06253106173796041 0.11300401878308027
0 0.9482039631381258 0.7305641112527882 0.10359207372374826 0.15633752471457923
0 0.9693026961775271 0.6731163671842872 0.061394607644945864 0.12687551779449713
0 0.9554078321452323 0.8161832762718163 0.08918433570953539 0.10500051779449712