0 0.6515625 0.2375 0.11640625 0.17421875
0 0.73359375 0.32578125 0.1109375 0.1765625
0 0.54296875 0.29765625 0.1140625 0.178125
0 0.63671875 0.4 0.11484375 0.18046875
0 0.7296875 0.46875 0.12734375 0.16875
0 0.6734375 0.6015625 0.12265625 0.19296875
0 0.59375 0.70390625 0.1390625 0.20078125
0 0.56953125 0.5171875 0.12890625 0.18046875
0 0.50625 0.79296875 0.125 0.196875
0 0.4140625 0.71328125 0.1265625 0.196875
0 0.3390625 0.609375 0.1265625 0.20625
0 0.2671875 0.5171875 0.1375 0.20078125
0 0.2453125 0.37109375 0.125 0.18359375
0 0.35859375 0.4109375 0.1234375 0.18046875
0 0.42734375 0.52890625 0.11875 0.18359375
0 0.5 0.41484375 0.11640625 0.2046875
0 0.50546875 0.6265625 0.12734375 0.1953125
0 0.4328125 0.3078125 0.125 0.1859375
0 0.3296875 0.2703125 0.12109375 0.18203125