0 0.3671875 0.18046875 0.1265625 0.190625
0 0.27734375 0.2765625 0.121875 0.1921875
0 0.484375 0.24609375 0.1234375 0.19375
0 0.3828125 0.35703125 0.125 0.196875
0 0.28125 0.4328125 0.1375 0.184375
0 0.34296875 0.5765625 0.1328125 0.209375
0 0.4296875 0.6875 0.15 0.21875
0 0.45546875 0.484375 0.140625 0.196875
0 0.52421875 0.784375 0.1359375 0.2140625
0 0.62421875 0.69765625 0.1375 0.2140625
0 0.70546875 0.5859375 0.1375 0.225
0 0.78359375 0.484375 0.15 0.21875
0 0.80859375 0.3265625 0.1359375 0.2
0 0.68515625 0.36953125 0.134375 0.196875
0 0.61015625 0.49765625 0.128125 0.2
0 0.53125 0.3734375 0.1265625 0.221875
0 0.525 0.60390625 0.1375 0.2125
0 0.60390625 0.25703125 0.1359375 0.203125
0 0.71640625 0.21640625 0.13125 0.196875