0 0.6455208642426358 0.2408151038917387 0.13127482576804841 0.18186938311602718
0 0.735186054168502 0.32670378530348254 0.1266964531727101 0.18491256249917615
0 0.5423437897405318 0.30459914001259075 0.12987601687504088 0.18652960957707682
0 0.6449727711362103 0.40398725973593735 0.12993058057737183 0.1880921095770768
0 0.7440848829317753 0.4697407191508584 0.14204863466105594 0.17737279788867966
0 0.6988046431833943 0.6040242159044475 0.1397420901960187 0.2007557508107789
0 0.6282962249418926 0.7089787228043064 0.15725697241000383 0.21043075973923261
0 0.5882366762156861 0.5232360917168741 0.1440476442797028 0.18990007142762994
0 0.549538797081744 0.8012968620094135 0.14146828130301117 0.20547052434972918
0 0.4500447393698629 0.7246059025944925 0.14303078130301122 0.20549779788867967
0 0.36689244427185347 0.6239962021080252 0.1449206635169964 0.21490007142762996
0 0.2872470950901601 0.5343785486994584 0.15569447241000384 0.21040348620028232
0 0.2524851707733905 0.388547851459402 0.1410317716843644 0.19297052434972928
0 0.3685293222246694 0.424927456572252 0.13930558057737183 0.1882557508107789
0 0.4475124724948218 0.5402990864418683 0.13472720798203355 0.19129893019392785
0 0.5097991629688423 0.4234894618472578 0.13392859981466537 0.21314665665497756
0 0.5335715127835077 0.6347133340062363 0.1445387176006804 0.20396257142762994
0 0.43354170861500574 0.319096242286067 0.14108633538669527 0.1945330243497292
0 0.32773565271722316 0.2852376651763942 0.13623514427970268 0.18976370373287824