0 0.3 0.1890625 0.125 0.1875
0 0.2109375 0.284375 0.1203125 0.190625
0 0.4171875 0.25390625 0.121875 0.1921875
0 0.315625 0.3640625 0.125 0.19375
0 0.21484375 0.4390625 0.1375 0.18125
0 0.2765625 0.58203125 0.1328125 0.209375
0 0.3625 0.6921875 0.15 0.215625
0 0.38828125 0.490625 0.1390625 0.19375
0 0.45703125 0.78828125 0.134375 0.2125
0 0.55625 0.70234375 0.1375 0.2125
0 0.6375 0.59140625 0.1375 0.221875
0 0.71484375 0.490625 0.1484375 0.215625
0 0.7390625 0.334375 0.134375 0.1984375
0 0.61640625 0.3765625 0.134375 0.19375
0 0.5421875 0.50390625 0.128125 0.1984375
0 0.46328125 0.38046875 0.125 0.2203125
0 0.4578125 0.609375 0.1375 0.209375
0 0.5359375 0.26484375 0.134375 0.2
0 0.64765625 0.225 0.13125 0.196875