0 0.7775258023145837 0.2534757171252357 0.24035113399378397 0.27312509263745516
0 0.4078470806412339 0.8054450554194647 0.26923811331561964 0.25732031017246654
0 0.40924679900481475 0.5329150839555121 0.28053948635114884 0.2656422324222074
0 0.47019291521591844 0.664742972706807 0.18075781017246656 0.2656721575674325
0 0.3267147429661775 0.6604643492569929 0.27112594499482007 0.23090335938667828
0 0.6145229580199894 0.6368811842459623 0.2653468258882322 0.20724753556536052
0 0.5533776728689135 0.23181484863782043 0.27399407981717355 0.1920591832079957
0 0.6558457789458229 0.7508323682825275 0.2813014656729845 0.24852750702931328
0 0.3111665940851972 0.15853797622146365 0.2746105099247974 0.1718194578151016
0 0.6739578083104396 0.43367910153330447 0.27413962903138545 0.19518418320799574
0 0.3845463978475229 0.38922074193722933 0.21418674028009033 0.24696069892376152
0 0.5247968703449329 0.4923007384225727 0.19154976095825482 0.26305657981717356
0 0.27867523345566475 0.35187275330976886 0.17338195781510163 0.2746832845319034
0 0.5963528850272414 0.33081312076372693 0.27737594499482 0.23119445781510164