0 0.66171875 0.1921875 0.234375 0.1875
0 0.20859375 0.6859375 0.209375 0.225
0 0.47578125 0.6203125 0.215625 0.234375
0 0.33125 0.59140625 0.240625 0.1265625
0 0.3703125 0.73125 0.1796875 0.2328125
0 0.3234375 0.44296875 0.15625 0.234375
0 0.7359375 0.40703125 0.1375 0.246875
0 0.20234375 0.4296875 0.196875 0.240625
0 0.865625 0.6265625 0.115625 0.2546875
0 0.509375 0.33671875 0.140625 0.246875
0 0.62265625 0.61015625 0.2125 0.16875
0 0.4875 0.49765625 0.234375 0.140625
0 0.68359375 0.7046875 0.2515625 0.115625
0 0.62890625 0.38828125 0.178125 0.240625