1 0.3686839959428102 0.17415701329902747 0.11046594155801355 0.065045731382639
0 0.40034390990797897 0.7763000883371525 0.25476141233702043 0.09964154977125013
1 0.23050611160896706 0.26093292752732616 0.11211026217486461 0.06976959897381949
1 0.29847090746905175 0.21483787110656224 0.1167704886359143 0.06831620174736122
1 0.45004704423852687 0.21052896476204824 0.1120829886359143 0.06820709897381952
1 0.3860430454563429 0.25340810220486076 0.10435230925276535 0.07271276101791671
0 0.4652615722449994 0.6810772008943399 0.19110801542127548 0.12158797853284735
1 0.3264212146965174 0.7163269827138191 0.1516636858759708 0.09880378875333343
1 0.4118092897775953 0.7010636989944788 0.08220457386326192 0.05657861474138901
1 0.447160408690163 0.733820994397326 0.0963216209411625 0.060030923062014095
1 0.3157344995962582 0.2995577100123955 0.09026253571381497 0.0708229526972918