1 0.4138966789761119 0.18627566999912495 0.1153716298696164 0.07964769072219058
0 0.39318790178041824 0.7889085800752371 0.25993983603812654 0.1323800543720747
1 0.2697433043815013 0.24676088935304655 0.11701595048646726 0.08439885771838496
1 0.34097737621616836 0.21297082117798855 0.12167617694751698 0.08302735870696817
1 0.49208590868357244 0.23786468631074734 0.11696140340856669 0.08127385771838495
1 0.4246899030015296 0.26790767197629134 0.10923072402541756 0.08564302273741298
0 0.4667014939076248 0.7068083458925679 0.19927507142762996 0.14552204152049342
1 0.325554342527653 0.7158902327369756 0.15974892126547413 0.11736786661563343
1 0.4114372954497523 0.716266917527667 0.08702844155801355 0.06600168479069168
1 0.4433418603845605 0.7550402574515548 0.0996102621748646 0.07119852076024671
1 0.3503171943973874 0.3007891561589605 0.09667617694751698 0.08200868676785796