1 0.43125 0.8796875 0.209375 0.20625
1 0.16328125 0.7078125 0.225 0.1984375
1 0.153125 0.26171875 0.30625 0.3546875
1 0.16875 0.878125 0.2125 0.20625
1 0.45546875 0.4953125 0.175 0.2046875
1 0.34765625 0.2 0.190625 0.196875
1 0.11015625 0.0640625 0.21875 0.128125
1 0.73515625 0.86953125 0.225 0.21875
1 0.3359375 0.74140625 0.1828125 0.20625
1 0.89453125 0.1375 0.2109375 0.275
1 0.63515625 0.1140625 0.36875 0.228125
1 0.05859375 0.70234375 0.1171875 0.209375
1 0.70078125 0.4421875 0.428125 0.325
1 0.33984375 0.9671875 0.240625 0.065625
1 0.9640625 0.15703125 0.06875 0.3140625
1 0.61875 0.5953125 0.2171875 0.225
1 0.08359375 0.98125 0.1671875 0.0375
1 0.3640625 0.07109375 0.321875 0.1421875
1 0.86796875 0.928125 0.2640625 0.14375
1 0.5890625 0.8171875 0.228125 0.1328125
1 0.0359375 0.04375 0.071875 0.0875
1 0.9703125 0.846875 0.059375 0.303125
1 0.58359375 0.903125 0.340625 0.19375
1 0.9421875 0.38046875 0.115625 0.334375
1 0.87734375 0.725 0.2453125 0.371875
1 0.70546875 0.21953125 0.28125 0.234375
1 0.15234375 0.11484375 0.3046875 0.1828125
1 0.246875 0.803125 0.121875 0.1453125