1 0.39140625 0.1046875 0.203125 0.2
1 0.13046875 0.27109375 0.2171875 0.1921875
1 0.13515625 0.70390625 0.2703125 0.34375
1 0.1359375 0.10546875 0.20625 0.2
1 0.41484375 0.4765625 0.171875 0.1984375
1 0.31015625 0.7640625 0.1859375 0.1921875
1 0.09296875 0.91640625 0.1859375 0.165625
1 0.6859375 0.1140625 0.21875 0.2125
1 0.2984375 0.23828125 0.178125 0.2
1 0.85625 0.84609375 0.2359375 0.3078125
1 0.58828125 0.86796875 0.359375 0.2640625
1 0.04296875 0.27578125 0.0859375 0.2015625
1 0.653125 0.528125 0.415625 0.3140625
1 0.303125 0.025 0.234375 0.05
1 0.9375 0.8078125 0.125 0.3078125
1 0.57265625 0.3796875 0.2109375 0.21875
1 0.0671875 0.01171875 0.134375 0.0234375
1 0.328125 0.909375 0.3125 0.175
1 0.92734375 0.97109375 0.1453125 0.0578125
1 0.84296875 0.06328125 0.309375 0.1265625
1 0.54453125 0.16484375 0.221875 0.128125
1 0.02109375 0.93671875 0.0421875 0.1265625
1 0.94296875 0.14140625 0.1140625 0.2828125
1 0.5390625 0.0875 0.33125 0.175
1 0.915625 0.58828125 0.16875 0.325
1 0.85234375 0.25390625 0.2953125 0.3609375
1 0.65703125 0.74453125 0.271875 0.228125
1 0.13359375 0.8453125 0.2671875 0.178125
1 0.21171875 0.178125 0.11875 0.140625