1 0.146875 0.41484375 0.18984375 0.1921875
1 0.3046875 0.16796875 0.18203125 0.20625
1 0.71484375 0.15 0.32578125 0.3
1 0.14765625 0.17265625 0.18984375 0.19609375
1 0.5 0.43671875 0.18828125 0.16171875
1 0.771875 0.33828125 0.18203125 0.17578125
1 0.91875 0.115625 0.16171875 0.2078125
1 0.15625 0.69375 0.20234375 0.2078125
1 0.27421875 0.32734375 0.18984375 0.16796875
1 0.8515625 0.85625 0.296875 0.225
1 0.87265625 0.60234375 0.25390625 0.33984375
1 0.31015625 0.06328125 0.1921875 0.12578125
1 0.54921875 0.66328125 0.29765625 0.39375
1 0.04765625 0.33125 0.0953125 0.221875
1 0.81484375 0.9359375 0.2921875 0.121875
1 0.4078125 0.58671875 0.2078125 0.2
1 0.03515625 0.0859375 0.0703125 0.171875
1 0.91015625 0.3546875 0.165625 0.29609375
1 0.96796875 0.9265625 0.0546875 0.146875
1 0.08828125 0.84296875 0.16015625 0.29375
1 0.20390625 0.56015625 0.121875 0.21015625
1 0.9375 0.0421875 0.125 0.084375
1 0.178125 0.9421875 0.278125 0.115625
1 0.10703125 0.5546875 0.2140625 0.3140625
1 0.60625 0.915625 0.3078125 0.16796875
1 0.28828125 0.85546875 0.3421875 0.2890625
1 0.75390625 0.6671875 0.215625 0.2578125
1 0.85078125 0.14921875 0.16796875 0.29765625
1 0.2171875 0.2453125 0.134375 0.11171875