0 0.6640318913673939 0.6740168213249442 0.07811968281352506 0.07699883723582168
0 0.6353948968046014 0.6996253545024315 0.07056185079830275 0.08320338544042354
0 0.6078574872227808 0.7330509328594585 0.0733048488211363 0.07384656615858276
0 0.5800335761580855 0.7594452612164856 0.07037084980971961 0.07851588544042354
0 0.5520823311010014 0.7827145895735127 0.07687551779449713 0.08480224687674216
0 0.5173226705305976 0.8114117613146815 0.07856535178688588 0.08793633723582168
0 0.7528025726980443 0.7440480410743232 0.07662084980971962 0.07855224687674216
0 0.7196690791238349 0.7743168031745716 0.07811968281352506 0.07699883723582168
0 0.6935668355496256 0.8046264718906784 0.0738141847906915 0.08634656615858276
0 0.661310092469708 0.8372435291704665 0.06925401878308043 0.08944429508134384
0 0.6334861814050126 0.8636378575274936 0.09013952174882985 0.10362496974937904
0 0.60250543684222 0.8892327551663615 0.08956651878308045 0.08956246974937905