1 0.371875 0.97578125 0.146875 0.0484375
1 0.15546875 0.80703125 0.146875 0.1421875
1 0.03125 0.5734375 0.0625 0.1421875
1 0.26640625 0.91640625 0.15 0.1421875
1 0.52421875 0.7671875 0.146875 0.1421875
1 0.0546875 0.69296875 0.109375 0.134375
1 0.5359375 0.3546875 0.140625 0.1375
1 0.47578125 0.4921875 0.140625 0.14375
1 0.13359375 0.07578125 0.1421875 0.146875
1 0.378125 0.3578125 0.15 0.1421875
1 0.04296875 0.040625 0.0859375 0.08125
1 0.41953125 0.63046875 0.1421875 0.146875
1 0.328125 0.79296875 0.15 0.134375
1 0.93828125 0.06796875 0.1234375 0.1359375
1 0.72578125 0.9859375 0.140625 0.028125
1 0.24765625 0.140625 0.165625 0.1375
1 0.11015625 0.33125 0.14375 0.14375
1 0.0328125 0.27109375 0.065625 0.15
1 0.16484375 0.65 0.153125 0.134375
1 0.32421875 0.50078125 0.14375 0.125
1 0.5765625 0.6265625 0.14375 0.13125
1 0.8921875 0.98125 0.1421875 0.0375
1 0.709375 0.3234375 0.171875 0.165625
1 0.93125 0.32421875 0.1375 0.1234375
1 0.63515625 0.47578125 0.15 0.1375
1 0.62578125 0.89765625 0.1421875 0.134375
1 0.446875 0.07890625 0.15 0.128125
1 0.8078125 0.45703125 0.153125 0.153125
1 0.78359375 0.88828125 0.15 0.140625
1 0.93984375 0.878125 0.1203125 0.146875
1 0.6046875 0.1875 0.1578125 0.15
1 0.82890625 0.03515625 0.1421875 0.06875
1 0.68046875 0.753125 0.1421875 0.1453125
1 0.0953125 0.97578125 0.165625 0.0484375
1 0.03828125 0.90703125 0.0765625 0.15
1 0.840625 0.7453125 0.1375 0.140625
1 0.3375 0.04296875 0.1625 0.0859375
1 0.9171875 0.5859375 0.165625 0.1609375
1 0.74453125 0.61015625 0.15 0.1375
1 0.96640625 0.7171875 0.0671875 0.159375
1 0.98984375 0.38359375 0.0203125 0.1515625
1 0.21640625 0.009375 0.134375 0.01875
1 0.82109375 0.2453125 0.11875 0.1125
1 0.7046875 0.009375 0.09375 0.01875