1 0.62109375 0.9453125 0.134375 0.109375
1 0.81953125 0.7578125 0.134375 0.13125
1 0.95234375 0.5421875 0.0953125 0.13125
1 0.71796875 0.85859375 0.1375 0.13125
1 0.4796875 0.72109375 0.134375 0.13125
1 0.93125 0.65234375 0.1375 0.125
1 0.46875 0.33984375 0.128125 0.1265625
1 0.525 0.46640625 0.128125 0.1328125
1 0.83984375 0.0828125 0.13125 0.134375
1 0.61484375 0.34296875 0.1375 0.13125
1 0.9421875 0.04453125 0.115625 0.0890625
1 0.5765625 0.59453125 0.13125 0.134375
1 0.6609375 0.74453125 0.1375 0.125
1 0.08984375 0.071875 0.128125 0.13125
1 0.29375 0.9546875 0.128125 0.090625
1 0.73515625 0.14296875 0.153125 0.1265625
1 0.86171875 0.31875 0.1328125 0.1328125
1 0.9515625 0.2625 0.096875 0.140625
1 0.8109375 0.6125 0.140625 0.125
1 0.6640625 0.475 0.1328125 0.115625
1 0.43125 0.59140625 0.1328125 0.1203125
1 0.140625 0.95078125 0.13125 0.0984375
1 0.309375 0.3109375 0.159375 0.153125
1 0.096875 0.3109375 0.14375 0.1140625
1 0.37734375 0.4515625 0.1375 0.1265625
1 0.3859375 0.84140625 0.13125 0.125
1 0.5515625 0.0859375 0.1375 0.11875
1 0.21796875 0.434375 0.140625 0.140625
1 0.240625 0.8328125 0.140625 0.1296875
1 0.0859375 0.821875 0.1328125 0.1359375
1 0.40546875 0.1859375 0.146875 0.140625
1 0.1984375 0.0390625 0.13125 0.078125
1 0.3359375 0.7078125 0.13125 0.1328125
1 0.8765625 0.9453125 0.153125 0.109375
1 0.94609375 0.85 0.10625 0.1375
1 0.1875 0.70078125 0.1265625 0.1296875
1 0.65234375 0.04609375 0.15 0.0921875
1 0.1171875 0.55390625 0.153125 0.1484375
1 0.2765625 0.5765625 0.140625 0.1265625
1 0.978125 0.43515625 0.04375 0.1234375
1 0.0515625 0.675 0.103125 0.1484375
1 0.025 0.13515625 0.05 0.128125
1 0.0296875 0.36640625 0.059375 0.1390625
1 0.034375 0.928125 0.06875 0.14375
1 0.7640625 0.01484375 0.125 0.0296875
1 0.20625 0.2390625 0.109375 0.103125
1 0.31328125 0.01484375 0.0859375 0.0296875