1 0.08446012494219951 0.5409011358558109 0.12044305404758593 0.1568022717116218
1 0.23613656885844864 0.7731957131917852 0.15802494120271574 0.16011136228216233
1 0.4317810187675916 0.9435510047552563 0.15178158525525037 0.1128979904894873
1 0.15034847580128216 0.6530779582293864 0.15818871551297517 0.16323636228216235
1 0.31293592774659 0.45412468961813657 0.15802494120271576 0.16011136228216233
1 0.3266088398893478 0.9083391546719485 0.15391065128862405 0.17083053846084476
1 0.6861144781761312 0.5260597715022247 0.15144739258219672 0.1535702638537389
1 0.5557619148562912 0.5519415672017798 0.15769739258219673 0.15386136228216235
1 0.8931788641996073 0.9296394969998174 0.16098616689245623 0.14072100600036527
1 0.665359322137809 0.6653748285743193 0.15818871551297525 0.16323636228216215
1 0.919560979758011 0.98841626054397 0.11881859905006031 0.023167478912059992
1 0.4252046336486268 0.5739171129013348 0.1609861668924562 0.1571319114963739
1 0.26799632123329786 0.6227077156729844 0.15185682835784542 0.1613827638537389
1 0.958089138964152 0.21793917224523182 0.08382172207169596 0.15102315260503388
1 0.1022120324508599 0.2253146772121397 0.12463923111680741 0.1476455955329393
1 0.84748018260783 0.8242704472666225 0.1572813127540133 0.17566358767505647
1 0.6601240247604855 0.9075066705926019 0.15950555404758582 0.1586216368892682
1 0.7017593260945378 0.9712030277074778 0.15754690637700666 0.05759394458504445
1 0.37914294040974617 0.795443202438418 0.15358310266810493 0.16458053846084475
1 0.5307320166198851 0.6840434377561098 0.1421542797373263 0.1546961162111037
1 0.445219483264514 0.43534691852568735 0.14684177973732648 0.1549144400324213
1 0.12572369629109834 0.07911391935425688 0.13417800542706693 0.15120724317557446
1 0.7345033112836752 0.37867965735803566 0.18441702283992142 0.18783825599585596
1 0.7596726503841127 0.17488472332147034 0.14272748982323477 0.16563361621110376
1 0.5882767644721785 0.41395356968297914 0.1534193283578455 0.16145553846084476
1 0.20712193973237766 0.3385296147633617 0.15152927973732647 0.1551327638537389
1 0.9246148134313816 0.6603043006574445 0.14552494120271575 0.15952916542531542
1 0.6240837104245924 0.26442875868194315 0.16937187697836437 0.16843328453190337
1 0.23182428934826485 0.20017774420903173 0.15670810266810492 0.16472608767505648
1 0.26244576831736566 0.07067433477957233 0.1592665366347314 0.12431941149637402
1 0.8452095171857119 0.498399306034128 0.1696175384437538 0.17312078453190338
1 0.979828020126388 0.3305312175305021 0.040343959747223934 0.14458906203449332
1 0.34248955167273676 0.3191161428851242 0.15942366689245616 0.1570591368892682
1 0.07630454545270031 0.7867936786598818 0.07907442559888347 0.17046235731976367
1 0.13023180687266106 0.8789298287837163 0.1619754568065479 0.14626718610347994
1 0.3685906269783644 0.17771204693790013 0.15440861827193722 0.15059081306795058
1 0.9449323385903817 0.7654113316746912 0.11013532281923659 0.16824919396136268
1 0.5194637302122963 0.14187520843427417 0.1778394742194024 0.18129715756743262
1 0.4789283406823174 0.2904004456139926 0.15506371551297526 0.16309081306795062
1 0.5321019233355759 0.980027910048632 0.13123671189493055 0.03994417990273611
1 0.4103100582314575 0.0666504224546288 0.1674951164629149 0.10288105913900918
1 0.9358899123699004 0.1396129650493027 0.1282201752601992 0.08267556699689202
1 0.715035179782755 0.09643008353671804 0.15154256784239592 0.09590331306795061
1 0.9695062926833959 0.8807281166208792 0.060987414633208205 0.12932793507002244
1 0.8166363805964091 0.2952186480524107 0.12521908525525055 0.12896837014004517
1 0.9983566921072267 0.4460663262980077 0.003286615785546587 0.09164384449948208