1 0.06530985279858104 0.8942153497625732 0.10198370031656911 0.12473923871722903
1 0.04127061071613984 0.8082694895751587 0.0714323822907382 0.09418792069139803
1 0.07684806103270896 0.6854624753893936 0.1005121285298145 0.1278187746106063
1 0.014964455793352469 0.5345197525072825 0.029928911586704937 0.121585494985435
1 0.18779758438967395 0.5745129520324287 0.10689852084968252 0.1326881310370968
1 0.09103990782578124 0.4391641369095917 0.09720527210332378 0.12147784639736088
1 0.18864834521022664 0.35748457640560816 0.08447795157021032 0.1133016335443795
1 0.287682890274804 0.2804470517950019 0.08930184389007838 0.11812552586424747
1 0.2607577112701358 0.5887823890211628 0.13704066191590938 0.14917694906292772
1 0.27835307356912126 0.7888816774218225 0.13355194906292792 0.13658602084968247
1 0.3570129341522471 0.6609181503039337 0.12431334138279589 0.14100073620994635
1 0.3988414183171295 0.8329917271052534 0.13785901583511756 0.177301949062928
1 0.27995737450619335 0.9215350530486432 0.12666545157021042 0.11452916442319179
1 0.4610495647936326 0.7070680731069029 0.1371315901291547 0.1523019490629279
1 0.5151951586837111 0.5899654896416658 0.1243588054894186 0.14256323620994635
1 0.41738579598901426 0.544414960412206 0.11847251834240002 0.15488137978345584
1 0.3276844499873647 0.4884808606496328 0.12293269780928666 0.14720527210332382
1 0.382915170757905 0.387739063077773 0.1243588054894186 0.14256323620994643
1 0.44375103384831327 0.2821506411327338 0.10198370031656907 0.12473923871722885
1 0.530213719583406 0.34208191910855235 0.11908027210332381 0.12211434389007839
1 0.4759006411327338 0.4381134846271008 0.1341884465556454 0.15846102084968247
1 0.5667242179340534 0.4823061023363627 0.12243259263643722 0.13001777210332363
1 0.6181168848645276 0.3793342150310595 0.10386444906292791 0.13572220282385156
1 0.4929574796790429 0.8981644345479584 0.09022784639736088 0.09629598997087001
1 0.5862504901038841 0.8306610343105316 0.08223348997087002 0.08981866943775678
1 0.58335882231548 0.7690786766303997 0.058295884798020656 0.07194920783841638
1 0.7423209821863253 0.9127651774883295 0.08549488229073816 0.09459709765100222
1 0.6873008615740697 0.9526149391668121 0.07342077962517131 0.0552163489046432
1 0.6778014926111666 0.8498536520197935 0.07759145407749272 0.09124477711788899
1 0.8008525477048739 0.8595432375966017 0.08058006175762467 0.08664820533113407
1 0.8791570556224325 0.7706194784254017 0.06776181301126627 0.07534699247815269
1 0.7980434479423006 0.7682961119697811 0.059767456584775405 0.0688696719450391
1 0.7280037325820368 0.7609669967678017 0.058159492478152684 0.06726170783841656
1 0.6554384107952822 0.7599560777257564 0.06454588479802066 0.07213106426490726
1 0.7321205827403213 0.6999613006078678 0.05806856426490725 0.06413670783841656
1 0.8056490109535666 0.6946994875966016 0.06307431301126618 0.07521060015828454
1 0.8106380393250966 0.6305460593833564 0.05498902837152997 0.06560827962517131
1 0.7458170213784079 0.6316515698081976 0.05517088479802066 0.07185827962517113
1 0.6743368264721152 0.6470014366595296 0.07942673871722902 0.10066524122451134
1 0.5898565263929729 0.679902516363843 0.0677163489046432 0.07378449247815269
1 0.5909620368178141 0.6150814984171543 0.052136813011265916 0.07489235141192588
1 0.6599537292168245 0.5779475597790678 0.06454588479802066 0.07213106426490726
1 0.7496981908161647 0.5519186057015749 0.05659699247815268 0.06721624373179384
1 0.8159453164429852 0.5554551311701109 0.058159492478152594 0.06726170783841638
1 0.8820560497499379 0.5636791566386471 0.06275606426490725 0.06427310015828454
1 0.9408734571135007 0.6884230923737398 0.04092652837152997 0.06519910266556703
1 0.9503286766303998 0.578084985947249 0.05530727711788863 0.07654577962517113
1 0.8351844321071831 0.9405060810909687 0.06918792069139812 0.07070495658477541
1 0.7811815230277606 0.48933603767574396 0.06481866943775678 0.08150606426490725
1 0.8091306782797524 0.4409068978631584 0.0677163489046432 0.07378449247815269
1 0.8315656194251215 0.3941993824237522 0.06257420783841638 0.05802310015828453
1 0.8598868477175092 0.3598100105578553 0.07244931301126627 0.07548338479802066
1 0.8913474478757937 0.29800869253202433 0.05002874373179367 0.056096887305303156
1 0.9281079988128658 0.4296391257598346 0.07065949247815269 0.06762542069139794
1 0.9112100038274307 0.47384376682606144 0.0800799565847754 0.06946070533113406
1 0.969906705397641 0.3612922910409563 0.040000525864247294 0.08702863855894441
1 0.7936911978757937 0.3008501991959419 0.07070495658477523 0.06918792069139794
1 0.7486036698999751 0.21395560444793368 0.06311977711788863 0.07677310015828454
1 0.6608619775009649 0.25163511236549246 0.06923338479802066 0.07226745658477532
1 0.7090745054767833 0.3384387789002553 0.06610838479802066 0.07217652837152996
1 0.5428083109662019 0.20433186652212756 0.07088681301126591 0.07543792069139796
1 0.47497595328607006 0.20162205516021423 0.06440949247815268 0.06744356426490725
1 0.8250130572052783 0.16333582733004498 0.07686402837152997 0.06624477711788872
1 0.9204786698999751 0.20895455271943875 0.06735263605166182 0.0612844924781526
1 0.9704930417658721 0.18017868336082427 0.04901181301126591 0.07480142319868044
1 0.9875046970178639 0.13206779229459747 0.01744356426490725 0.06295464106622681
1 0.9556242112036287 0.10099128853367378 0.06280152837152997 0.06583560015828457
1 0.9284790380049482 0.148616446292948 0.07075042069139811 0.07075042069139795
1 0.8754964420032989 0.09161394002474188 0.05775031551854859 0.053199207838416515
1 0.7923489728821114 0.05188150178236665 0.08141513605166181 0.06169366943775674
1 0.7112891894960164 0.07453540327343473 0.04980142319868044 0.048284387305303114
1 0.6534108418450144 0.15896187905853992 0.0715233105039836 0.09731292069139794
1 0.6042435676301195 0.10497071252377706 0.07938127461060632 0.09910274122451136
1 0.5345077291503174 0.11402511526848635 0.045341243731793844 0.05596049498543505
1 0.5567751857350928 0.0462465818823915 0.040380959092057724 0.04644910266556703
1 0.6308348113619134 0.04955578681781415 0.043324102665566855 0.04029003087881239
1 0.7081247370678763 0.024152761942845206 0.06864235141192587 0.04830552388569041
1 0.7504593380840906 0.123353336501245 0.046903743731793845 0.05600595909205773
1 0.3944700993668618 0.23206572459797092 0.050483384798020656 0.07172188730530313
1 0.3451664328320989 0.18276205806320805 0.07249477711788863 0.07704588479802066
1 0.2682629520324288 0.19670854928771947 0.06771634890464337 0.0737844924781526
1 0.18481395453971125 0.22099314693872155 0.06941524122451134 0.07851745658477524
1 0.10549852758010711 0.23735158432316697 0.07874477711788871 0.07722774122451134
1 0.037924582673814315 0.25258779090794226 0.04726745658477528 0.06850595909205773
1 0.08591345328607 0.21294261770926184 0.07373902837152993 0.06615384890464335
1 0.16759536229898547 0.19573473416488238 0.06891513605166191 0.061329956584775316
1 0.23342495077878755 0.18679399168672978 0.04520485141192578 0.0512729949854351
1 0.23998483933773188 0.1491348673135504 0.05770485141192587 0.05163670783841652
1 0.1695586790711752 0.15508700211157106 0.061011707838416515 0.05797763605166191
1 0.09203307264468445 0.16358747538939378 0.06748902837152992 0.0659719924781526
1 0.1677748702165443 0.10908418032481641 0.05784124373179385 0.05632420783841652
1 0.09580894200329891 0.11430052922945974 0.07204013605166189 0.06142088479802066
1 0.24288853048310094 0.10299565320692775 0.05935827962517113 0.0548071719450392
1 0.3141868689629031 0.09389578635559573 0.061011707838416564 0.05797763605166188
1 0.3145673021907133 0.13447532224897304 0.0642276360516619 0.061193564264907255
1 0.3834991586172041 0.12622490155757507 0.05480717194503919 0.05935827962517114
1 0.38546247538939377 0.08557716950426374 0.053153743731793844 0.05618781551854848
1 0.4454512408288 0.06275578345260185 0.045295779625171305 0.05439799498543507
1 0.47751123456059386 0.014433258379777214 0.041852530878812286 0.028866516759554428
1 0.3767383447480082 0.036653936197311165 0.04502299498543501 0.04502299498543507
1 0.40436925125364126 0.005345414885410222 0.0412614974927175 0.010690829770820445
1 0.30393734224072577 0.01925480219071334 0.03560253087881238 0.03850960438142668
1 0.23093175125364124 0.007868672802969023 0.0412614974927175 0.015737345605938046
1 0.1141701485880742 0.0466356561099216 0.059676528371529924 0.06574467194503919
1 0.052809099762573156 0.08979227421489482 0.02484688730530311 0.04911946159934022
1 0.7360568911327338 0.43054371087442433 0.0824608105039836 0.09763116943775674
1 0.9853846043814267 0.2585848281879748 0.014864133544379498 0.08161371285298147
1 0.16419363367739342 0.8491863430986555 0.09344377461060623 0.09951191818411545