1 0.23141272744982316 0.9613991865930226 0.10506020472226432 0.06710859514371954
1 0.18037240221605405 0.9183455200582596 0.07398292154477706 0.09588681301126627
1 0.17417187831014486 0.7927233944314391 0.10230790944452864 0.1310801669304741
1 0.05002078512239485 0.6736588088546309 0.0647715480082102 0.12373902837152997
1 0.24448385742929774 0.6562797775801071 0.11015677088084708 0.1375574874635877
1 0.10794639373004296 0.5571101548562803 0.09914654800821018 0.12473923871722885
1 0.1753151800307882 0.4520074662181937 0.08660109621281209 0.11656302586424747
1 0.24505044222923247 0.3507428314201731 0.09131586729005096 0.12138691818411554
1 0.3194520411725191 0.6486287504622184 0.13993517447164328 0.1540463054894186
1 0.4017792487234537 0.831420866917839 0.135184041958086 0.14297241316955045
1 0.4361082760472086 0.6882104245188286 0.12582722267624522 0.1458246285298145
1 0.5330883360574713 0.8377581319615338 0.14166130093507653 0.18221676959604133
1 0.4469604593976465 0.9418438898790926 0.12708974082661798 0.09430759263643722
1 0.5518287248175445 0.7012523306287503 0.1399533551898026 0.1571713054894186
1 0.5659407009116354 0.5750391716158347 0.1273988130353249 0.1474325926364372
1 0.4572469569617595 0.5610114270261111 0.1227840359079618 0.15979620031656908
1 0.35161003531878665 0.5351740042231421 0.12586358411256365 0.15207462852981452
1 0.3720583698241337 0.4236227387837359 0.1273988130353249 0.1474325926364372
1 0.3955998880727022 0.3065117951310844 0.10541472872636941 0.12804609514371962
1 0.4989248759724537 0.3378861640939874 0.12103063836728971 0.12693823620994635
1 0.478444725210328 0.4439686795333936 0.13686471662612104 0.16333037727617317
1 0.5801072191602038 0.4582010126029193 0.12576359016268784 0.1348871285298145
1 0.5966493036655509 0.34676340743006984 0.10704086123992677 0.13902905925034226
1 0.6442394594958423 0.8712489303913233 0.09118860226293642 0.09951191818411545
1 0.7124713090283041 0.7801860096999255 0.08490224082661797 0.09308006175762493
1 0.6902599657423583 0.723010007192643 0.05979315651766228 0.07360263605166181
1 0.890028682466675 0.8117445835982512 0.08649201190385654 0.0978130258642473
1 0.8536871823684793 0.8776567401038842 0.07547269867214013 0.08343227711788863
1 0.8069661975919855 0.7711854312492532 0.07866133118569749 0.09446070533113407
1 0.9287048422057914 0.7442017309326842 0.08175906010845893 0.0898641335443795
1 0.9697959121750032 0.638241235947249 0.06040817564999372 0.07842652837152997
1 0.8969548724564124 0.6591735130651377 0.06134656615858276 0.07208560015828454
1 0.8267105501495096 0.6729381478631584 0.059765885440423716 0.06891513605166182
1 0.756507134458465 0.6937340326611791 0.06604315651766246 0.07378449247815269
1 0.8107446616840239 0.6147990389293853 0.058185204722264315 0.06574467194503911
1 0.8801350111182898 0.588557136184676 0.06449883723582132 0.07686402837152997
1 0.8633651467551051 0.526534509304214 0.05663179508134384 0.06726170783841656
1 0.8009696858845207 0.5463218235691213 0.056668156517662285 0.07351170783841657
1 0.7371026286047325 0.5817796019406511 0.08183178298109546 0.1023641335443795
1 0.6671037459929792 0.6377317367386718 0.06918633723582168 0.07700042069139812
1 0.6472134268093344 0.5765812880714554 0.05356133723582168 0.07654577962517131
1 0.7008060594210875 0.521106526392973 0.06605224687674198 0.07534699247815269
1 0.7794305082896194 0.4703730890085275 0.05820338544042354 0.0688696719450391
1 0.8441924450579027 0.4544238285836862 0.059765885440423716 0.06891513605166182
1 0.9105441529034252 0.4431166040522223 0.0628817950813442 0.06744356426490725
1 0.9937555869412341 0.5430052922945975 0.012488826117531816 0.06607964106622681
1 0.9762408340143679 0.4364741474674469 0.04751833197126416 0.07801735141192587
1 0.9765549722834617 0.8130593795207582 0.04689005543307658 0.07806281551854859
1 0.7891958728491959 0.40289007231548 0.06766019867214013 0.0832049565847754
1 0.799819755460949 0.34866557356912126 0.06918633723582168 0.07700042069139794
1 0.8065601139704013 0.29846098508931923 0.0628454336450254 0.061193564264907255
1 0.8235112646343312 0.2573358799164697 0.07387383723582168 0.077136813011266
1 0.8332811743734474 0.1906341132234223 0.05032725292686635 0.05770485141192579
1 0.9112976109453392 0.30400863994559957 0.07071247579950324 0.07079588479802065
1 0.909222026538188 0.3501705861055336 0.08009656615858277 0.07263116943775678
1 0.9397447978118185 0.22426130397308 0.06300906010845857 0.08931856426490725
1 0.7404760508368806 0.2214642275674718 0.07228406615858277 0.07240384890464338
1 0.6681965298578376 0.15402432647211517 0.0645079275949012 0.07842652837152993
1 0.5958811683233233 0.21473215743006985 0.06916815651766246 0.07387542069139794
1 0.6705044393023663 0.28210386236549245 0.06760565651766229 0.07382995658477531
1 0.46689310509160664 0.20442044622644104 0.0723204275949012 0.07865384890464337
1 0.40057775868240286 0.221977670757905 0.06445338544042353 0.06905152837152997
1 0.7248232588787946 0.0828336365803873 0.07851588544042372 0.06946070533113406
1 0.83274484318775 0.09844661322342231 0.0675511143631848 0.06445495658477529
1 0.8793698583130606 0.05411394002474187 0.06607042759490156 0.07847199247815259
1 0.8892352168225127 0.01716213862545135 0.056595433645025395 0.0343242772509027
1 0.8313772650271147 0.010236188704593632 0.06275453005422946 0.020472377409187264
1 0.8198948643631848 0.038654076076403754 0.07229315651766229 0.07396634890464333
1 0.7509266957452738 0.014497791370160662 0.05810339149054773 0.028995582740321324
1 0.6579261294884953 0.010552088942020478 0.08147725897699054 0.021104177884040957
1 0.5870096414905477 0.03292822796318324 0.05028180113146803 0.049892351411925794
1 0.5578766533944044 0.12910454598901416 0.07244769262201593 0.10052884890464334
1 0.4935959847764936 0.0934685743605441 0.08026019262201593 0.10075616943775674
1 0.4289113160603869 0.12269908478538535 0.047202252926866174 0.05761392319868044
1 0.4285022499018042 0.05238658478538537 0.040897710772388504 0.048057066772189704
1 0.5002772559519284 0.03310773588074204 0.04398634933607006 0.041897994985435075
1 0.5664880632317166 0.00633360187414421 0.07047612646343318 0.01266720374828842
1 0.6403482649289188 0.06810119833801208 0.04876475292686635 0.05765938730530311
1 0.33289990017295057 0.2739553593959916 0.05198065651766246 0.07337531551854841
1 0.26864195745273883 0.24222563776752154 0.0738920179539809 0.08026181301126609
1 0.1993061501729506 0.27784254051223084 0.06918633723582164 0.07700042069139794
1 0.12691352058625954 0.3252691214701855 0.07077610831306051 0.08173338479802066
1 0.055252144024630544 0.3640792203748288 0.08014201795398088 0.08044366943775669
1 0.010902701206222902 0.39662494741357524 0.01758747579950318 0.06925010517284953
1 0.03326351453613533 0.34518446786754636 0.06289088544042357 0.06900606426490725
1 0.1017998910977643 0.30646529717614845 0.06910452400410509 0.06293792069139795
1 0.16258740017295062 0.27891094701786384 0.04717498184962739 0.05292642319868044
1 0.1569004815550398 0.24157007139104322 0.05811248184962738 0.05324467194503919
1 0.09063513212077387 0.2677210459225072 0.06284543364502546 0.061193564264907255
1 0.026736258584206984 0.2977100742940371 0.05038179508134395 0.06707985141192578
1 0.07397889724608439 0.22522966904204536 0.05813975292686624 0.05793217194503919
1 0.021766957452738836 0.24940896661390513 0.04098861436318471 0.06368206677218975
1 0.14491811114173087 0.19659855219071334 0.061255662567786605 0.05646060015828454
1 0.21038402985783758 0.16734530971256073 0.06127384328594587 0.059585600158284534
1 0.22389253883482801 0.20602136480626795 0.0659886143631847 0.0644094924781526
1 0.28780050273047453 0.177594836434738 0.056604524004105095 0.06257420783841652
1 0.27585449375348403 0.13887331723440813 0.055023843285945874 0.05940374373179384
1 0.32641757513557323 0.09989573376917098 0.04719316256778665 0.056051423198680436
1 0.3385448704133089 0.03546952091618953 0.044049981849627426 0.05283549498543507
1 0.25216246369925477 0.09580527883374834 0.04714771077238851 0.048238923198680436
1 0.2635857770291672 0.04468304803407823 0.04242384933607006 0.04185253087881239
1 0.1917471384654857 0.05302439693872156 0.042360216822512696 0.030915030878812377
1 0.17560450887879459 0.09881427005825971 0.03619203005422929 0.04479567445232169
1 0.09667553298109552 0.09720395744270512 0.042469301131468164 0.049665030878812376
1 0.016684026832775464 0.1815766089337732 0.031640885440423566 0.06809678213245363
1 0.0216573522629363 0.09626123456059381 0.04246021077238853 0.048102530878812375
1 0.7264413427949665 0.3609586365803873 0.08338519262201594 0.10084709765100212
1 0.9274215389330239 0.12069603477275011 0.05048178903121965 0.08426735141192579
1 0.9271033763652372 0.0660085347727501 0.028452252926866352 0.05706835391920826
1 0.31165876365237255 0.9207765351019546 0.09590337334017515 0.10433581050398359