1 0.14296875 0.94375 0.0859375 0.1125
1 0.10625 0.8609375 0.059375 0.08515625
1 0.12265625 0.7359375 0.0828125 0.115625
1 0.02265625 0.59375 0.0453125 0.115625
1 0.21640625 0.615625 0.0890625 0.1203125
1 0.1 0.490625 0.08046875 0.11015625
1 0.18515625 0.40078125 0.06875 0.10390625
1 0.271875 0.315625 0.07265625 0.10703125
1 0.29140625 0.6234375 0.11796875 0.13203125
1 0.3390625 0.81953125 0.115625 0.1203125
1 0.3984375 0.6859375 0.10546875 0.12578125
1 0.46640625 0.85234375 0.1140625 0.16015625
1 0.3609375 0.95078125 0.11171875 0.0984375
1 0.509375 0.721875 0.11796875 0.13515625
1 0.5453125 0.60078125 0.10625 0.12734375
1 0.44140625 0.56484375 0.0984375 0.140625
1 0.34296875 0.51796875 0.10390625 0.13203125
1 0.3828125 0.4125 0.10625 0.12734375
1 0.42734375 0.30234375 0.0859375 0.11171875
1 0.52265625 0.35390625 0.10390625 0.10703125
1 0.48359375 0.45390625 0.1125 0.1421875
1 0.58046875 0.4890625 0.10625 0.1140625
1 0.61640625 0.3828125 0.0859375 0.1234375
1 0.56953125 0.9078125 0.07734375 0.08515625
1 0.65234375 0.83203125 0.07109375 0.07890625
1 0.640625 0.771875 0.04921875 0.06484375
1 0.8203125 0.89921875 0.07265625 0.08359375
1 0.7734375 0.95703125 0.06328125 0.071875
1 0.746875 0.84296875 0.065625 0.08203125
1 0.87109375 0.840625 0.06953125 0.0765625
1 0.93515625 0.7453125 0.05859375 0.0671875
1 0.8546875 0.75078125 0.05078125 0.06171875
1 0.78359375 0.75 0.05 0.06015625
1 0.7109375 0.75625 0.05546875 0.06328125
1 0.778125 0.6890625 0.04921875 0.05703125
1 0.85078125 0.67734375 0.05390625 0.0671875
1 0.84609375 0.61328125 0.04609375 0.05859375
1 0.78125 0.6203125 0.0453125 0.06484375
1 0.7125 0.6421875 0.06640625 0.090625
1 0.63359375 0.6828125 0.0578125 0.065625
1 0.625 0.61875 0.0421875 0.06875
1 0.6875 0.575 0.0546875 0.06484375
1 0.7734375 0.54140625 0.04765625 0.06015625
1 0.83984375 0.53828125 0.05 0.06015625
1 0.90703125 0.540625 0.05390625 0.05703125
1 0.984375 0.65859375 0.03125 0.0609375
1 0.97734375 0.5484375 0.0453125 0.0703125
1 0.91796875 0.92109375 0.059375 0.0671875
1 0.7953125 0.4765625 0.0546875 0.0734375
1 0.815625 0.42578125 0.0578125 0.065625
1 0.83125 0.37734375 0.0546875 0.05
1 0.8546875 0.340625 0.06328125 0.065625
1 0.8765625 0.2765625 0.0421875 0.05
1 0.9328125 0.40390625 0.06171875 0.05859375
1 0.92265625 0.44921875 0.07109375 0.05859375
1 0.975 0.33125 0.05 0.08046875
1 0.7796875 0.28828125 0.06171875 0.06015625
1 0.72109375 0.20703125 0.053125 0.06875
1 0.63984375 0.25234375 0.059375 0.06328125
1 0.70078125 0.33359375 0.05703125 0.06328125
1 0.51484375 0.21640625 0.06171875 0.0671875
1 0.446875 0.2203125 0.05546875 0.05859375
1 0.78984375 0.14921875 0.06953125 0.05546875
1 0.8921875 0.1859375 0.059375 0.053125
1 0.94609375 0.1515625 0.05546875 0.0671875
1 0.965625 0.10234375 0.046875 0.05703125
1 0.9109375 0.07578125 0.05390625 0.05859375
1 0.890625 0.125 0.06171875 0.06171875
1 0.8296875 0.07421875 0.05078125 0.0453125
1 0.740625 0.0421875 0.0734375 0.0515625
1 0.66328125 0.071875 0.04375 0.0421875
1 0.61796875 0.1609375 0.0578125 0.0890625
1 0.5609375 0.1125 0.065625 0.0890625
1 0.49296875 0.128125 0.03828125 0.05
1 0.5046875 0.05859375 0.034375 0.04140625
1 0.57890625 0.0546875 0.0375 0.03515625
1 0.65234375 0.02109375 0.06328125 0.0421875
1 0.709375 0.1171875 0.03984375 0.05
1 0.37109375 0.2578125 0.04140625 0.065625
1 0.3140625 0.21328125 0.06171875 0.06875
1 0.23984375 0.234375 0.05859375 0.065625
1 0.16015625 0.26640625 0.059375 0.0703125
1 0.08359375 0.28984375 0.06953125 0.0671875
1 0.01875 0.3109375 0.0375 0.0625
1 0.06015625 0.2671875 0.06484375 0.05703125
1 0.1390625 0.24296875 0.0609375 0.0515625
1 0.20390625 0.228125 0.0390625 0.0453125
1 0.2046875 0.18984375 0.0515625 0.04375
1 0.13515625 0.20234375 0.05390625 0.05
1 0.059375 0.21796875 0.05859375 0.05703125
1 0.1265625 0.15703125 0.05 0.0484375
1 0.05546875 0.16875 0.06484375 0.0515625
1 0.20078125 0.14375 0.053125 0.046875
1 0.2703125 0.128125 0.053125 0.05
1 0.2765625 0.16875 0.05703125 0.053125
1 0.34453125 0.15390625 0.04765625 0.053125
1 0.33984375 0.11328125 0.04609375 0.05
1 0.39609375 0.08515625 0.03828125 0.0484375
1 0.41953125 0.02421875 0.0359375 0.0453125
1 0.32421875 0.065625 0.03984375 0.03984375
1 0.34453125 0.01796875 0.0359375 0.03515625
1 0.27265625 0.01171875 0.0390625 0.0234375
1 0.2484375 0.053125 0.03046875 0.03828125
1 0.171875 0.0359375 0.0359375 0.0421875
1 0.06328125 0.1 0.0515625 0.05859375
1 0.0984375 0.0203125 0.0375 0.040625
1 0.00859375 0.1484375 0.0171875 0.046875
1 0.74140625 0.42265625 0.06875 0.08828125
1 0.98125 0.22734375 0.0375 0.07734375
1 0.990625 0.1734375 0.01875 0.053125
1 0.234375 0.88984375 0.08046875 0.08828125
1 0.05 0.0234375 0.053125 0.046875