1 0.95625 0.14609375 0.0875 0.0890625
1 0.884375 0.1078125 0.0875 0.0625
1 0.7546875 0.125 0.1203125 0.0859375
1 0.60625 0.02265625 0.1203125 0.04375
1 0.6296875 0.22265625 0.125 0.0921875
1 0.49921875 0.1015625 0.1140625 0.0828125
1 0.40625 0.18984375 0.109375 0.071875
1 0.31796875 0.2796875 0.1109375 0.075
1 0.6375 0.30078125 0.1375 0.121875
1 0.84140625 0.35 0.125 0.11875
1 0.703125 0.4109375 0.13125 0.109375
1 0.87578125 0.48203125 0.165625 0.11875
1 0.96328125 0.371875 0.0734375 0.115625
1 0.73984375 0.5265625 0.140625 0.121875
1 0.61328125 0.5640625 0.1328125 0.1109375
1 0.5765625 0.45625 0.146875 0.103125
1 0.52734375 0.35390625 0.1375 0.1078125
1 0.41875 0.3953125 0.1328125 0.1109375
1 0.303125 0.44140625 0.115625 0.0890625
1 0.3578125 0.540625 0.1109375 0.1078125
1 0.4609375 0.49921875 0.146875 0.115625
1 0.49765625 0.6 0.11875 0.1109375
1 0.3875 0.6375 0.128125 0.0890625
1 0.9328125 0.5890625 0.0875 0.0796875
1 0.8546875 0.675 0.08125 0.075
1 0.7921875 0.6625 0.0671875 0.05
1 0.92421875 0.84921875 0.0875 0.075
1 0.9734375 0.8 0.053125 0.065625
1 0.865625 0.77265625 0.084375 0.06875
1 0.86328125 0.90234375 0.078125 0.071875
1 0.76484375 0.96796875 0.0703125 0.0609375
1 0.76953125 0.884375 0.0640625 0.053125
1 0.76875 0.81171875 0.0625 0.0515625
1 0.775 0.7359375 0.065625 0.0578125
1 0.70546875 0.80546875 0.059375 0.05
1 0.69375 0.88046875 0.0703125 0.05625
1 0.62734375 0.87578125 0.0609375 0.046875
1 0.634375 0.80859375 0.0671875 0.046875
1 0.65703125 0.73671875 0.09375 0.06875
1 0.69921875 0.65546875 0.06875 0.059375
1 0.6328125 0.646875 0.071875 0.04375
1 0.58671875 0.71171875 0.0671875 0.05625
1 0.5515625 0.80078125 0.0625 0.05
1 0.5484375 0.86953125 0.0625 0.0515625
1 0.55078125 0.9390625 0.059375 0.05625
1 0.559375 0.99453125 0.0734375 0.0109375
1 0.946875 0.95 0.0703125 0.0625
1 0.484375 0.82265625 0.0765625 0.05625
1 0.43203125 0.84375 0.06875 0.059375
1 0.38203125 0.8609375 0.0515625 0.05625
1 0.34375 0.88515625 0.06875 0.065625
1 0.2765625 0.9078125 0.0515625 0.04375
1 0.409375 0.96640625 0.0609375 0.0640625
1 0.45625 0.95546875 0.0609375 0.075
1 0.33203125 0.99140625 0.0828125 0.0171875
1 0.2890625 0.80703125 0.0625 0.0640625
1 0.20390625 0.74609375 0.071875 0.0546875
1 0.2515625 0.66171875 0.065625 0.0625
1 0.3359375 0.725 0.065625 0.059375
1 0.2140625 0.53203125 0.0703125 0.0640625
1 0.21875 0.46171875 0.0609375 0.0578125
1 0.14453125 0.8171875 0.0578125 0.071875
1 0.1828125 0.9234375 0.0546875 0.0625
1 0.14609375 0.975 0.0703125 0.05
1 0.0953125 0.9875 0.059375 0.025
1 0.06796875 0.94296875 0.0609375 0.05625
1 0.11875 0.921875 0.0640625 0.0640625
1 0.06640625 0.85859375 0.046875 0.053125
1 0.03359375 0.76640625 0.053125 0.075
1 0.0640625 0.6859375 0.04375 0.0453125
1 0.15625 0.6390625 0.09375 0.0609375
1 0.10625 0.5796875 0.09375 0.06875
1 0.12265625 0.509375 0.0515625 0.040625
1 0.05 0.521875 0.04375 0.034375
1 0.046875 0.59921875 0.0375 0.0390625
1 0.01640625 0.675 0.0328125 0.065625
1 0.1109375 0.73359375 0.0515625 0.040625
1 0.2578125 0.3828125 0.06875 0.04375
1 0.2109375 0.32421875 0.071875 0.0640625
1 0.23359375 0.246875 0.06875 0.0609375
1 0.265625 0.1640625 0.0734375 0.0625
1 0.290625 0.084375 0.0703125 0.071875
1 0.31328125 0.01875 0.065625 0.0375
1 0.26640625 0.06015625 0.059375 0.0671875
1 0.24140625 0.1421875 0.053125 0.0625
1 0.2265625 0.209375 0.046875 0.040625
1 0.18671875 0.21015625 0.046875 0.053125
1 0.2 0.13828125 0.0515625 0.05625
1 0.215625 0.059375 0.059375 0.0609375
1 0.15234375 0.1296875 0.05 0.0515625
1 0.16484375 0.05546875 0.053125 0.0671875
1 0.1390625 0.20625 0.0484375 0.0546875
1 0.12265625 0.278125 0.0515625 0.0546875
1 0.16484375 0.28515625 0.0546875 0.059375
1 0.14921875 0.35546875 0.0546875 0.05
1 0.10703125 0.35078125 0.0515625 0.046875
1 0.078125 0.40859375 0.05 0.040625
1 0.01875 0.4328125 0.0375 0.0375
1 0.0578125 0.334375 0.040625 0.040625
1 0.01328125 0.35546875 0.025 0.0375
1 0.00703125 0.28125 0.0140625 0.040625
1 0.04453125 0.25625 0.040625 0.03125
1 0.0265625 0.1765625 0.04375 0.0375
1 0.09296875 0.0640625 0.0609375 0.053125
1 0.015625 0.1 0.03125 0.0375
1 0.14296875 0.0078125 0.0484375 0.015625
1 0.42890625 0.7671875 0.090625 0.071875
1 0.91484375 0.240625 0.090625 0.0828125
1 0.01875 0.04921875 0.0375 0.0546875