1 0.09375 0.6328125 0.121875 0.075
1 0.17578125 0.50234375 0.13125 0.0921875
1 0.82421875 0.42578125 0.146875 0.08125
1 0.11953125 0.571875 0.134375 0.075
1 0.0890625 0.38984375 0.125 0.075
1 0.53671875 0.29609375 0.13125 0.078125
1 0.828125 0.553125 0.165625 0.0875
1 0.72578125 0.3796875 0.153125 0.078125
1 0.10234375 0.45703125 0.13125 0.075
1 0.89765625 0.48203125 0.178125 0.0796875
1 0.10859375 0.3234375 0.134375 0.078125
1 0.18515625 0.28359375 0.13125 0.0734375
1 0.3 0.259375 0.14375 0.0796875
1 0.43046875 0.259375 0.146875 0.075
1 0.62578125 0.334375 0.15625 0.08125
1 0.7390625 0.6046875 0.165625 0.0859375
1 0.64140625 0.64453125 0.1609375 0.075
1 0.5328125 0.68828125 0.15625 0.0734375
1 0.43515625 0.7171875 0.14375 0.071875
1 0.33046875 0.72265625 0.1125 0.071875
1 0.22578125 0.728125 0.1390625 0.075
1 0.13515625 0.690625 0.1390625 0.06875