1 0.2738074671255588 0.1649355523544035 0.10070120373287823 0.13312501324684392
1 0.414469423294069 0.2166940037130151 0.118106892044481 0.14622521397248328
1 0.6465447268614961 0.8088170494439966 0.11210235389503395 0.1600694591631598
1 0.33570349512873604 0.1772470685964723 0.10404439204448099 0.14573414065150558
1 0.4969761858759707 0.1126091936388813 0.10078302434972919 0.1378125132468439
1 0.6944877544609316 0.5137972153232457 0.10398984496658023 0.1426091406515056
1 0.5291759947184037 0.8390724899180171 0.12336713636243815 0.17920140507947585
1 0.664303196829724 0.7079365957231323 0.11059440097293453 0.16313989546082902
1 0.4380921095770769 0.13866077295030876 0.10242734496658024 0.14255457694917478
1 0.612039087656389 0.889593334290387 0.11884327759614007 0.18841271397248321
1 0.5634369829538715 0.11805315098794267 0.10563416558343128 0.14735120435383647
1 0.6191881509729347 0.18090038056952262 0.10086484496658024 0.14250001324684397
1 0.6694120677741819 0.28493560534177914 0.10889553327818291 0.15527283175849824
1 0.7019945170428332 0.40709334753723087 0.10738758035608367 0.1583432680561673
1 0.6812531432590017 0.6054663601511026 0.11536372158978558 0.16799108656782166
1 0.45995266192668804 0.7648239688666247 0.12021486282348767 0.17752977767481432
1 0.39914580113179515 0.6807192981780522 0.10916826866768634 0.17089783175849824
1 0.3311576858726754 0.5877753408289909 0.10752394805083529 0.1661557680561673
1 0.2796985515388323 0.5024355523544035 0.10105575973923261 0.15343751324684388
1 0.24911497889338635 0.4053323738612827 0.09431483603812651 0.12509425843752045
1 0.21853140624794043 0.3082291953681618 0.10412621266133196 0.1504216406515056
1 0.23095749391092008 0.2149702686891395 0.09784893912238157 0.14864088584218216