0 0.34296875 0.60234375 0.29375 0.32734375
0 0.1671875 0.8109375 0.334375 0.37734375
0 0.51484375 0.75390625 0.28984375 0.31015625
0 0.6390625 0.60625 0.33984375 0.3296875
0 0.11015625 0.5703125 0.2203125 0.23984375
0 0.184375 0.4671875 0.3078125 0.21015625
0 0.0609375 0.32890625 0.121875 0.26484375
0 0.1328125 0.1859375 0.16015625 0.21484375
0 0.2203125 0.3421875 0.221875 0.2296875
0 0.35 0.3 0.20390625 0.19765625
0 0.57890625 0.40625 0.24765625 0.25
0 0.85390625 0.51484375 0.2921875 0.29765625
0 0.8890625 0.41640625 0.221875 0.23984375
0 0.82734375 0.27109375 0.22578125 0.2203125
0 0.7171875 0.33984375 0.15625 0.2328125
0 0.946875 0.2453125 0.10625 0.1453125
0 0.85078125 0.1921875 0.221875 0.1625
0 0.71484375 0.125 0.13984375 0.1375
0 0.61171875 0.0890625 0.115625 0.1296875
0 0.503125 0.12890625 0.2203125 0.1375
0 0.321875 0.08359375 0.1359375 0.10234375
0 0.303125 0.14375 0.15234375 0.0921875
0 0.32265625 0.21015625 0.22578125 0.1296875
0 0.41796875 0.43515625 0.21171875 0.18515625
0 0.953125 0.3421875 0.09375 0.125