0 0.3404535714575502 0.6025517924463106 0.34657610094970737 0.38519113125944743
0 0.19375939403572767 0.8094072791509566 0.38751878807145534 0.3786372943712749
0 0.5281999608744244 0.7171848978915092 0.33978053167023514 0.3660771102127601
0 0.6352947100164945 0.547942803252003 0.3936784214828208 0.3957337891096031
0 0.11710361731355041 0.616202581697088 0.23420723462710083 0.28321983660582395
0 0.16938518283209889 0.5010711343843937 0.33877036566419777 0.2710376259977757
0 0.05649638941687417 0.3879025474256338 0.11299277883374834 0.28669490514873236
0 0.09197689984171543 0.23360218429968907 0.18395379968343087 0.24529563140062188
0 0.18964254387744311 0.3711183238751674 0.2590640775927424 0.2724643471291677
0 0.31404916198241634 0.3038181608339272 0.23618886724704335 0.23681527346576187
0 0.5533185989711503 0.3631953479056266 0.28791650329870533 0.299102441839261
0 0.8294431782797524 0.41574641132803747 0.3238372829238763 0.35422955759604163
0 0.8628670952102265 0.3124093087254364 0.260944826339101 0.28349285239083954
0 0.7855497404330885 0.18198533233237252 0.261961757059629 0.2648338576525114
0 0.6839213927820864 0.2705766664485349 0.19481972116625174 0.26248313140062185
0 0.9016210213119009 0.1331089455994916 0.12963733887551357 0.16665542093374794
0 0.8004366060307792 0.10118634900928303 0.2477795851145898 0.20237269801856606
0 0.6580732612827711 0.07133152001361812 0.16235891066226812 0.14266304002723623
0 0.5508745267221773 0.0604353054946095 0.13699519780928676 0.120870610989219
0 0.4477207829903834 0.10573072937683561 0.24236465940862678 0.1810202997741211
0 0.26235158432316696 0.09702910551578565 0.15193823620994645 0.12895799985882567
0 0.2503767700582597 0.16012063971665266 0.16733591567683304 0.12205555247554419
0 0.27746445579335244 0.22093704237572345 0.24682483887551357 0.17348081555913664
0 0.3963722655059132 0.4230316214419755 0.2421206185006847 0.2262417945124493
0 0.9184016928612287 0.22650262982859354 0.11493834138279588 0.14396137357870128