0 0.4046875 0.68125 0.35625 0.31875
0 0.19140625 0.8453125 0.3828125 0.309375
0 0.240625 0.49453125 0.3375 0.315625
0 0.40078125 0.36015625 0.359375 0.36875
0 0.43984375 0.9078125 0.2609375 0.184375
0 0.5515625 0.84375 0.228125 0.3125
0 0.70390625 0.9609375 0.2875 0.078125
0 0.85703125 0.91015625 0.234375 0.175
0 0.6875 0.81484375 0.25 0.240625
0 0.73359375 0.67421875 0.215625 0.221875
0 0.61796875 0.425 0.271875 0.26875
0 0.50234375 0.14296875 0.3234375 0.2859375
0 0.60859375 0.1046875 0.2609375 0.209375
0 0.76484375 0.15546875 0.2390625 0.2453125
0 0.68984375 0.275 0.253125 0.16875
0 0.79375 0.04140625 0.1578125 0.0828125
0 0.85078125 0.1296875 0.1765625 0.240625
0 0.92421875 0.27734375 0.15 0.153125
0 0.946875 0.3890625 0.10625 0.125
0 0.91953125 0.5078125 0.15 0.2390625
0 0.95625 0.7046875 0.0875 0.146875
0 0.90390625 0.725 0.1 0.165625
0 0.83125 0.703125 0.140625 0.2453125
0 0.58671875 0.6 0.2 0.23125
0 0.6875 0.03515625 0.1359375 0.06875