0 0.30011151898054883 0.5785519311827463 0.34235118387616603 0.3609281059642724
0 0.14488277659070792 0.7757632149645526 0.28976555318141584 0.4140985700708949
0 0.4490587112433328 0.739562324360544 0.33510012599777567 0.3435587495377817
0 0.5929136690087837 0.5996694470843709 0.38802770492285354 0.3684965650563301
0 0.10066931598265963 0.531882834323167 0.20133863196531926 0.26435933135366607
0 0.16601708304779955 0.4343653251519669 0.3320341660955991 0.24539403417751765
0 0.07012736586266143 0.2891557767221773 0.14025473172532285 0.27918269780928656
0 0.15266372646365103 0.1507632149645525 0.19141176820408998 0.23330790815498564
0 0.21659117661894278 0.3119076519532865 0.255094836605824 0.2554389724198929
0 0.35122378185237974 0.27679320289035864 0.23278022084904332 0.2204729390337981
0 0.562647858287796 0.39620947796318323 0.28449391026922977 0.27813232633910107
0 0.8143329136765246 0.5206936862638182 0.32655958390440104 0.3308314290046681
0 0.8604637320076716 0.42498036949162843 0.24157836817585512 0.2644047954602888
0 0.828575237128169 0.2761624362638182 0.25767380503579285 0.24615490063313833
0 0.7095375398154747 0.3381205301538966 0.19085032608248015 0.2504499440483629
0 0.9372977897448876 0.25740041290685317 0.10119702090551286 0.15736988229073817
0 0.8635032449500896 0.19871338618467588 0.24649411035393456 0.1881150801000248
0 0.7384115106645182 0.12358065703435842 0.16020799985882556 0.15284751834240007
0 0.6410506632530016 0.08117785985821001 0.13466196828879456 0.14274509263643714
0 0.5275573106504006 0.11489729348173172 0.24035052616718494 0.1629786877801568
0 0.3545440158556027 0.05910991821736901 0.15039338410204497 0.11821983643473802
0 0.3276938185429084 0.1183729491294349 0.1654723525320138 0.10932483887551347
0 0.33701633966018296 0.18595525422314213 0.24458299985882573 0.15530258010002487
0 0.3992833083019134 0.41578149505194206 0.23839318401734033 0.20971729546028878
0 0.9339992135212329 0.35420721674691913 0.09523544724210709 0.1353584899708702