1 0.365625 0.53046875 0.1171875 0.15078125
1 0.4890625 0.45625 0.109375 0.15078125
1 0.03984375 0.58984375 0.0796875 0.15234375
1 0.1 0.68046875 0.12890625 0.1578125
1 0.153125 0.52265625 0.1265625 0.159375
1 0.23515625 0.59921875 0.1203125 0.159375
1 0.28203125 0.45546875 0.11796875 0.1640625
1 0.2109375 0.3546875 0.103125 0.140625
1 0.40703125 0.378125 0.1203125 0.1578125
1 0.0796875 0.4234375 0.1140625 0.14609375
1 0.3328125 0.28515625 0.1109375 0.14375
1 0.2515625 0.19921875 0.1078125 0.13046875
1 0.13046875 0.25859375 0.11875 0.12890625