1 0.3609994036691461 0.5595234282822723 0.1550919799417403 0.17587267447164337
1 0.4655170705996204 0.45737005494209715 0.14723401583511767 0.1742647226762452
1 0.05707056202198749 0.6980011627641783 0.11414112404397499 0.16785109621281222
1 0.13300948132839555 0.770970509271578 0.16786476458147637 0.18532039734428024
1 0.15110992663039974 0.6052682412194013 0.16634772868809905 0.18687380698520073
1 0.24797891495191723 0.6586017985973853 0.16005226458147634 0.1852749455488821
1 0.2625224512410059 0.5077614612633679 0.16014319279472175 0.18839994554888212
1 0.17189510273207403 0.4278335876286051 0.13905780298213616 0.1617192708808471
1 0.36871627843803695 0.4016927475641131 0.1600068004748536 0.1837124455488821
1 0.06660233788623496 0.5269165031232579 0.13320467577246992 0.16959540339440443
1 0.27627637734268023 0.3303677142884299 0.14700669530200425 0.1664522226762452
1 0.1781404057142102 0.26688699726952547 0.1403929824490227 0.1539158612399268
1 0.0740673284839257 0.35498696096878024 0.1481346569678514 0.15397949375348413