1 0.3978224965414389 0.5464510450803826 0.1577281983633867 0.1836216368892682
1 0.49422129218760247 0.4386684702256076 0.15136907095872498 0.18020553846084475
1 0.10356904345354682 0.7025748823411542 0.12146331614940156 0.17257282092583354
1 0.18732897376076624 0.7706656027716496 0.17211808057737182 0.1936516083532208
1 0.19245543946253005 0.6037499305219086 0.17055558057737183 0.19357883374611512
1 0.29272082349061374 0.6515088802742396 0.16425101687504107 0.19172523531769164
1 0.29604917621568616 0.5003273699351574 0.16285220798203354 0.19633996071058563
1 0.19798120924797794 0.42586037096861473 0.141612125042409 0.16883139081820958
1 0.3930928126060225 0.3886021577768296 0.16419645317271012 0.19016273531769165
1 0.09290681804831812 0.5316994561624717 0.1543849435540633 0.1772260876750565
1 0.294543696001134 0.3227652961138398 0.14958831614940155 0.17388276385373888
1 0.19157989790789978 0.26495925827216765 0.14290180653075474 0.16109166542531544
1 0.09312752894075856 0.3587521077340483 0.1538393065307547 0.1616010876750565