0 0.559375 0.45390625 0.23125 0.159375
0 0.47890625 0.53046875 0.184375 0.190625
0 0.3078125 0.54609375 0.2109375 0.184375
0 0.41953125 0.6125 0.134375 0.203125
1 0.50390625 0.66015625 0.103125 0.084375
1 0.50390625 0.7359375 0.0921875 0.0671875
1 0.4453125 0.7375 0.075 0.071875
1 0.4015625 0.7546875 0.065625 0.0625
1 0.3453125 0.7765625 0.08125 0.0625
1 0.38671875 0.70625 0.071875 0.05625
1 0.37578125 0.66640625 0.040625 0.040625
1 0.32421875 0.66015625 0.071875 0.04375
1 0.32109375 0.6953125 0.075 0.040625
1 0.3265625 0.7234375 0.06875 0.0265625
1 0.334375 0.74609375 0.0734375 0.0359375
1 0.33359375 0.6046875 0.1171875 0.0796875
1 0.36796875 0.6328125 0.053125 0.0421875