0 0.55078125 0.453125 0.2265625 0.15703125
0 0.47109375 0.52890625 0.18125 0.18671875
0 0.30234375 0.54375 0.2078125 0.18046875
0 0.4125 0.609375 0.13203125 0.20078125
1 0.49609375 0.65625 0.10078125 0.08359375
1 0.49609375 0.73046875 0.090625 0.06640625
1 0.43828125 0.73203125 0.07421875 0.07109375
1 0.3953125 0.74921875 0.0640625 0.06171875
1 0.33984375 0.77109375 0.08046875 0.06171875
1 0.38046875 0.7015625 0.0703125 0.05546875
1 0.36953125 0.66171875 0.0390625 0.03984375
1 0.31875 0.65625 0.0703125 0.04296875
1 0.315625 0.690625 0.07421875 0.03984375
1 0.32109375 0.71875 0.06796875 0.0265625
1 0.32890625 0.740625 0.071875 0.03515625
1 0.328125 0.6015625 0.11484375 0.07890625
1 0.3625 0.62890625 0.0515625 0.04140625