0 0.5576345180617244 0.4353992312260425 0.23315904002227156 0.17213792794496677
0 0.4764577907383603 0.5117013255984124 0.1897363040260897 0.1987351442797028
0 0.3070265380728603 0.5262152373013103 0.21624426002545336 0.19497522721932725
0 0.4156481074156326 0.5919815918404812 0.14144425469445335 0.20954366950744613
1 0.49826116008908683 0.6391169974681112 0.104143154678545 0.09110120435383635
1 0.4967810234324954 0.7134175930216076 0.09298747867599957 0.07196925843752044
1 0.43895943276572263 0.7146552000078492 0.07741702267663583 0.07611112141421188
1 0.39539124610117715 0.7318079836731132 0.0663704346753633 0.0663541754978958
1 0.33937760343726797 0.754084776957024 0.0835579346753633 0.06695437622353531
1 0.3815554654280411 0.6846155251429255 0.07254770934118149 0.0603224303072194
1 0.37170775075585955 0.6443179073569106 0.041097714672181596 0.04204365626060227
1 0.320844684754905 0.6390599776826634 0.07240225867281787 0.0478224303072194
1 0.3173384240929048 0.6735713869384906 0.07549089600572696 0.04480655771188111
1 0.32157193809672285 0.7015599776826634 0.06909544533736352 0.03208830290255769
1 0.32885772676635905 0.7231894410221745 0.0738738520050907 0.040064494009550346
1 0.33192708808081445 0.583963249915182 0.11815111067790855 0.08690477767481433
1 0.36507594275140515 0.6117236621662341 0.0536340773392725 0.04560516587924912