0 0.5686153368464869 0.43725315929121483 0.24550520678164425 0.17740287385944456
0 0.49814447911243853 0.5194493698722912 0.20299237510244378 0.20294708130638917
0 0.33223053473679104 0.5506844521286108 0.22933655128112634 0.1988778303564585
0 0.4489493078961549 0.6050608679724302 0.15506429735218497 0.2127571859797918
1 0.5375965849844601 0.6444487166619093 0.11047092721213972 0.09309799620027785
1 0.5465221288219884 0.7185401800927773 0.09866013192686936 0.07409342306201391
1 0.48896433994685884 0.725354530966458 0.08325345574818695 0.07841724715020852
1 0.448504159839235 0.7466307721327426 0.07180653349844608 0.06722517401194458
1 0.3957623035529287 0.7728854540284719 0.08750430810555195 0.06915134992375016
1 0.42757092162605925 0.7001921832269093 0.07627570967712849 0.06264677678548622
1 0.41247030644841287 0.6614388077519442 0.04415241439185813 0.04316942496187508
1 0.361616281841307 0.6610582544653122 0.07569351282028158 0.05014677678548622
1 0.3624360731976358 0.6954514382609025 0.07867296360606986 0.0470945119678472
1 0.37074087882198836 0.72263153410059 0.07176799214211718 0.032886541603124896
1 0.3811347233214703 0.7442883285535066 0.07532963978475227 0.04233427678548622
1 0.364501533289049 0.6054622178961802 0.12438787799792798 0.09030030452090294
1 0.40160342700274276 0.6296257632990274 0.056797963606069854 0.046585365691319325