1 0.9375 0.06875 0.125 0.1375
1 0.80703125 0.03046875 0.259375 0.0609375
1 0.7765625 0.12265625 0.275 0.1703125
1 0.91640625 0.1859375 0.1671875 0.16875
1 0.76796875 0.2359375 0.2796875 0.159375
1 0.55703125 0.1390625 0.259375 0.184375
1 0.59296875 0.0515625 0.2671875 0.103125
1 0.43984375 0.2640625 0.275 0.171875
1 0.32734375 0.1515625 0.275 0.1859375
1 0.371875 0.0484375 0.290625 0.096875
1 0.15546875 0.075 0.265625 0.15
1 0.0890625 0.171875 0.178125 0.15625
1 0.21015625 0.2578125 0.2640625 0.171875
1 0.04453125 0.2953125 0.0890625 0.171875
1 0.00859375 0.0859375 0.0171875 0.1203125
1 0.08125 0.01875 0.159375 0.0375
1 0.078125 0.409375 0.15625 0.1375
1 0.0390625 0.5109375 0.078125 0.1203125
1 0.0921875 0.60859375 0.184375 0.175
1 0.2171875 0.68203125 0.41875 0.1453125
1 0.365625 0.57578125 0.4203125 0.1359375
1 0.265625 0.48046875 0.425 0.146875
1 0.328125 0.371875 0.41875 0.1390625
1 0.715625 0.3546875 0.434375 0.153125
1 0.65078125 0.4796875 0.440625 0.14375
1 0.684375 0.596875 0.43125 0.196875
1 0.828125 0.6625 0.34375 0.2140625
1 0.90703125 0.521875 0.1859375 0.1875
1 0.940625 0.42578125 0.11875 0.16875
1 0.8984375 0.29375 0.203125 0.178125
0 0.05546875 0.76328125 0.109375 0.1296875
0 0.0265625 0.85703125 0.053125 0.121875
0 0.04609375 0.94375 0.0921875 0.1125
0 0.2171875 0.90859375 0.396875 0.1828125
0 0.2859375 0.8390625 0.409375 0.1921875
0 0.19765625 0.97421875 0.2921875 0.0515625
0 0.48828125 0.934375 0.3203125 0.13125
0 0.6546875 0.859375 0.43125 0.1875
0 0.6171875 0.75078125 0.43125 0.1859375
0 0.775 0.9546875 0.45 0.090625
0 0.90078125 0.87890625 0.1984375 0.2203125
0 0.93046875 0.7828125 0.1390625 0.165625