1 0.0890625 0.959375 0.178125 0.08125
1 0.271875 0.92421875 0.26875 0.1515625
1 0.10859375 0.86953125 0.2171875 0.1640625
1 0.28125 0.821875 0.2734375 0.1578125
1 0.4875 0.91328125 0.2546875 0.1734375
1 0.45390625 0.9765625 0.2625 0.046875
1 0.603125 0.79375 0.26875 0.16875
1 0.7125 0.9046875 0.26875 0.1828125
1 0.66953125 0.97890625 0.284375 0.0421875
1 0.87578125 0.953125 0.2484375 0.09375
1 0.9296875 0.884375 0.140625 0.153125
1 0.82734375 0.8 0.259375 0.16875
1 0.9734375 0.76328125 0.053125 0.1703125
1 0.940625 0.65234375 0.11875 0.134375
1 0.97890625 0.5515625 0.0421875 0.1171875
1 0.9265625 0.45546875 0.146875 0.171875
1 0.80703125 0.3828125 0.3859375 0.14375
1 0.67578125 0.4875 0.4125 0.1328125
1 0.7734375 0.58125 0.4171875 0.14375
1 0.71171875 0.6875 0.409375 0.1375
1 0.3328125 0.70546875 0.425 0.1515625
1 0.39609375 0.5828125 0.4328125 0.140625
1 0.36328125 0.46640625 0.421875 0.19375
1 0.1953125 0.40234375 0.390625 0.2109375
1 0.11796875 0.540625 0.2359375 0.184375
1 0.08515625 0.63515625 0.1703125 0.165625
1 0.1265625 0.76484375 0.253125 0.1765625
0 0.9625 0.303125 0.075 0.1265625
0 0.971875 0.11640625 0.05625 0.13125
0 0.93828125 0.05 0.1234375 0.1
0 0.81328125 0.14765625 0.3734375 0.20625
0 0.753125 0.22890625 0.4 0.1890625
0 0.840625 0.0609375 0.2875 0.121875
0 0.55546875 0.1 0.3140625 0.2
0 0.39296875 0.209375 0.421875 0.184375
0 0.42890625 0.31640625 0.421875 0.18125
0 0.3671875 0.03515625 0.421875 0.0703125
0 0.2484375 0.084375 0.49375 0.1515625
0 0.12421875 0.18984375 0.2484375 0.215625
0 0.0953125 0.28515625 0.190625 0.1640625
0 0.090625 0.0296875 0.18125 0.059375
0 0.0234375 0.3609375 0.046875 0.103125