0 0.8908251919617554 0.8874338033480409 0.21834961607648928 0.22513239330391813
0 0.7902850442319364 0.777611617035164 0.3649308936660388 0.42447788502724143
0 0.7308440401747466 0.5921792311793531 0.269353566556366 0.31542390860089
0 0.5274581672049891 0.4336089441662505 0.30499460632737063 0.568441900743007
0 0.39224696468663156 0.7372154795267234 0.4438274610364788 0.3828768899896399
0 0.42908667126217886 0.6116910947043698 0.3212706225627203 0.3381379706353833
0 0.4564339699616373 0.8663955955329392 0.41891718993316046 0.26720880893412147
0 0.19425156979948155 0.8349935841603997 0.3120319902574721 0.3300128316792005
0 0.17091130153553696 0.975819791356329 0.17121252678536125 0.048360417287342014
0 0.9168598120921392 0.7518389832462677 0.16628037581572172 0.24884853060296203
0 0.6595123311635673 0.7988423000382721 0.22591148376465037 0.24158399420903187