0 0.2594452612164856 0.5372837144346393 0.4588306202169171 0.19632295988201634
0 0.7137247368195971 0.7146165783739408 0.46206470452587267 0.21521850909622806
0 0.28590270120622285 0.3836664088102869 0.4729567527304745 0.20791543134596893
0 0.25571224891984545 0.7015645382559569 0.46984993344863374 0.2108948821317572
0 0.7393509298343964 0.5524419100531412 0.4496010659621909 0.22088631223938116
0 0.7663658642649889 0.0965666691493691 0.43231357201231513 0.1931333382987382
0 0.7532214905320302 0.25015166398208255 0.45423402380771344 0.21172963606069867
0 0.2990425297596417 0.22441768734633416 0.4479658430895542 0.2083135376322752
0 0.7415668939264347 0.3960463608389294 0.43393970452587266 0.21390856616832252
0 0.2393656071347101 0.8468963089341214 0.45734084308955414 0.2087501852749103
0 0.7052269564707802 0.8658344760165759 0.44024424668035034 0.22357466459674596
0 0.30053633118569745 0.09044090942945943 0.4510726623713949 0.18088181885891885