0 0.2472180484962966 0.5758336046308198 0.45753501834240007 0.156835086728179
0 0.717322296846944 0.7117218198997773 0.4580805876218722 0.17558508672817902
0 0.2603127450519421 0.42104610729631986 0.4703532670887588 0.16791803739654262
0 0.25809204935422647 0.7389330412953654 0.4673191953020043 0.17100667472945155
0 0.7291045459890142 0.5483587538988228 0.4458079081549856 0.18325213605981538
0 0.7151272433360825 0.08930192723586812 0.4296828029821361 0.165882822724361
0 0.7159813865138803 0.2478320425684591 0.4517851235152495 0.1739498613939972
0 0.25948133392745554 0.2617347419637289 0.44544419530200424 0.17075213605981537
0 0.7171992425446596 0.39386215790105 0.43000105172849495 0.17682032272436093
0 0.2538638874383171 0.8842455412953655 0.45477373119538156 0.1692987240610882
0 0.7215287605578553 0.8624030725652773 0.4380863363682309 0.1862862293920883
0 0.24808449584336492 0.11660405529918338 0.4484782670887588 0.16766349872690628