0 0.83359375 0.6734375 0.1125 0.1984375
0 0.75625 0.70546875 0.096875 0.175
0 0.6796875 0.684375 0.10625 0.1984375
0 0.58359375 0.66796875 0.1125 0.1703125
0 0.471875 0.6546875 0.10625 0.153125
0 0.440625 0.56171875 0.084375 0.1375
0 0.75390625 0.61015625 0.096875 0.10625
0 0.6390625 0.62421875 0.0890625 0.1203125
0 0.59140625 0.5234375 0.0875 0.1421875
0 0.51484375 0.55859375 0.084375 0.140625
0 0.79921875 0.54609375 0.0875 0.0875
0 0.83671875 0.5515625 0.121875 0.121875
0 0.79921875 0.46796875 0.0765625 0.0953125
0 0.746875 0.40625 0.065625 0.0953125
0 0.721875 0.4359375 0.08125 0.1125
0 0.6359375 0.38828125 0.0796875 0.115625
0 0.60625 0.31015625 0.0703125 0.0953125
0 0.55859375 0.41640625 0.084375 0.125
0 0.465625 0.3796875 0.096875 0.153125
0 0.54375 0.3140625 0.084375 0.0953125
0 0.4640625 0.48046875 0.0984375 0.1171875