0 0.82265625 0.67265625 0.109375 0.19375
0 0.74765625 0.7046875 0.09453125 0.171875
0 0.671875 0.68359375 0.10390625 0.19375
0 0.578125 0.6671875 0.1109375 0.16640625
0 0.46875 0.65546875 0.10390625 0.15
0 0.43828125 0.5640625 0.08203125 0.13359375
0 0.74453125 0.61171875 0.09453125 0.10390625
0 0.6328125 0.625 0.0875 0.1171875
0 0.58515625 0.52734375 0.08515625 0.1390625
0 0.5109375 0.5609375 0.08359375 0.1359375
0 0.7890625 0.54921875 0.08515625 0.084375
0 0.82578125 0.5546875 0.1203125 0.11953125
0 0.7890625 0.47265625 0.07421875 0.09296875
0 0.73828125 0.4125 0.06328125 0.09296875
0 0.71328125 0.44140625 0.0796875 0.109375
0 0.62890625 0.3953125 0.078125 0.11171875
0 0.6 0.31875 0.06875 0.09296875
0 0.55390625 0.42265625 0.08203125 0.12265625
0 0.4625 0.38671875 0.09453125 0.15
0 0.5390625 0.32265625 0.08203125 0.09296875
0 0.4609375 0.48515625 0.09609375 0.1140625