0 0.8155860341594459 0.6638200288205467 0.11363629488495226 0.19727619480442443
0 0.7396275221573934 0.6956115454596382 0.09788402985783762 0.17512845941492117
0 0.664754787184508 0.6750456753292544 0.10894879488495217 0.19719437418757338
0 0.5711093263139236 0.6587133376662748 0.1150442587805987 0.17074096834337488
0 0.46259738954564017 0.6465463486233235 0.10713176483072288 0.15341710064862327
0 0.4342229255517978 0.5556446590939048 0.08515677088084708 0.1358477711033183
0 0.7386058985226306 0.6026700689985885 0.09749314441741408 0.10794095941492117
0 0.6268189708295335 0.6163388770335378 0.08975336729005097 0.12030459172016936
0 0.5812979134515495 0.5187059464325728 0.08831813231716552 0.14215231818121907
0 0.5068928110904173 0.5520326895327139 0.08673745159900648 0.13900004464226862
0 0.7850587177062754 0.5401467495995534 0.08643746974937905 0.0874375446422686
0 0.821741106269957 0.5457558214342205 0.12258404800821018 0.12400233603812652
0 0.7870666453011769 0.4635569760606032 0.07710792154477701 0.09508640340856651
0 0.7374211693052819 0.40349222930701406 0.06617042154477701 0.09489548863591431
0 0.711471747662309 0.4328484926996946 0.08189541549465282 0.11235572402541774
0 0.6281552536142373 0.38665137703353786 0.08034200585373252 0.11389095048646736
0 0.6012614763886784 0.3097849139651688 0.07085792154477702 0.09497730925276535
0 0.5530052626894235 0.4137417569031541 0.08509313836728971 0.12491027110331845
0 0.4625984313073344 0.37782362216227383 0.09775676483072289 0.15325345941492116
0 0.5403057956705192 0.31397358198423203 0.08492042154477701 0.09522277110331831
0 0.4581194886853185 0.47632930600964973 0.09911018657189175 0.11734323295387128