1 0.4148173033091293 0.5552949254363324 0.09061968281352524 0.08012785178688589
1 0.32167213977297604 0.5366311556646689 0.09706068380210837 0.0850700197716634
1 0.4137442346397798 0.4856045079458465 0.09074701680591399 0.08325285178688588
1 0.5039911857420936 0.3257294422422464 0.0534725098858317 0.04897601087441492
1 0.26742240258737626 0.8693508137636148 0.06603617688202608 0.051047846843970034
1 0.32388323859411244 0.46316182216657176 0.09406301779449713 0.08806768577927464
1 0.4951002998862693 0.17903085577839967 0.0730501808363588 0.07005251482874764
1 0.38164802315734253 0.6971495030029307 0.06772601087441492 0.05423651384016459
1 0.5970010395061459 0.23248346102532672 0.0683626808363588 0.06986151384016441
1 0.14464672475394802 0.5215924515966055 0.07448534684397004 0.06699118182494193
1 0.3203364969598884 0.8190762411399325 0.07085101087441492 0.054363847832553346
1 0.06669547969686387 0.4949397682887888 0.07930018083635884 0.07030718281352506
1 0.40927554642622815 0.19196725448580534 0.06823534684397004 0.06673651384016446
1 0.10339432505795916 0.43930919220506526 0.07891817885919251 0.06093218281352506
1 0.2046597588228865 0.7580193829272559 0.07598417984777565 0.0654923488211363
1 0.37784790802458373 0.8480262534972223 0.06460101087441483 0.054109179847775836
1 0.44009978209177214 0.2613048449039847 0.07930018083635879 0.07030718281352524
1 0.4841681866934957 0.7161952747517605 0.06616351087441501 0.054172846843970036
1 0.6808150350203406 0.6529962322798649 0.061348676882026255 0.0508568458553869
1 0.5173507598114696 0.7660652821661342 0.06466467787060921 0.05567167984777566
1 0.7133847262740038 0.14175498475132292 0.0664818458553869 0.061985346843970036
1 0.4811002420169725 0.8491032752460519 0.06641817885919252 0.060422846843970035
1 0.3840077247167669 0.9273145054743885 0.06947951186299814 0.05898768083635879
1 0.6410958907987403 0.1489825529263809 0.06635451186299815 0.058860346843970034
1 0.45098561357552197 0.6663252673373866 0.07560217787060922 0.05611734882113648
1 0.598641863575522 0.6723417984777565 0.063038510874415 0.05404551285158128
1 0.7411543102292115 0.5357251606447658 0.054780341901054186 0.04278967787060921
1 0.4140811797734136 0.7462064269192072 0.06778967787060926 0.05579901384016441
1 0.262203003385679 0.7861881452845456 0.06947951186299814 0.05898768083635879
1 0.14777574745417996 0.8096972880604522 0.07910917984777566 0.06561968281352515
1 0.6168705987467742 0.7435138029263809 0.059786176882026254 0.050793178859192524
1 0.5236444525480076 0.24671044570228745 0.06967051285158128 0.06367518083635879
1 0.6476868586326061 0.6978166423559771 0.06791701186299796 0.058924013840164415
1 0.588859639772976 0.5475182120139099 0.058032675893442943 0.046042011862998146
1 0.6397947400769872 0.46899130539783884 0.06916117688202625 0.05117518083635879
1 0.3280588136520716 0.8984281601132931 0.07260451186299814 0.05911501482874755
1 0.2076945755150697 0.8371803009120334 0.07879084486680374 0.05780718281352506
1 0.6704212934604786 0.2166939763483659 0.06498301285158128 0.06348417984777566
1 0.30870520205371604 0.2402999837255587 0.06967051285158128 0.06367518083635879
1 0.5630969303048863 0.35396187159573045 0.063038510874415 0.05404551285158128
1 0.505177000951402 0.4118579432308295 0.06291117688202626 0.05092051285158128
1 0.5616392706858846 0.7162217910633828 0.06316584486680377 0.05717051285158128
1 0.6835991368072265 0.5654643987817678 0.05634284190105419 0.04285334486680377
1 0.44482450239709587 0.7983246838392895 0.07279551285158128 0.06380251482874755
1 0.8023676773391367 0.37779725551156956 0.07416701186299797 0.059178681824941924
1 0.5700406555903068 0.4716268740671884 0.06772601087441502 0.05423651384016441
1 0.7374960469205197 0.20299357368662757 0.060040844866803764 0.0570431788591925
1 0.5746127504571106 0.41703487456148 0.0659725098858317 0.04948534684397003
1 0.7708510804951667 0.4406819160819733 0.09323534684397003 0.06775518577927464
1 0.571645553840602 0.16336870509382764 0.061985346843970036 0.0664818458553869
1 0.6269207138795331 0.5928917204168668 0.0534725098858317 0.04897601087441501
1 0.5481259159332492 0.8174022890862165 0.07260451186299796 0.05911501482874755
1 0.6495079796968639 0.5186875578692968 0.05790534190105419 0.04291701186299797
1 0.7339214248676788 0.3867464911771135 0.08386034684397004 0.06737318380210837
1 0.7053733191264602 0.49200965273610037 0.05152800790866543 0.03953734387822046
1 0.4313575685949875 0.8791608483640259 0.06303851087441484 0.05404551285158128
1 0.7160641269213948 0.6137400726980443 0.0631021778706092 0.055608012851581276
1 0.8377348329666245 0.431669013420235 0.07735567885919252 0.06086851581733086
1 0.5931174223590399 0.7887162149796595 0.05516234387822046 0.05216467787060921
1 0.571709290457548 0.6227264590481603 0.063038510874415 0.05404551285158128
1 0.5372361313700191 0.5853246181356894 0.05002917490485981 0.04103617688202608
1 0.20612805281483776 0.5491391314443812 0.053790844866803675 0.05678851087441501
1 0.5069185730807928 0.4651421107213155 0.07260451186299814 0.05911501482874755
1 0.4491498354380825 0.40409718136783146 0.05015650889724856 0.044161176882026074
1 0.5916331071869123 0.3066067105310351 0.06609984387822046 0.052610346843970035
1 0.3675244451336338 0.27556366307904273 0.05672484387822054 0.05222834486680368
1 0.32939704543764503 0.19340773767989136 0.061603344866803765 0.057106845855386903
1 0.5444225261602731 0.2937273671471062 0.05557883794672147 0.024103344866803676
1 0.44415327072306565 0.3154657628887623 0.058958505931499164 0.030480678859192523