1 0.54140625 0.571875 0.0703125 0.08125
1 0.5171875 0.66484375 0.075 0.0875
1 0.4703125 0.5671875 0.071875 0.08125
1 0.3140625 0.465625 0.04375 0.05
1 0.8515625 0.74140625 0.04375 0.0609375
1 0.44140625 0.6578125 0.078125 0.084375
1 0.16484375 0.46484375 0.0625 0.065625
1 0.68359375 0.61484375 0.046875 0.0625
1 0.22421875 0.36484375 0.0625 0.0625
1 0.4890625 0.84453125 0.059375 0.06875
1 0.80390625 0.68515625 0.0453125 0.065625
1 0.4578125 0.92265625 0.0625 0.071875
1 0.17109375 0.553125 0.059375 0.0625
1 0.403125 0.88125 0.0515625 0.0734375
1 0.734375 0.7984375 0.05625 0.06875
1 0.83671875 0.62890625 0.046875 0.059375
1 0.24453125 0.5265625 0.0609375 0.071875
1 0.709375 0.5109375 0.046875 0.0625
1 0.65859375 0.30703125 0.04375 0.05625
1 0.76328125 0.48046875 0.046875 0.059375
1 0.13984375 0.240625 0.053125 0.059375
1 0.84453125 0.52265625 0.053125 0.0609375
1 0.91875 0.62734375 0.0515625 0.0625
1 0.14296875 0.31484375 0.0515625 0.0609375
1 0.6578125 0.5421875 0.046875 0.0703125
1 0.67265625 0.3921875 0.046875 0.059375
1 0.54296875 0.2375 0.0375 0.05
1 0.7359375 0.584375 0.0484375 0.0625
1 0.76640625 0.74140625 0.0515625 0.0625
1 0.7828125 0.859375 0.05625 0.0734375
1 0.74609375 0.378125 0.04375 0.05625
1 0.23515625 0.43984375 0.05625 0.0640625
1 0.70234375 0.34375 0.0515625 0.0625
1 0.5453125 0.39375 0.0390625 0.053125
1 0.46875 0.3359375 0.0421875 0.0640625
1 0.88515625 0.68203125 0.05 0.065625
1 0.815625 0.80078125 0.0484375 0.0734375
1 0.21328125 0.2890625 0.05625 0.059375
1 0.21484375 0.65859375 0.05625 0.0625
1 0.3453125 0.4078125 0.046875 0.0578125
1 0.40234375 0.4703125 0.04375 0.059375
1 0.715625 0.43203125 0.05 0.0578125
1 0.56953125 0.2984375 0.0359375 0.053125
1 0.79140625 0.55703125 0.0546875 0.065625
1 0.3859375 0.16484375 0.05 0.06875
1 0.46640625 0.4078125 0.046875 0.0625
1 0.20390625 0.2203125 0.05 0.053125
1 0.4109375 0.39921875 0.040625 0.0625
1 0.44765625 0.2015625 0.05625 0.0875
1 0.153125 0.3859375 0.0609375 0.05625
1 0.59375 0.3578125 0.04375 0.05
1 0.8171875 0.45234375 0.05 0.0671875
1 0.5203125 0.3296875 0.0375 0.053125
1 0.390625 0.23515625 0.05625 0.0765625
1 0.4953125 0.271875 0.034375 0.046875
1 0.87265625 0.57578125 0.046875 0.0578125
1 0.6203125 0.26875 0.046875 0.059375
1 0.44375 0.1328125 0.0515625 0.071875
1 0.790625 0.4046875 0.046875 0.05
1 0.6203125 0.415625 0.046875 0.059375
1 0.58046875 0.44921875 0.0359375 0.046875
1 0.521875 0.78359375 0.05 0.046875
1 0.45625 0.47265625 0.05 0.065625
1 0.38984375 0.5265625 0.0390625 0.046875
1 0.3 0.37578125 0.0453125 0.0625
1 0.25390625 0.6015625 0.046875 0.05
1 0.16796875 0.634375 0.05 0.05625
1 0.28359375 0.42265625 0.015625 0.053125
1 0.29921875 0.5265625 0.0234375 0.0578125