1 0.51171875 0.54296875 0.075 0.0875
1 0.4859375 0.64296875 0.0796875 0.0953125
1 0.43515625 0.53828125 0.078125 0.0875
1 0.2671875 0.42890625 0.046875 0.053125
1 0.8453125 0.72578125 0.046875 0.065625
1 0.4046875 0.6359375 0.084375 0.090625
1 0.10703125 0.428125 0.065625 0.071875
1 0.66484375 0.5890625 0.05 0.0671875
1 0.17109375 0.3203125 0.06875 0.065625
1 0.45546875 0.83671875 0.0625 0.0734375
1 0.79453125 0.66484375 0.05 0.071875
1 0.42265625 0.91953125 0.065625 0.078125
1 0.1140625 0.52265625 0.0640625 0.065625
1 0.36328125 0.87578125 0.05625 0.0796875
1 0.71953125 0.78671875 0.0609375 0.0734375
1 0.8296875 0.60390625 0.05 0.0640625
1 0.1921875 0.49453125 0.065625 0.078125
1 0.6921875 0.47734375 0.05 0.065625
1 0.63828125 0.2578125 0.046875 0.0609375
1 0.75078125 0.4453125 0.0515625 0.0640625
1 0.08046875 0.18671875 0.059375 0.0640625
1 0.83828125 0.490625 0.0578125 0.065625
1 0.91796875 0.60234375 0.05625 0.0671875
1 0.0828125 0.26640625 0.05625 0.065625
1 0.63671875 0.51171875 0.05 0.075
1 0.65390625 0.34921875 0.05 0.0625
1 0.5140625 0.1828125 0.0390625 0.0546875
1 0.72109375 0.55625 0.053125 0.0671875
1 0.75390625 0.72578125 0.05625 0.0671875
1 0.77109375 0.85234375 0.0609375 0.078125
1 0.73203125 0.334375 0.046875 0.059375
1 0.18203125 0.40078125 0.0609375 0.06875
1 0.68515625 0.29765625 0.05625 0.065625
1 0.51640625 0.3515625 0.0421875 0.059375
1 0.43359375 0.28984375 0.0453125 0.06875
1 0.88125 0.6609375 0.053125 0.071875
1 0.80625 0.7890625 0.053125 0.078125
1 0.159375 0.2390625 0.059375 0.0625
1 0.16015625 0.6359375 0.0609375 0.0671875
1 0.3015625 0.36640625 0.05 0.0625
1 0.3625 0.43359375 0.046875 0.0625
1 0.69921875 0.3921875 0.053125 0.0625
1 0.5421875 0.24921875 0.0375 0.05625
1 0.78046875 0.5265625 0.059375 0.071875
1 0.34453125 0.10546875 0.053125 0.0734375
1 0.43125 0.36640625 0.05 0.0671875
1 0.1484375 0.16484375 0.053125 0.059375
1 0.371875 0.3578125 0.04375 0.065625
1 0.4109375 0.14453125 0.0609375 0.09375
1 0.09453125 0.34296875 0.065625 0.059375
1 0.56875 0.31328125 0.046875 0.053125
1 0.80859375 0.41484375 0.0546875 0.071875
1 0.4890625 0.2828125 0.0390625 0.05625
1 0.34921875 0.18046875 0.0625 0.08125
1 0.4625 0.2203125 0.0375 0.05
1 0.86796875 0.54765625 0.05 0.0625
1 0.59609375 0.2171875 0.0515625 0.0625
1 0.40703125 0.07109375 0.05625 0.0765625
1 0.7796875 0.36328125 0.05 0.053125
1 0.596875 0.375 0.05 0.0625
1 0.55390625 0.4109375 0.0375 0.05
1 0.490625 0.7703125 0.0546875 0.0515625
1 0.4203125 0.4359375 0.053125 0.071875
1 0.34921875 0.49453125 0.0421875 0.05
1 0.25234375 0.33203125 0.05 0.065625
1 0.20234375 0.575 0.05 0.0546875
1 0.11015625 0.61015625 0.053125 0.059375
1 0.23515625 0.38203125 0.01875 0.059375
1 0.2515625 0.49453125 0.025 0.0625