1 0.4328125 0.53046875 0.08046875 0.06875
1 0.34140625 0.50625 0.08671875 0.07265625
1 0.43671875 0.4609375 0.08046875 0.07109375
1 0.53671875 0.3078125 0.04765625 0.0421875
1 0.26640625 0.834375 0.059375 0.0421875
1 0.3484375 0.4328125 0.08359375 0.0765625
1 0.5375 0.1609375 0.06484375 0.06015625
1 0.390625 0.6703125 0.06171875 0.04609375
1 0.63515625 0.2203125 0.06015625 0.06171875
1 0.165625 0.4796875 0.06640625 0.0578125
1 0.321875 0.7875 0.06484375 0.04453125
1 0.08984375 0.4484375 0.07109375 0.06015625
1 0.45078125 0.16796875 0.06015625 0.05859375
1 0.1296875 0.3953125 0.071875 0.05078125
1 0.2109375 0.71953125 0.06796875 0.05546875
1 0.37734375 0.8203125 0.05859375 0.04609375
1 0.47734375 0.2390625 0.07109375 0.059375
1 0.4921875 0.6953125 0.06015625 0.04609375
1 0.6921875 0.6453125 0.05546875 0.04296875
1 0.521875 0.74765625 0.05859375 0.046875
1 0.75703125 0.1375 0.05859375 0.053125
1 0.48046875 0.828125 0.059375 0.05234375
1 0.37890625 0.9 0.06171875 0.05078125
1 0.684375 0.13984375 0.059375 0.05078125
1 0.46171875 0.64375 0.06875 0.04609375
1 0.60859375 0.659375 0.05703125 0.04609375
1 0.76015625 0.53203125 0.05 0.0359375
1 0.4203125 0.72109375 0.06171875 0.04765625
1 0.26640625 0.7515625 0.06171875 0.05078125
1 0.15078125 0.7671875 0.071875 0.05546875
1 0.62265625 0.73125 0.05390625 0.04375
1 0.56171875 0.2296875 0.0625 0.05546875
1 0.65625 0.6875 0.06015625 0.05078125
1 0.60703125 0.534375 0.053125 0.03828125
1 0.66328125 0.459375 0.0625 0.04140625
1 0.325 0.8671875 0.06484375 0.04921875
1 0.20859375 0.7984375 0.071875 0.04765625
1 0.709375 0.209375 0.05703125 0.0546875
1 0.34765625 0.21015625 0.06171875 0.05546875
1 0.59375 0.3390625 0.05625 0.04609375
1 0.53203125 0.39375 0.05703125 0.04296875
1 0.56953125 0.70078125 0.05625 0.04921875
1 0.70078125 0.5578125 0.05078125 0.03515625
1 0.44765625 0.775 0.06484375 0.05390625
1 0.83125 0.378125 0.06640625 0.04921875
1 0.59296875 0.45703125 0.06171875 0.0453125
1 0.77734375 0.2 0.053125 0.04921875
1 0.6015625 0.403125 0.06015625 0.040625
1 0.7953125 0.4390625 0.08515625 0.05546875
1 0.61484375 0.15 0.05390625 0.059375
1 0.6421875 0.58203125 0.04765625 0.0421875
1 0.54921875 0.80078125 0.065625 0.05
1 0.66953125 0.509375 0.05234375 0.0359375
1 0.7625 0.3828125 0.075 0.05625
1 0.7265625 0.4859375 0.04609375 0.03359375
1 0.42890625 0.8546875 0.05625 0.04609375
1 0.7296875 0.6078125 0.05703125 0.046875
1 0.8625 0.434375 0.06953125 0.05078125
1 0.59609375 0.775 0.04921875 0.0453125
1 0.58515625 0.6078125 0.05703125 0.04609375
1 0.553125 0.56875 0.04453125 0.03515625
1 0.22578125 0.5109375 0.046875 0.05
1 0.53046875 0.446875 0.06484375 0.04921875
1 0.47734375 0.38203125 0.04453125 0.03828125
1 0.625 0.29375 0.06015625 0.04453125
1 0.40390625 0.2484375 0.05 0.0453125
1 0.37109375 0.1640625 0.05390625 0.04921875
1 0.57890625 0.278125 0.053125 0.01640625
1 0.47734375 0.29375 0.05625 0.02265625