1 0.780547958827481 0.6806354815245859 0.0723295179539809 0.08021634890464338
1 0.814659338414172 0.7269481918702849 0.06448065651766229 0.07373902837152997
1 0.756728663746137 0.7455785199252457 0.06603406615858276 0.07222199247815268
1 0.6988116246167214 0.7618650979802065 0.06444429508134383 0.06748902837152997
1 0.6408764047691465 0.7812766760351673 0.06600679508134402 0.06753449247815269
1 0.5813786849215716 0.8006427899835055 0.06289088544042372 0.06900606426490725
1 0.5250196006126163 0.8177560821450889 0.07077610831306061 0.08173338479802048
1 0.49172583246224366 0.7652161038527012 0.0628636143631848 0.06431856426490726
1 0.5535536667711991 0.7482619360642971 0.06599770472226432 0.06597199247815269
1 0.6114979769778536 0.7272878580093364 0.06139201795398073 0.07989810015828454
1 0.6686155853891099 0.7141035479010642 0.06294542759490121 0.07838106426490725
1 0.7226354648776051 0.6961408095795467 0.06135565651766246 0.07364810015828453
1 0.7495888503180288 0.6297261993921323 0.05663179508134384 0.06726170783841656
1 0.6963774919067725 0.6430241697669612 0.06288179508134384 0.06744356426490725
1 0.6408042027773566 0.6593789439818559 0.06130111436318479 0.06427310015828454
1 0.5836502329297819 0.678813254090128 0.058176114363184796 0.0641821719450391
1 0.5272866034412866 0.6967077962517116 0.0597386143631848 0.06422763605166182
1 0.4677979739527915 0.7145114102000496 0.0597386143631848 0.06422763605166182
1 0.45636102508425963 0.6657329294003796 0.05500566256778665 0.05627874373179385
1 0.5134968142136752 0.6494236192921075 0.058185204722264315 0.06574467194503927
1 0.5682933985226306 0.6322648630239013 0.05654998184962743 0.053199207838416564
1 0.6246388472929667 0.6174953208623177 0.05497839149054791 0.05159124373179384
1 0.6794308864223823 0.6011178145941116 0.05654089149054773 0.05163670783841638
1 0.7334144044745589 0.5894050762725941 0.05338862041330898 0.046858279625171306