1 0.759375 0.69609375 0.06328125 0.0703125
1 0.7875 0.7453125 0.05546875 0.06484375
1 0.72734375 0.7578125 0.05703125 0.0625
1 0.6671875 0.7671875 0.05703125 0.05859375
1 0.60703125 0.78046875 0.05859375 0.05859375
1 0.5453125 0.79296875 0.05390625 0.0609375
1 0.4875 0.80390625 0.06015625 0.07265625
1 0.4609375 0.74765625 0.05546875 0.05546875
1 0.525 0.7375 0.0578125 0.05625
1 0.58515625 0.7234375 0.0515625 0.071875
1 0.64375 0.71640625 0.05390625 0.06953125
1 0.7 0.7046875 0.05234375 0.06484375
1 0.7359375 0.6421875 0.04765625 0.06015625
1 0.68125 0.64921875 0.05546875 0.05859375
1 0.6234375 0.659375 0.053125 0.05546875
1 0.5640625 0.67265625 0.05 0.05625
1 0.50546875 0.68359375 0.0515625 0.05625
1 0.44453125 0.6953125 0.05234375 0.05625
1 0.4390625 0.6453125 0.04765625 0.04921875
1 0.4984375 0.63515625 0.05078125 0.0578125
1 0.55546875 0.62421875 0.05078125 0.04453125
1 0.61328125 0.61640625 0.04921875 0.04375
1 0.66953125 0.60625 0.05 0.04375
1 0.725 0.6 0.04765625 0.03984375