1 0.79375 0.72578125 0.06875 0.075
1 0.8234375 0.77890625 0.059375 0.06875
1 0.75859375 0.79296875 0.0625 0.0671875
1 0.69453125 0.803125 0.0625 0.0625
1 0.62890625 0.8171875 0.0625 0.0625
1 0.5625 0.83125 0.0578125 0.065625
1 0.49921875 0.8421875 0.065625 0.078125
1 0.47109375 0.78203125 0.059375 0.059375
1 0.53984375 0.77109375 0.0625 0.0609375
1 0.60546875 0.75546875 0.05625 0.078125
1 0.66796875 0.7484375 0.0578125 0.075
1 0.7296875 0.73515625 0.05625 0.06875
1 0.76796875 0.66796875 0.0515625 0.065625
1 0.70859375 0.67578125 0.059375 0.0625
1 0.64609375 0.68671875 0.05625 0.059375
1 0.58203125 0.70078125 0.053125 0.0609375
1 0.51953125 0.7125 0.05625 0.0609375
1 0.45390625 0.725 0.05625 0.0609375
1 0.4484375 0.671875 0.0515625 0.053125
1 0.51171875 0.6609375 0.0546875 0.0625
1 0.5734375 0.6484375 0.0546875 0.0484375
1 0.6359375 0.63984375 0.053125 0.046875
1 0.69609375 0.62890625 0.053125 0.046875
1 0.75625 0.621875 0.0515625 0.04375