0 0.7796875 0.2765625 0.1015625 0.10703125
0 0.83515625 0.2375 0.0671875 0.075
0 0.8609375 0.32421875 0.07734375 0.109375
0 0.9046875 0.26640625 0.05390625 0.06875
0 0.96796875 0.28828125 0.0640625 0.0640625
0 0.94453125 0.34609375 0.07578125 0.1265625
0 0.928125 0.4484375 0.07890625 0.1046875
0 0.8375 0.41640625 0.0640625 0.09609375
0 0.75859375 0.3671875 0.09453125 0.0875
0 0.734375 0.46328125 0.0796875 0.1046875
0 0.8109375 0.50625 0.07734375 0.103125
0 0.88359375 0.55390625 0.07109375 0.1046875
0 0.96796875 0.56953125 0.0640625 0.103125
0 0.70078125 0.54921875 0.05703125 0.0984375
0 0.7703125 0.60078125 0.05859375 0.10703125
0 0.8390625 0.640625 0.05390625 0.121875
0 0.9203125 0.66796875 0.0625 0.10078125
0 0.98828125 0.6734375 0.02265625 0.0859375
0 0.684375 0.63828125 0.06171875 0.109375
0 0.734375 0.69453125 0.07109375 0.13515625
0 0.80546875 0.72578125 0.05390625 0.08984375
0 0.88671875 0.7609375 0.096875 0.10703125
0 0.96171875 0.7859375 0.0765625 0.109375
0 0.98671875 0.46796875 0.0265625 0.0859375