0 0.7941734529816322 0.3142188559747513 0.10726959897381949 0.11459326805616729
0 0.8495506307932988 0.27868314925866217 0.07209451196784719 0.07901786660488845
0 0.87502471589941 0.367001604793625 0.08386846656499998 0.11533731252120454
0 0.91902798261691 0.3123339521612198 0.0578865416031249 0.07227679328391083
0 0.9742577304327085 0.3385988409986269 0.05148453913458297 0.0676438569862416
0 0.958419097358299 0.3948934810171604 0.08270601006798621 0.13247024881887368
0 0.9404704907850352 0.49574665288685915 0.0853218637914587 0.11070437622353531
0 0.8498084699834726 0.45745299000283507 0.06947865824437507 0.10078373920022692
0 0.7720458394745142 0.4032168685886231 0.09898432028847211 0.09400794954451311
0 0.7461210787409379 0.49676597194666766 0.08532186379145834 0.11070437622353531
0 0.8221939226807642 0.5454787796585487 0.08372299620027804 0.10908731252120454
0 0.8944514355985422 0.5979614281146027 0.0775093637914587 0.11043155771188111
0 0.97222539119408 0.619657868040469 0.05554921761183991 0.10703373920022692
0 0.7121656124602783 0.580667256793058 0.06326502583555574 0.10212798439090331
0 0.7806077943560075 0.6369197459932848 0.065045731382639 0.11155754809323426
0 0.8487772193178824 0.6814534851935117 0.060685539703263916 0.1254563569862416
0 0.9299551373459034 0.7147322658635507 0.0680252610179167 0.1054166754978958
0 0.9923028082721703 0.7249182869149429 0.015394383455659267 0.0868105192372937
0 0.6946891313619797 0.6682664605139224 0.06820709897381967 0.11322917549789598
0 0.7436909822356603 0.7277431534350134 0.078200348023889 0.1401190577118811
0 0.8147853854460422 0.7637922700399018 0.05839568787965277 0.09415179328391084
0 0.895363891429966 0.8048562688587755 0.10258209897381931 0.11442957694917481
0 0.9645330454965627 0.8347917947194912 0.07093390900687453 0.11528274881887376
0 0.9910653303564585 0.51880469617077 0.017869339287083008 0.08848214664195542