1 0.3125 0.70859375 0.075 0.08125
1 0.2859375 0.31953125 0.08125 0.084375
1 0.33828125 0.834375 0.075 0.0765625
1 0.47578125 0.7140625 0.075 0.0765625
1 0.51796875 0.67421875 0.0703125 0.075
1 0.35625 0.66796875 0.075 0.075
1 0.56953125 0.5703125 0.065625 0.0734375
1 0.67109375 0.52890625 0.0703125 0.08125
1 0.56015625 0.6453125 0.0734375 0.06875
1 0.43359375 0.75703125 0.0765625 0.0734375
1 0.384375 0.796875 0.075 0.0703125
1 0.25859375 0.471875 0.0734375 0.078125
1 0.5234375 0.55 0.065625 0.0765625
1 0.3140625 0.4875 0.06875 0.075
1 0.5453125 0.41171875 0.065625 0.075
1 0.49609375 0.39453125 0.071875 0.084375
1 0.5921875 0.425 0.0703125 0.078125
1 0.2265625 0.3015625 0.078125 0.08125
1 0.6375 0.44453125 0.0703125 0.078125
1 0.61953125 0.5859375 0.075 0.08125
1 0.290625 0.878125 0.0703125 0.0703125
1 0.66484375 0.5984375 0.065625 0.0765625
1 0.3953125 0.35703125 0.065625 0.078125
1 0.44921875 0.375 0.0734375 0.078125
1 0.34140625 0.3421875 0.0734375 0.084375
1 0.36953125 0.5078125 0.06875 0.08125
1 0.265625 0.75078125 0.0703125 0.075
1 0.44765625 0.6015625 0.0546875 0.04375
1 0.40546875 0.6296875 0.06875 0.0734375
1 0.19921875 0.459375 0.08125 0.08125
1 0.42109375 0.52265625 0.065625 0.078125
1 0.684375 0.45625 0.078125 0.0765625
1 0.47578125 0.53828125 0.06875 0.078125
1 0.66328125 0.39140625 0.053125 0.046875