1 0.728125 0.7 0.084375 0.078125
1 0.32734375 0.728125 0.0859375 0.0828125
1 0.8578125 0.67421875 0.078125 0.078125
1 0.73359375 0.5328125 0.078125 0.078125
1 0.69296875 0.4890625 0.078125 0.071875
1 0.6859375 0.6546875 0.078125 0.078125
1 0.5859375 0.43515625 0.075 0.065625
1 0.54296875 0.33125 0.084375 0.071875
1 0.66328125 0.4453125 0.06875 0.075
1 0.778125 0.57578125 0.075 0.078125
1 0.81875 0.6265625 0.071875 0.078125
1 0.484375 0.75625 0.08125 0.075
1 0.56484375 0.48359375 0.078125 0.065625
1 0.50078125 0.6984375 0.078125 0.06875
1 0.421875 0.4609375 0.078125 0.06875
1 0.4046875 0.5109375 0.0859375 0.075
1 0.4359375 0.4125 0.08125 0.071875
1 0.309375 0.7890625 0.0828125 0.08125
1 0.45625 0.365625 0.08125 0.071875
1 0.6015625 0.384375 0.084375 0.078125
1 0.903125 0.7234375 0.071875 0.071875
1 0.61484375 0.3375 0.078125 0.06875
1 0.36640625 0.61484375 0.08125 0.06875
1 0.38515625 0.56015625 0.08125 0.075
1 0.35078125 0.6703125 0.0875 0.075
1 0.521875 0.64140625 0.0828125 0.06875
1 0.771875 0.7484375 0.078125 0.071875
1 0.61796875 0.56171875 0.046875 0.05625
1 0.646875 0.6046875 0.075 0.06875
1 0.471875 0.81640625 0.084375 0.0828125
1 0.53671875 0.5890625 0.08125 0.065625
1 0.46796875 0.3171875 0.078125 0.08125
1 0.55234375 0.5328125 0.08125 0.06875
1 0.4015625 0.3390625 0.05 0.0546875