1 0.32347192066101427 0.6680463401956617 0.08325792759490129 0.07897209765100222
1 0.6992895320973327 0.6633622225529069 0.08485678903121965 0.08526756175762476
1 0.2007156767111385 0.6544277725655421 0.07699883723582168 0.07722774122451134
1 0.3085003847530525 0.5122055171552657 0.07699883723582168 0.07722774122451134
1 0.34419244505790286 0.4689723427029442 0.07541815651766245 0.07405727711788863
1 0.35993614060678497 0.6232279336900287 0.07543633723582169 0.07718227711788864
1 0.44152598731057646 0.4106620860390266 0.07538179508134384 0.06780727711788863
1 0.47609590914994104 0.30885789364001626 0.08323065651766245 0.07428459765100212
1 0.3697237101832133 0.42525343494366996 0.06918633723582168 0.07700042069139794
1 0.269687869627742 0.5563108698208328 0.07544542759490129 0.07874477711788863
1 0.23403671593874992 0.6065752942731546 0.07231133723582166 0.0770913489046432
1 0.5541770199970844 0.7019653844688163 0.07856133723582168 0.07727320533113406
1 0.4644413125443455 0.45453410649299775 0.07694429508134384 0.06785274122451135
1 0.5351179477883774 0.6493859537482883 0.07539997579950324 0.07093227711788863
1 0.5963043909013725 0.4217861394833812 0.07539088544042354 0.06936977711788864
1 0.6145367613146815 0.4665758022572204 0.08480224687674216 0.07589256175762493
1 0.5804203156676035 0.377709530549608 0.08010565651766229 0.0741936694377567
1 0.7191525802037388 0.7198251712201233 0.08171360831306043 0.0820516335443795
1 0.559076580792914 0.33535454598901415 0.07854315651766246 0.07414820533113406
1 0.4240612313586481 0.36350594121187607 0.08325792759490121 0.07897209765100213
1 0.16114918266306683 0.7032433572844206 0.07229315651766241 0.0739663489046432
1 0.4089674964839586 0.3209691002247916 0.07695338544042354 0.06941524122451134
1 0.656502068398078 0.5614647534317193 0.07851588544042354 0.06946070533113406
1 0.6358941317279905 0.5112745368178142 0.08012383723582168 0.07731866943775678
1 0.6739895502477053 0.6125271482588698 0.08637383723582168 0.0775005258642473
1 0.5129429659387499 0.598459951241006 0.08165906615858276 0.0726766335443795
1 0.2854679266129426 0.7168164608079174 0.07541815651766245 0.07405727711788863
1 0.41878389978016717 0.5308752976383668 0.04563066256778665 0.056005959092057724
1 0.393243544295777 0.573031705397641 0.07539997579950324 0.07093227711788863
1 0.5685667729239506 0.7578062075092121 0.08329428903121965 0.08522209765100204
1 0.4962549148072818 0.5504998243605441 0.07850679508134402 0.06789820533113407
1 0.5447550055591449 0.2912324729486183 0.07701701795398072 0.08035274122451135
1 0.47798163777811464 0.4986789115867049 0.08009656615858277 0.07263116943775678
1 0.6081362495090208 0.3065786766303997 0.04874657220870695 0.054534387305303154