1 0.31015625 0.66796875 0.07890625 0.071875
1 0.68515625 0.69375 0.08046875 0.078125
1 0.1890625 0.64375 0.0734375 0.071875
1 0.3046875 0.5109375 0.0734375 0.071875
1 0.34296875 0.4703125 0.071875 0.06796875
1 0.34921875 0.62578125 0.071875 0.071875
1 0.44296875 0.4203125 0.07109375 0.0625
1 0.48359375 0.321875 0.07890625 0.06796875
1 0.37109375 0.42890625 0.065625 0.07109375
1 0.26328125 0.5515625 0.07109375 0.0734375
1 0.225 0.59921875 0.06796875 0.071875
1 0.53828125 0.7203125 0.075 0.07109375
1 0.46328125 0.465625 0.0734375 0.0625
1 0.52265625 0.66640625 0.071875 0.065625
1 0.596875 0.44375 0.071875 0.0640625
1 0.6125 0.490625 0.08046875 0.06953125
1 0.58359375 0.3984375 0.0765625 0.06796875
1 0.70234375 0.7515625 0.078125 0.075
1 0.56484375 0.3546875 0.075 0.06796875
1 0.428125 0.371875 0.07890625 0.071875
1 0.146875 0.68984375 0.06796875 0.06796875
1 0.415625 0.328125 0.0734375 0.0640625
1 0.6484375 0.58828125 0.075 0.0640625
1 0.63125 0.53671875 0.0765625 0.07109375
1 0.66328125 0.640625 0.08203125 0.07109375
1 0.503125 0.61328125 0.078125 0.065625
1 0.26953125 0.71328125 0.071875 0.06796875
1 0.41328125 0.53828125 0.04296875 0.053125
1 0.3859375 0.578125 0.07109375 0.065625
1 0.55 0.77734375 0.07890625 0.078125
1 0.48984375 0.5640625 0.075 0.0625
1 0.553125 0.309375 0.0734375 0.075
1 0.47421875 0.5109375 0.0765625 0.065625
1 0.615625 0.3296875 0.04609375 0.0515625