1 0.32734375 0.396875 0.115625 0.08125
1 0.4390625 0.31875 0.1640625 0.09375
1 0.6078125 0.2875 0.096875 0.065625
1 0.5765625 0.3328125 0.1078125 0.0703125
1 0.728125 0.23359375 0.1703125 0.090625
1 0.7015625 0.390625 0.134375 0.0875
1 0.8125 0.38515625 0.14375 0.08125
1 0.78984375 0.49921875 0.11875 0.1
1 0.909375 0.496875 0.103125 0.1
1 0.8296875 0.68203125 0.11875 0.103125
1 0.8453125 0.73984375 0.13125 0.0953125
1 0.87421875 0.78203125 0.134375 0.0921875
1 0.44453125 0.7359375 0.1390625 0.09375
1 0.63984375 0.7171875 0.1640625 0.08125
1 0.4921875 0.625 0.0921875 0.1125
1 0.421875 0.64453125 0.09375 0.0703125
1 0.525 0.51875 0.0953125 0.06875
0 0.35546875 0.5375 0.1078125 0.05625
0 0.39453125 0.496875 0.08125 0.0640625
0 0.86015625 0.3046875 0.0921875 0.0546875
0 0.5453125 0.30390625 0.08125 0.059375
1 0.703125 0.58125 0.175 0.0640625