1 0.5465779337649274 0.29126971536240787 0.10665585969555132 0.12913835475263546
1 0.6406369984799442 0.37557177810025844 0.12894203657757758 0.17840352570316256
1 0.6993687168452827 0.5229295977581911 0.08551568874502422 0.10799818380210838
1 0.6509458042977124 0.5054038581383145 0.09377385771838505 0.11925401878308026
1 0.7717928620926472 0.621372414944666 0.1291330375661605 0.18309102570316255
1 0.6183495271116752 0.6354242805717163 0.11679486364988403 0.14827035672980174
1 0.6438350053628454 0.737339607644023 0.11405186562705047 0.15751802273741297
1 0.5327383378723594 0.7457662143738247 0.12416169467652338 0.1376511917107738
1 0.5563429811425575 0.8555577084423256 0.1204636917107738 0.12346135771838504
1 0.367086821560737 0.8297313319780415 0.1272866946765233 0.13777852570316257
1 0.3152232326254324 0.858363009354359 0.12304486364988403 0.14852502471457935
1 0.2817276417129614 0.895605682776344 0.1199835306460784 0.14996019072219086
1 0.2477226452101835 0.4859561101526618 0.12329953163466163 0.15477502471457943
1 0.3006208576440229 0.6616299307991778 0.11943970258518863 0.1748965237259963
1 0.3609256407615592 0.5024021694304712 0.12952035672980172 0.11603085969555131
1 0.3306279871112377 0.4420204263505535 0.09013952174882985 0.10662668479069151
1 0.46685730578058726 0.5058853136892527 0.09020318874502423 0.1081891847906915
0 0.4200353384038321 0.353362491559862 0.07958402372599624 0.11555601581733085
0 0.4650149159704302 0.3788280651721274 0.08025518577927464 0.09374468281352515
0 0.7286264994313463 0.7619629228533313 0.0743235207602467 0.10130251482874755
0 0.6734720617120863 0.46938810368969025 0.07550401878308026 0.0919911818249421
1 0.4400043512182322 0.6863686511416824 0.1041330375661607 0.18207235376405215