1 0.5685132854311589 0.3368552846375922 0.1051996285298145 0.12913835475263546
1 0.6687382574553403 0.42911572189974156 0.12692151583511765 0.17840352570316256
1 0.7379465616911178 0.5817579022418089 0.08429609514371954 0.10799818380210838
1 0.6881595103583342 0.5602211418616856 0.09242684389007838 0.11925401878308026
1 0.8174642286215921 0.686440085055334 0.12705790815498547 0.18309102570316255
1 0.6645665491547055 0.6880132194282836 0.11512019780928676 0.14827035672980174
1 0.6972546801918025 0.7923478923559772 0.1122679824490227 0.15751802273741297
1 0.5864308404583591 0.7917337856261752 0.12261444906292791 0.1376511917107738
1 0.6177837920285695 0.9038172915576744 0.11908027210332364 0.12346135771838504
1 0.4261813137361818 0.8624561680219586 0.12573944906292792 0.13777852570316257
1 0.3761729535487674 0.886949490645641 0.12137019780928666 0.14852502471457923
1 0.3451873780010891 0.921581817223656 0.11829066191590938 0.14996019072219086
1 0.28242633590601257 0.5077938898473382 0.12155205423577745 0.15477502471457943
1 0.3477654940609982 0.6883700692008222 0.11745558762187222 0.1748965237259963
1 0.39710260134541875 0.5335353305695287 0.12822795157021033 0.11603085969555131
1 0.3624942691338229 0.47047957364944654 0.08893813103709691 0.10662668479069151
1 0.5035799218785322 0.5456771863107474 0.08898359514371953 0.1081891847906915
0 0.4459539753228867 0.388825008440138 0.07827341567683313 0.11555601581733085
0 0.49284334718878375 0.41804693482787253 0.07919941818411544 0.0937446828135251
0 0.7840105341110106 0.8239745771466687 0.07317673871722903 0.10130251482874755
0 0.7082303179593239 0.5259243963103097 0.0744664540774929 0.0919911818249421
1 0.4892770441401405 0.7245688488583175 0.1020579081549858 0.18207235376405215