1 0.7286492582896195 0.45916494499932925 0.17733518052176755 0.14103603060296183
1 0.5198924027070334 0.5751667423515141 0.1820772226762452 0.15062935442427944
1 0.4807304296380048 0.6942099948327135 0.20873062626704136 0.16749152274507892
1 0.706620243066113 0.5680326768023642 0.19462267447164336 0.15902405128112634
1 0.4272862253085239 0.3731740568672068 0.16791472872636942 0.13278688296032665
1 0.6022498638722054 0.3587733008713508 0.18061471662612102 0.16774407981717365
1 0.6689934989198455 0.6823156546764577 0.2040067648307229 0.16102319892376152
1 0.6368152405320302 0.255573372211469 0.1869465298578376 0.18209767824559703
1 0.7670890686926656 0.35031432982168276 0.18052381303532491 0.15211907981717357
1 0.8032214905320302 0.24782287655469518 0.18374880698520074 0.1694521290313853
1 0.45884023145684394 0.2896509274215367 0.19789312021691713 0.18416960049533804
1 0.33391451697202224 0.7112070579006641 0.16022040339440444 0.1527355099247975
1 0.37152308040013055 0.5937990800265706 0.17099427693097127 0.12511993217453857