1 0.103125 0.94296875 0.1328125 0.1140625
1 0.046875 0.8453125 0.09375 0.2
1 0.04921875 0.709375 0.0984375 0.19375
1 0.04921875 0.8296875 0.0109375 0.1734375
1 0.121875 0.865625 0.125 0.1859375
1 0.06640625 0.640625 0.0875 0.190625
1 0.12890625 0.64140625 0.10625 0.215625
1 0.06015625 0.5171875 0.11875 0.128125
1 0.0578125 0.3921875 0.115625 0.2125
1 0.021875 0.2890625 0.04375 0.159375
1 0.0515625 0.2609375 0.103125 0.1875
1 0.025 0.1609375 0.05 0.1046875
1 0.096875 0.128125 0.109375 0.190625
1 0.0953125 0.05078125 0.10625 0.1015625
1 0.19140625 0.06953125 0.103125 0.1390625
1 0.215625 0.175 0.08125 0.178125
1 0.16328125 0.153125 0.05625 0.1234375
1 0.1625 0.2671875 0.096875 0.1734375
1 0.16171875 0.35390625 0.1296875 0.13125
1 0.13671875 0.50859375 0.090625 0.1625
1 0.15546875 0.475 0.0859375 0.1703125
1 0.2265625 0.46953125 0.121875 0.1703125
1 0.21953125 0.59921875 0.10625 0.196875
1 0.259375 0.828125 0.109375 0.184375
1 0.1953125 0.759375 0.090625 0.1859375
1 0.21328125 0.9296875 0.1484375 0.140625
1 0.36875 0.88984375 0.134375 0.1484375
1 0.36875 0.95390625 0.140625 0.0921875
1 0.30625 0.9734375 0.08125 0.053125
1 0.34296875 0.75 0.125 0.196875
1 0.2890625 0.6203125 0.096875 0.196875
1 0.3265625 0.48671875 0.1125 0.16875
1 0.36640625 0.546875 0.1 0.1359375
1 0.28671875 0.39765625 0.121875 0.1140625
1 0.27421875 0.2828125 0.1296875 0.18125
1 0.27734375 0.1265625 0.0765625 0.165625
1 0.2828125 0.05078125 0.0875 0.1015625
1 0.34765625 0.18359375 0.1 0.2046875
1 0.340625 0.08125 0.109375 0.1625
1 0.40703125 0.0921875 0.0765625 0.184375
1 0.36640625 0.3578125 0.0828125 0.14375
1 0.425 0.67109375 0.11875 0.178125
1 0.4984375 0.84453125 0.1296875 0.1734375
1 0.48125 0.95859375 0.128125 0.08125
1 0.4328125 0.85859375 0.065625 0.15
1 0.58515625 0.94453125 0.1203125 0.1109375
1 0.62734375 0.83125 0.1203125 0.190625
1 0.61171875 0.6828125 0.1296875 0.1921875
1 0.54765625 0.5515625 0.128125 0.11875
1 0.50390625 0.63359375 0.121875 0.16875
1 0.45546875 0.53125 0.0640625 0.15625
1 0.4171875 0.52734375 0.046875 0.175
1 0.43203125 0.403125 0.0875 0.178125
1 0.43515625 0.31640625 0.1 0.1625
1 0.38984375 0.2640625 0.09375 0.15
1 0.45078125 0.11171875 0.0859375 0.165625
1 0.471875 0.16484375 0.08125 0.1625
1 0.503125 0.1890625 0.0796875 0.1390625
1 0.5421875 0.1 0.1078125 0.1375
1 0.53828125 0.0328125 0.103125 0.065625
1 0.52890625 0.27578125 0.09375 0.1109375
1 0.5609375 0.33984375 0.1125 0.1140625
1 0.58671875 0.38671875 0.1234375 0.134375
1 0.5171875 0.45390625 0.0828125 0.15
1 0.59375 0.48828125 0.1328125 0.134375
1 0.65390625 0.52109375 0.1015625 0.1734375
1 0.6984375 0.5890625 0.103125 0.16875
1 0.7484375 0.6984375 0.125 0.15625
1 0.70078125 0.41015625 0.13125 0.165625
1 0.7015625 0.309375 0.125 0.09375
1 0.634375 0.22890625 0.115625 0.190625
1 0.590625 0.2796875 0.08125 0.15
1 0.63828125 0.121875 0.1125 0.1828125
1 0.68125 0.071875 0.096875 0.14375
1 0.76171875 0.08515625 0.071875 0.1703125
1 0.7421875 0.2140625 0.0875 0.128125
1 0.684375 0.23359375 0.06875 0.15625
1 0.80625 0.38984375 0.125 0.18125
1 0.8265625 0.309375 0.0875 0.1234375
1 0.81875 0.25546875 0.1125 0.1609375
1 0.83671875 0.13359375 0.090625 0.159375
1 0.8296875 0.05859375 0.1125 0.115625
1 0.909375 0.20625 0.11875 0.1234375
1 0.91875 0.13125 0.096875 0.1609375
1 0.92109375 0.35859375 0.125 0.2125
1 0.93828125 0.58203125 0.115625 0.1890625
1 0.88359375 0.55625 0.103125 0.2140625
1 0.853125 0.4921875 0.1078125 0.146875
1 0.80078125 0.59921875 0.11875 0.153125
1 0.790625 0.50625 0.096875 0.14375
1 0.83125 0.67734375 0.0875 0.121875
1 0.84609375 0.7046875 0.103125 0.11875
1 0.81796875 0.79296875 0.0953125 0.1328125
1 0.7578125 0.81796875 0.06875 0.0984375
1 0.6890625 0.81796875 0.09375 0.196875
1 0.740625 0.88671875 0.090625 0.1109375
1 0.74453125 0.9671875 0.128125 0.065625
1 0.64765625 0.93828125 0.0921875 0.109375
1 0.809375 0.9171875 0.0875 0.165625
1 0.878125 0.92734375 0.09375 0.1453125
1 0.92578125 0.92734375 0.1390625 0.1453125
1 0.915625 0.78671875 0.125 0.2015625
1 0.95 0.7515625 0.096875 0.190625
1 0.97734375 0.74140625 0.04375 0.20625
1 0.9875 0.61796875 0.025 0.1515625
1 0.96015625 0.50390625 0.0796875 0.159375
1 0.97109375 0.471875 0.0578125 0.15
1 0.97578125 0.309375 0.0484375 0.2140625
1 0.965625 0.20625 0.06875 0.15625
1 0.97890625 0.1140625 0.0421875 0.09375
1 0.9765625 0.06171875 0.046875 0.1234375
1 0.92421875 0.05390625 0.096875 0.10625
1 0.48515625 0.3671875 0.08125 0.19375
1 0.5484375 0.76015625 0.0875 0.184375
1 0.496875 0.753125 0.084375 0.0921875
1 0.55546875 0.196875 0.0546875 0.125
1 0.0453125 0.05078125 0.08125 0.1015625
1 0.9859375 0.9140625 0.028125 0.171875
1 0.1265625 0.784375 0.090625 0.171875