1 0.7404661564391259 0.4666509164422303 0.17551212852981452 0.13400758706427265
1 0.5283729848897982 0.5724416502725711 0.18047241316955062 0.1436282485296619
1 0.48564357877987663 0.6904823213488989 0.20748955423577745 0.1606453301668676
1 0.7154327156894682 0.5743748852345658 0.19480769780928675 0.15374023292582972
1 0.44178931254904763 0.36650258876175335 0.1675177721033238 0.12734815128862395
1 0.6168575087089817 0.35967497738722115 0.17941001834239997 0.16073386137453216
1 0.6741066852063673 0.6868649191557636 0.20262019780928675 0.1541496687014785
1 0.6546182699917527 0.2591084113538476 0.1845521594086268 0.17660452283992145
1 0.7819513112954064 0.3596296325210323 0.17900084138279587 0.14667136137453216
1 0.8212745725781774 0.258981179332529 0.1826259465556454 0.1640226356847917
1 0.4761893931112908 0.2848907406162042 0.19553512351524954 0.17874023292582972
1 0.3388367749398107 0.7005234639310955 0.1587338054894186 0.14716932835784552
1 0.3792906272096662 0.5849493735874625 0.17041545157021032 0.11969942559888339