1 0.4977855967930722 0.2660851868050389 0.12555759263643723 0.13152852570316256
1 0.3504967228156043 0.406784488174183 0.1352508413827959 0.14284802768032884
1 0.5431686414619382 0.18990203018896787 0.1333246285298145 0.13028436068413446
1 0.3701716914745735 0.680699490645641 0.12206887978345575 0.1189011917107738
1 0.4476468559642723 0.33973359243252677 0.11108591567683312 0.11689302273741298
1 0.2753626790046682 0.31866772285114375 0.1368588054894186 0.1444741946765232
1 0.3019552373970807 0.5889629768054764 0.12408602084968257 0.134589858706968
1 0.44638250197855706 0.7790043394667773 0.1174723079967011 0.12183519072219048
1 0.22521322947952188 0.4992200444862428 0.11563702335696498 0.11239652372599629
1 0.3946966668639673 0.5849386630790427 0.12413148495630519 0.136152358706968
1 0.25614732924209505 0.4091826349044222 0.13676787727617326 0.14134919467652335
1 0.4738733529947714 0.6779020958925679 0.12055184389007838 0.12040002471457942
1 0.3258353551063425 0.4978578157407812 0.13887594655564542 0.1601628616727176
1 0.42165632046660645 0.49239833600673616 0.12555759263643718 0.13152852570316256
1 0.15054218692222698 0.4001976126613009 0.1190348079967011 0.121898857718385