1 0.3619865863869042 0.2627812539171516 0.13015224672063966 0.13315469269935692
1 0.28275503053029594 0.46558260174970484 0.14010045680654795 0.14447419467652334
1 0.37380823496199467 0.1710885024342769 0.1363203595655099 0.13184686068413445
1 0.4054644329505736 0.69757540657889 0.12637214947960165 0.12052735870696818
1 0.3446961878118137 0.3546968398867068 0.11527087516934209 0.11695668973360736
1 0.1818819272963641 0.42681587349853467 0.1417448439616777 0.14610036167271762
1 0.30882512833716086 0.6523995108372339 0.12875352103089915 0.13621602570316255
1 0.5113559068312918 0.7447130503433798 0.12184842378986112 0.12346135771838504
1 0.20564921868079383 0.6129470330803553 0.1182321008590826 0.11395902372599612
1 0.390310823723748 0.599965577529417 0.12883540818602893 0.13777852570316257
1 0.19896652872127363 0.5173307855518132 0.1415810696514182 0.14297536167271757
1 0.49731109622498515 0.6408213877958098 0.12489153663473154 0.12202619171077381
1 0.295769607644946 0.5593816812934694 0.14412621551297516 0.16178902866891215
1 0.3797628273417926 0.503727247491361 0.13015224672063966 0.13315469269935692
1 0.10062088195520544 0.5642150558177683 0.12341092378986115 0.12352502471457924