1 0.43359375 0.2546875 0.1 0.10703125
1 0.31875 0.43203125 0.10859375 0.11640625
1 0.4625 0.16796875 0.10859375 0.103125
1 0.3921875 0.6953125 0.1 0.09453125
1 0.4 0.340625 0.0890625 0.09453125
1 0.22890625 0.365625 0.109375 0.11796875
1 0.3078125 0.6234375 0.0984375 0.1109375
1 0.48515625 0.771875 0.09453125 0.0984375
1 0.21640625 0.55546875 0.09453125 0.0890625
1 0.396875 0.5953125 0.096875 0.1125
1 0.228125 0.459375 0.109375 0.1140625
1 0.49140625 0.665625 0.0984375 0.09609375
1 0.31328125 0.528125 0.10703125 0.13359375
1 0.4046875 0.496875 0.1 0.10703125
1 0.12421875 0.478125 0.09609375 0.0984375