0 0.1171875 0.53046875 0.234375 0.1015625
0 0.28359375 0.38828125 0.18125 0.153125
0 0.134375 0.37734375 0.209375 0.15625
0 0.30390625 0.26796875 0.234375 0.1125
0 0.22421875 0.1671875 0.246875 0.13125
0 0.06875 0.19609375 0.1375 0.1375
0 0.5390625 0.0875 0.240625 0.134375
0 0.23984375 0.0484375 0.1890625 0.096875
0 0.45 0.02421875 0.1625 0.0484375
0 0.47109375 0.4046875 0.109375 0.075
0 0.59375 0.4265625 0.090625 0.078125
0 0.69140625 0.44140625 0.10625 0.0671875
0 0.3546875 0.78203125 0.115625 0.096875
0 0.49140625 0.79140625 0.203125 0.0671875
0 0.28203125 0.8328125 0.1671875 0.0828125
0 0.43125 0.8421875 0.1671875 0.08125
0 0.5390625 0.8546875 0.134375 0.0765625
0 0.65234375 0.87109375 0.140625 0.0828125
0 0.69921875 0.81953125 0.1 0.06875
0 0.2609375 0.7734375 0.1125 0.053125