0 0.53828125 0.8890625 0.096875 0.221875
0 0.40390625 0.73203125 0.14375 0.171875
0 0.39296875 0.8734375 0.146875 0.196875
0 0.28984375 0.71328125 0.10625 0.221875
0 0.19453125 0.7890625 0.121875 0.23125
0 0.221875 0.93515625 0.128125 0.1296875
0 0.11875 0.49140625 0.128125 0.2265625
0 0.0640625 0.7734375 0.128125 0.178125
0 0.04140625 0.575 0.08125 0.153125
0 0.41953125 0.55546875 0.071875 0.103125
0 0.43984375 0.43984375 0.0734375 0.084375
0 0.45390625 0.34765625 0.0625 0.1
0 0.775 0.66484375 0.0921875 0.109375
0 0.784375 0.53671875 0.0625 0.1921875
0 0.82265625 0.73359375 0.078125 0.1578125
0 0.83203125 0.59296875 0.078125 0.1578125
0 0.84375 0.49140625 0.071875 0.1265625
0 0.859375 0.384375 0.078125 0.1328125
0 0.81015625 0.33984375 0.065625 0.0953125
0 0.7671875 0.75390625 0.05 0.1046875