0 0.12134609929981972 0.5503168312649157 0.24269219859963945 0.11313366252983137
0 0.2811830812778662 0.4219115031003719 0.17198518268618096 0.1516824321745384
0 0.14451887527850252 0.4108562249786094 0.19703972668681727 0.15753432588823219
0 0.2965273652928201 0.31241022456432466 0.21847837468172662 0.1210531703877142
0 0.22256370130491038 0.21985454342324345 0.22959768801718106 0.13718759263745514
0 0.07319150465468237 0.24486304383752824 0.14638300930936474 0.13660108767505647
0 0.5071210619828189 0.15025063461295657 0.22340223201781736 0.14158399420903178
0 0.2342562739895005 0.08829632836943153 0.1782170013526355 0.15041103060296188
0 0.4244363786600912 0.06823219313279322 0.15112724267981753 0.10386136228216232
0 0.4513864932765935 0.4392189352749104 0.10239884134309048 0.07660534946188076
0 0.563704679941139 0.4600837069865321 0.08522952267663583 0.07736732878371626
0 0.652639910606321 0.4751693595915659 0.0991829346753633 0.06864730024766903
0 0.3543905778962775 0.7809825961521119 0.11044769867918128 0.09728172249741007
0 0.4785547838956411 0.7914556774170276 0.18828179734245407 0.07592045285270288
0 0.28976445655636873 0.8264363372607717 0.1556329293443631 0.08845468610347992
0 0.42487525322250513 0.8366375907754284 0.15561474801081765 0.08689218610347993
0 0.5239940058880052 0.8498525283266503 0.12585452267663583 0.07925946856846836
0 0.6262104865531871 0.865556765092084 0.13061474801081766 0.08572779238978612
0 0.6681803578930958 0.8190477921803891 0.09453179734245402 0.07155397642635145
0 0.26850762189691385 0.7722924927612898 0.10372498400699967 0.05636562406898662