1 0.674698060789167 0.36012703814745695 0.22191528685347245 0.2043885599120669
1 0.34917138392743086 0.3691691982793567 0.230091462765278 0.22005901170746495
1 0.7199995623077784 0.7290906615858279 0.221697081306389 0.19501355991206673
1 0.1611771553945835 0.17903858108750156 0.22722103590354187 0.23097833098930573
1 0.5845127379352435 0.5462958214231401 0.26163240349472244 0.23274081888905726
1 0.7965607558870145 0.6623576795398088 0.20149368407993062 0.19958288524403187
1 0.1912250652544792 0.02689027380771336 0.1949501305089584 0.052689704525872606
1 0.07536824838447938 0.251185770979043 0.09742312670923625 0.15835792154477704
1 0.5947988873459034 0.6861804780389983 0.15043902393569458 0.15397949375348396
1 0.15057480223979217 0.5961079064194665 0.17761977298576404 0.18069652985783763
1 0.2720887391695145 0.7155487737095175 0.15966985999173627 0.21496244554888227
1 0.3649496928167367 0.7785805597156751 0.17780161094166677 0.18850902985783763
1 0.1602440090211465 0.7766084726762452 0.1718776128415279 0.1353567587805987
1 0.07207120858430618 0.7471931625677867 0.11352090539458348 0.1787613251355733
1 0.16583808595913252 0.6813414244716434 0.18808449430041682 0.160447662371395
1 0.22424542553055593 0.4387453791939076 0.20356402393569456 0.1542885659621911
1 0.10556750750253505 0.4075903070833965 0.16010496466513904 0.1665340359079618
1 0.10054747349885426 0.1247868974424761 0.109450348023889 0.138118144417414
1 0.45864895459715277 0.038600975210328 0.1891729091943056 0.07296584308955413
1 0.6293439675149306 0.08958727917046652 0.20549019984750014 0.1699226563212707
1 0.8329417462002778 0.1110815258508168 0.19709581838861112 0.1448772045258726