1 0.646875 0.21484375 0.10625 0.0734375
1 0.68046875 0.26875 0.1078125 0.07421875
1 0.51171875 0.55703125 0.11171875 0.06953125
1 0.67578125 0.3296875 0.11171875 0.071875
1 0.62890625 0.38203125 0.1046875 0.07421875
1 0.55390625 0.4328125 0.1078125 0.0671875
1 0.5234375 0.49296875 0.10078125 0.071875
1 0.409375 0.23671875 0.1171875 0.07421875
1 0.46484375 0.1875 0.103125 0.06875
1 0.5671875 0.1859375 0.10078125 0.07109375
1 0.384375 0.30234375 0.115625 0.08515625
1 0.51484375 0.69609375 0.11328125 0.07109375