1 0.6028199579852151 0.20988270372958295 0.1175641847906915 0.0879284683433748
1 0.6406581976050918 0.2597969289728166 0.11919035178688589 0.08951824188232518
1 0.4961163828528938 0.5645235649315129 0.12212435079830275 0.08488528896022593
1 0.6413001847535105 0.32078897605071727 0.12375051779449713 0.08647506249917622
1 0.5983195058943179 0.37789236403800847 0.11600168479069169 0.08790119480442442
1 0.5279314100389312 0.43608096509366867 0.118872016805914 0.08170574188232518
1 0.5026966466930582 0.49896674877888875 0.11281301779449712 0.08628414772652385
1 0.3679382806088974 0.25660019642598225 0.12856535178688588 0.08968188311602718
1 0.4194490424718954 0.201209312902918 0.11424818380210837 0.08318642126547413
1 0.5207714619395478 0.1896872061652149 0.11274935079830276 0.0847216477265238
1 0.3479812662744413 0.32426893749752855 0.1290110207602467 0.10061938311602718
1 0.5100449371877873 0.7023644841683921 0.12531301779449713 0.08650233603812651