1 0.692874613612703 0.22291235171252383 0.1225700197716634 0.09858869171077378
1 0.711549017757316 0.2814278472638995 0.12419618676785796 0.10021485870696818
1 0.47645779886050504 0.5382521447158919 0.12713018577927465 0.09565469269935693
1 0.6919421719019292 0.34150318422203785 0.1288200197716634 0.09884335969555132
1 0.6340049965027779 0.3852014460850359 0.1210075197716634 0.09852502471457943
1 0.5482611560845985 0.42223321387953305 0.12231535178688588 0.0923386917107738
1 0.5039408117120863 0.4762959727767816 0.11775518577927464 0.0952726907221905
1 0.457301869544202 0.20443290163597413 0.1336348537640522 0.10215936068413445
1 0.5228605439547702 0.1651038047920041 0.11925401878308026 0.09377385771838495
1 0.6228141230042431 0.18130978353746582 0.11775518577927464 0.09527269072219058
1 0.41660127368881517 0.26536774304273675 0.13564302273741297 0.11316052768032883
1 0.445137520191593 0.6752401501530993 0.12882001977166357 0.09884335969555132