0 0.83671875 0.559375 0.325 0.1375
0 0.47890625 0.5984375 0.29375 0.1125
0 0.44375 0.46015625 0.259375 0.103125
0 0.8 0.378125 0.35 0.11875
0 0.42421875 0.334375 0.26875 0.11875
0 0.40703125 0.21875 0.234375 0.096875
0 0.396875 0.11796875 0.221875 0.10625
0 0.659375 0.040625 0.259375 0.08125
0 0.71171875 0.11484375 0.2609375 0.121875
0 0.7359375 0.23828125 0.2875 0.121875
0 0.3359375 0.7234375 0.11875 0.1328125
0 0.27578125 0.89296875 0.153125 0.1625
0 0.525 0.78515625 0.1890625 0.1953125
0 0.44765625 0.9453125 0.19375 0.109375
0 0.76015625 0.87734375 0.265625 0.215625
0 0.2375 0.571875 0.14375 0.0953125
0 0.225 0.46171875 0.165625 0.1046875
0 0.17265625 0.38046875 0.14375 0.096875
0 0.27265625 0.3125 0.0796875 0.084375
0 0.9578125 0.93515625 0.084375 0.1296875