0 0.45625 0.83046875 0.12265625 0.31484375
0 0.42109375 0.49765625 0.1 0.26171875
0 0.54453125 0.46640625 0.0921875 0.23046875
0 0.61796875 0.78359375 0.10546875 0.3125
0 0.65703125 0.44921875 0.10546875 0.23984375
0 0.7609375 0.43359375 0.08671875 0.20859375
0 0.85078125 0.425 0.09453125 0.19765625
0 0.940625 0.659375 0.11328125 0.23046875
0 0.853125 0.70546875 0.109375 0.2328125
0 0.74296875 0.72734375 0.1078125 0.25703125
0 0.31015625 0.3703125 0.11875 0.10625
0 0.1578125 0.3171875 0.1453125 0.1375
0 0.2546875 0.5390625 0.175 0.16875
0 0.08203125 0.4703125 0.15625 0.17265625
0 0.171875 0.7484375 0.1921875 0.2375
0 0.03046875 0.64765625 0.0609375 0.1390625
0 0.4453125 0.2828125 0.08515625 0.12890625
0 0.54296875 0.271875 0.09296875 0.1484375
0 0.615625 0.225 0.08671875 0.12890625
0 0.6765625 0.3140625 0.075 0.07109375
0 0.0890625 0.94296875 0.178125 0.1140625