0 0.48796065949105605 0.8476999300710866 0.14465357548481972 0.30460013985782697
0 0.4298485560030591 0.5260884180205634 0.11872627516050809 0.273830884102045
0 0.551068991068251 0.49568682843096756 0.10877853084255093 0.24047235253201382
0 0.6463810856277942 0.8142008809770989 0.12741152840691897 0.3242859104104042
0 0.661611024753471 0.4794919520096689 0.1214694456152035 0.2521378946253886
0 0.7643678319776415 0.46440454928001085 0.10058420129724617 0.21814232622365465
0 0.8531985068965635 0.4563105991953063 0.10820578652459396 0.20765985253201383
0 0.9474825206962812 0.6900779254189608 0.10503495860743754 0.24258088410204498
0 0.8752679703686745 0.7369991570736966 0.12602057792045188 0.2445984104104042
0 0.7671515073003053 0.7580180413875031 0.1264569545436572 0.2695984104104042
0 0.3105473567344078 0.3981692733951746 0.12540119480442452 0.11968941567207611
0 0.15428767410484795 0.3438017498588256 0.15409893912238162 0.15414001038216937
0 0.26665880924947 0.5665328655450191 0.18592168344033874 0.1887726156156063
0 0.09062241476935709 0.4969652762377721 0.16722623051823943 0.19080555247554418
0 0.19852028408566658 0.7764091235081141 0.2089967191541537 0.25879668927901245
0 0.05079012174864619 0.6741501315417963 0.07123189204448095 0.14619173151356132
0 0.4393660576279122 0.3112369627447741 0.0945057508107789 0.1381818104386391
0 0.5359683222384088 0.3012542889684287 0.10267280681713338 0.15894933674699835
0 0.6046131822225227 0.254522773112826 0.0960682508107789 0.13827281570031094
0 0.6717245900953163 0.34350124410304367 0.0794341298696164 0.07955026308359248
0 0.12909594845128186 0.951372784200867 0.18609323295387145 0.09725443159826597