1 0.4625 0.6969704308735399 0.228125 0.23898288144438115
1 0.66484375 0.7536528068807136 0.265625 0.2764483893530466
1 0.71953125 0.43634990174751725 0.2015625 0.19883804250907655
1 0.81484375 0.6292960885153752 0.2375 0.1940523834215476
1 0.7328125 0.32985982121516966 0.159375 0.137744033611828
1 0.6328125 0.5328163834587285 0.1875 0.17639003954332697
1 0.58671875 0.385625707070994 0.1765625 0.17438187056996624
1 0.85703125 0.7841400974126238 0.25625 0.26981638737588015
1 0.4078125 0.46114833600673616 0.1578125 0.2548678666156336
1 0.44765625 0.34870934440969314 0.1640625 0.17699753460041112
1 0.87734375 0.41074901836315086 0.159375 0.12680653361182795
1 0.85703125 0.4700775974126238 0.1640625 0.16606003460041113
1 0.55703125 0.4609785341433006 0.165625 0.1333112015966055
1 0.784375 0.5296170820895846 0.203125 0.16296420950527093