1 0.471875 0.6796875 0.2171875 0.21796875
1 0.6765625 0.71796875 0.25234375 0.25234375
1 0.7140625 0.3953125 0.1921875 0.18046875
1 0.81953125 0.5796875 0.22890625 0.17265625
1 0.721875 0.28828125 0.153125 0.12265625
1 0.6328125 0.5 0.1796875 0.16015625
1 0.5796875 0.35703125 0.16875 0.15859375
1 0.86953125 0.73046875 0.24296875 0.24765625
1 0.4046875 0.44921875 0.1453125 0.240625
1 0.4390625 0.33359375 0.15546875 0.16171875
1 0.8703125 0.35546875 0.153125 0.11171875
1 0.853125 0.41640625 0.15703125 0.15078125
1 0.55390625 0.43515625 0.16015625 0.11796875
1 0.78359375 0.4828125 0.19609375 0.14453125