1 0.134375 0.44609375 0.0921875 0.1234375
1 0.51328125 0.45 0.090625 0.121875
1 0.79609375 0.44765625 0.090625 0.115625
1 0.50859375 0.734375 0.0984375 0.128125
1 0.32890625 0.4515625 0.090625 0.128125
1 0.509375 0.5890625 0.0859375 0.125
1 0.60546875 0.31015625 0.0859375 0.121875
1 0.23046875 0.44765625 0.09375 0.128125
1 0.5140625 0.31640625 0.090625 0.128125
1 0.3234375 0.59609375 0.084375 0.121875
1 0.41484375 0.58828125 0.0875 0.11875
1 0.60234375 0.44609375 0.0859375 0.1234375
1 0.13671875 0.59296875 0.090625 0.13125
1 0.70078125 0.31171875 0.08125 0.1125
1 0.6015625 0.73203125 0.0875 0.121875
1 0.69765625 0.4484375 0.090625 0.121875
1 0.69921875 0.734375 0.0875 0.11875
1 0.60078125 0.59609375 0.0859375 0.1203125
1 0.79765625 0.590625 0.084375 0.128125
1 0.41875 0.4453125 0.0875 0.128125
1 0.69921875 0.5890625 0.090625 0.115625
1 0.2328125 0.60078125 0.0859375 0.1328125