1 0.83046875 0.5828125 0.0875 0.11875
1 0.46640625 0.5796875 0.0859375 0.1171875
1 0.19453125 0.58203125 0.0859375 0.1125
1 0.47109375 0.30625 0.09375 0.125
1 0.64375 0.578125 0.0875 0.121875
1 0.4703125 0.44609375 0.0828125 0.1203125
1 0.378125 0.7140625 0.0828125 0.1171875
1 0.7375 0.58203125 0.090625 0.125
1 0.465625 0.7078125 0.0875 0.121875
1 0.64921875 0.4390625 0.08125 0.1171875
1 0.5609375 0.446875 0.084375 0.1125
1 0.38046875 0.5828125 0.0828125 0.11875
1 0.828125 0.4421875 0.0859375 0.125
1 0.2859375 0.7125 0.078125 0.109375
1 0.38125 0.30859375 0.084375 0.1171875
1 0.28984375 0.58125 0.0875 0.1171875
1 0.2875 0.30625 0.084375 0.1125
1 0.38203125 0.4390625 0.0828125 0.115625
1 0.19296875 0.44375 0.08125 0.125
1 0.55703125 0.58359375 0.084375 0.121875
1 0.2875 0.44609375 0.0875 0.1125
1 0.7359375 0.434375 0.0828125 0.128125