1 0.43203125 0.79140625 0.1125 0.08359375
1 0.43515625 0.446875 0.1109375 0.08125
1 0.4328125 0.1890625 0.10546875 0.08125
1 0.69453125 0.45078125 0.1171875 0.0890625
1 0.4375 0.61484375 0.115625 0.0828125
1 0.56171875 0.45 0.1140625 0.078125
1 0.30859375 0.3625 0.1109375 0.078125
1 0.4328125 0.70390625 0.1171875 0.08515625
1 0.3140625 0.44609375 0.115625 0.0828125
1 0.56875 0.61953125 0.1109375 0.07578125
1 0.5609375 0.53671875 0.1078125 0.08046875
1 0.43203125 0.365625 0.1125 0.078125
1 0.565625 0.7890625 0.11875 0.08125
1 0.31015625 0.27578125 0.10234375 0.075
1 0.69140625 0.36640625 0.1109375 0.08046875
1 0.43359375 0.27890625 0.1109375 0.0828125
1 0.69453125 0.27734375 0.1078125 0.0796875
1 0.56875 0.36640625 0.109375 0.078125
1 0.56328125 0.1875 0.1171875 0.07734375
1 0.43125 0.5328125 0.115625 0.0796875
1 0.56171875 0.27734375 0.10546875 0.0828125
1 0.57265625 0.70234375 0.1203125 0.078125