0 0.7671875 0.0984375 0.11953125 0.12109375
0 0.75390625 0.36640625 0.06328125 0.1546875
0 0.6953125 0.496875 0.09921875 0.12734375
0 0.634375 0.61328125 0.0828125 0.14375
0 0.621875 0.5328125 0.10390625 0.1171875
0 0.5765625 0.459375 0.1109375 0.10859375
0 0.67109375 0.44609375 0.11640625 0.103125
0 0.6703125 0.38515625 0.125 0.1
0 0.64921875 0.34453125 0.10234375 0.1296875
0 0.61328125 0.31875 0.1046875 0.121875
0 0.59296875 0.2828125 0.09453125 0.134375
0 0.571875 0.23203125 0.0734375 0.15
0 0.525 0.2375 0.05625 0.15703125
0 0.48671875 0.25078125 0.07265625 0.1453125
0 0.421875 0.1859375 0.10390625 0.1234375
0 0.4234375 0.2578125 0.08125 0.13671875
0 0.325 0.20390625 0.1046875 0.1296875
0 0.3484375 0.25234375 0.11328125 0.1140625
0 0.2234375 0.371875 0.10078125 0.1421875
0 0.265625 0.4375 0.12734375 0.08671875
0 0.3125 0.38046875 0.1265625 0.07734375
0 0.3140625 0.32578125 0.13203125 0.08671875
0 0.41015625 0.40859375 0.10546875 0.1203125
0 0.42109375 0.3328125 0.140625 0.0953125
0 0.4734375 0.47890625 0.11640625 0.10703125
0 0.57890625 0.403125 0.10703125 0.11796875