0 0.7003817950813439 0.07377023742835927 0.13826359016268785 0.13284995735199914
0 0.7315964754067197 0.33661568276572273 0.08688289734428026 0.16349997334499947
0 0.6949009721852659 0.474460580760632 0.11800563231716552 0.14198860001590835
0 0.6542174057320954 0.5981975254216778 0.10558744554888229 0.1559056493475449
0 0.6287674329576545 0.5205628740849506 0.12107609016268803 0.13264996268299925
0 0.5721356378763105 0.4542833460773146 0.1272897287263694 0.12647268801718106
0 0.6633828065924172 0.42800320408972314 0.13194995764913067 0.12183973201781732
0 0.6520953277678518 0.367719684754905 0.13975336729005097 0.12036813868554459
0 0.6253192043294808 0.3306918520846325 0.12271131303532493 0.1451681440165446
0 0.5853572796614458 0.30991572807922363 0.12267495159900647 0.13891814401654462
0 0.5593896773003136 0.27758448607572384 0.11491699375348396 0.14820223734881743
0 0.5302107165279251 0.23037313140513307 0.09623971662612085 0.16048406134627208
0 0.4849709394005621 0.24234587273231517 0.08064198770335977 0.16498974801081764
0 0.44914706888905725 0.2614589520607699 0.09464994554888229 0.15577838001272673
0 0.3746147015008105 0.2066890887173613 0.12267495159900639 0.1389181440165447
0 0.3883050176593933 0.27715613005249756 0.10242608411256367 0.1496192866804539
0 0.2818368490414825 0.2384197993714073 0.12427381303532484 0.14518632535009016
0 0.31334137909571175 0.2825334260423162 0.13044199980360824 0.13119655068427197
0 0.20945383069471815 0.4188152766947715 0.12278403590796179 0.15766814401654475
0 0.26135721916020377 0.47800901070177115 0.13968064441741398 0.10786813868554468
0 0.29848451443793944 0.41438286270686175 0.13806360226293632 0.09847495735199914
0 0.29113964704969264 0.36039479670590724 0.144368144417414 0.10792268268618095
0 0.3993384873105764 0.42805555872054296 0.12422836123992669 0.13737382535009016
0 0.39811180971567517 0.35148396805377025 0.15379768657189175 0.11740677068745357
0 0.4731259661351418 0.4890663313971789 0.1319681383672897 0.12496473201781733
0 0.564781680128984 0.3987327800763601 0.12421018052176755 0.13424882535009014