0 0.91796875 0.2125 0.125 0.1234375
0 0.64140625 0.2265625 0.159375 0.065625
0 0.50703125 0.28671875 0.13125 0.103125
0 0.3859375 0.35 0.146875 0.0859375
0 0.46953125 0.3625 0.121875 0.10625
0 0.5453125 0.409375 0.1125 0.1140625
0 0.559375 0.31171875 0.10625 0.1203125
0 0.621875 0.3125 0.103125 0.128125
0 0.6640625 0.334375 0.134375 0.10625
0 0.690625 0.371875 0.125 0.1078125
0 0.72734375 0.3921875 0.1375 0.096875
0 0.7796875 0.4140625 0.15625 0.075
0 0.77421875 0.46328125 0.1625 0.0578125
0 0.76015625 0.50234375 0.15 0.075
0 0.82734375 0.56875 0.128125 0.1078125
0 0.753125 0.5671875 0.140625 0.084375
0 0.80859375 0.66875 0.134375 0.109375
0 0.75859375 0.64453125 0.11875 0.115625
0 0.6359375 0.77421875 0.146875 0.1046875
0 0.56796875 0.73046875 0.090625 0.13125
0 0.6265625 0.68203125 0.0796875 0.13125
0 0.6828125 0.68046875 0.090625 0.1359375
0 0.59765625 0.58125 0.125 0.109375
0 0.67578125 0.56953125 0.0984375 0.1453125
0 0.525 0.51640625 0.109375 0.1203125
0 0.603125 0.40703125 0.121875 0.109375