1 0.37265625 0.2796875 0.134375 0.06875
1 0.246875 0.35234375 0.078125 0.0890625
1 0.29296875 0.340625 0.059375 0.09375
1 0.51875 0.2671875 0.1390625 0.059375
1 0.4828125 0.3015625 0.1375 0.0453125
1 0.634375 0.3125 0.084375 0.090625
1 0.690625 0.33984375 0.075 0.0890625
1 0.6421875 0.390625 0.0796875 0.0953125
1 0.71015625 0.43671875 0.078125 0.09375
1 0.66875 0.4859375 0.09375 0.0859375
1 0.6703125 0.56796875 0.0984375 0.0859375
1 0.59140625 0.60390625 0.10625 0.078125
1 0.57265625 0.55625 0.0734375 0.084375
1 0.625 0.5125 0.06875 0.084375
1 0.59453125 0.45390625 0.0859375 0.0859375
1 0.6015625 0.4265625 0.06875 0.08125
1 0.5890625 0.3453125 0.0625 0.0984375
1 0.51875 0.35546875 0.128125 0.071875
1 0.503125 0.325 0.125 0.0546875
1 0.5296875 0.43125 0.096875 0.090625
1 0.5171875 0.5390625 0.0875 0.09375
1 0.509375 0.603125 0.078125 0.084375
1 0.4546875 0.56484375 0.1328125 0.0515625
1 0.4015625 0.57890625 0.1328125 0.053125
1 0.4078125 0.615625 0.140625 0.059375
1 0.32265625 0.58984375 0.0734375 0.09375
1 0.2578125 0.56484375 0.103125 0.0859375
1 0.26640625 0.5203125 0.109375 0.078125
1 0.21953125 0.45078125 0.071875 0.090625
1 0.2703125 0.45625 0.075 0.09375
1 0.2984375 0.4015625 0.109375 0.0515625
1 0.3640625 0.4171875 0.125 0.05625
1 0.31796875 0.46875 0.0625 0.08125
1 0.3609375 0.46796875 0.0625 0.08125
1 0.40703125 0.46484375 0.078125 0.0984375
1 0.45703125 0.43203125 0.10625 0.08125
1 0.3546875 0.35625 0.121875 0.071875
1 0.36875 0.33203125 0.115625 0.0734375
1 0.3359375 0.51640625 0.14375 0.04375
1 0.37421875 0.53828125 0.1328125 0.05625
1 0.47578125 0.48125 0.096875 0.0859375
1 0.4703125 0.53515625 0.1125 0.059375
1 0.42734375 0.334375 0.08125 0.084375
1 0.44375 0.37578125 0.084375 0.053125
1 0.55703125 0.50546875 0.06875 0.084375
1 0.52265625 0.48671875 0.0796875 0.0640625