1 0.7154368327100434 0.28638241646328194 0.07807155068427196 0.13325345574818703
1 0.6337408426957258 0.18466155872923362 0.08998974801081765 0.0838356526050339
1 0.6498385573679075 0.22455881265817507 0.0913704346753633 0.06828342721213972
1 0.7443078147278609 0.4163588608389294 0.07029541335136287 0.13601458271265782
1 0.7088152100572701 0.38909003949881127 0.057759050684271784 0.1323073858558109
1 0.7166833487428147 0.5278614410703878 0.09318747334499947 0.09023120181924557
1 0.6993509454169052 0.5833858490521051 0.08998974801081765 0.08383565260503385
1 0.6465617527450418 0.5475425483901514 0.09627611067790856 0.08725175103345731
1 0.6137407094207232 0.6155134524429273 0.09469542934436319 0.08561647642635144
1 0.5641492420830416 0.5857746025667618 0.09017156134627217 0.09946065260503403
1 0.48926742075108703 0.5994240337078429 0.09020792401336308 0.10258565260503386
1 0.4478606234086329 0.5341286734925953 0.08404883068109026 0.11010705417661057
1 0.4890032440722239 0.50954389640429 0.08526588534372692 0.08049232878371626
1 0.5348157307447237 0.5504021827982202 0.0851931600095451 0.07424232878371625
1 0.5836344914067239 0.5137347826743858 0.088518154678545 0.09157537799792799
1 0.6102333540738147 0.515622614353586 0.08366702267663584 0.07729455417661057
1 0.6818810874044967 0.4927437324267167 0.09767497867599957 0.07326202564056317
1 0.6639572433959062 0.43026300310488114 0.07957950668363552 0.1286387303552928
1 0.6895384987269063 0.41187472208763437 0.06544428134945371 0.12173375889134017
1 0.5969879193984516 0.45214231121043297 0.09489542401336308 0.10280397642635145
1 0.4977782600652242 0.45754474876165496 0.09480451734563573 0.09499147642635145
1 0.43839416939845155 0.4595289338316775 0.08686474801081764 0.08369010339082213
1 0.4658919133911337 0.4043127409037721 0.06397268801718106 0.12947348428423422
1 0.44738681405154307 0.3590558988854894 0.06397268801718106 0.12947348428423427
1 0.41468340205281573 0.36995916563471243 0.07033177601845364 0.13913958271265772
1 0.42780956337522535 0.28883544417075974 0.09464088534372675 0.08092897642635144
1 0.441944241366953 0.22720658540325406 0.09026246801399936 0.10727315260503385
1 0.48337776336727123 0.22762180831494883 0.08562951201463562 0.11174232878371629
1 0.5405993700270442 0.17414789785203214 0.09149770401018138 0.07922092721213976
1 0.5427073100334076 0.2209501232449263 0.09467724801081764 0.08405397642635144
1 0.5952783267027255 0.23804342390688005 0.060593149347544895 0.10745293507002263
1 0.588956148710998 0.2993084096388564 0.06702496268299925 0.12336903349844608
1 0.5369754780394528 0.2657724716733497 0.0804329346753633 0.06777400496239876
1 0.5428987613780889 0.3045802605484792 0.08203179734245403 0.07097177956950454
1 0.5511930667170432 0.3456226375129499 0.09938292934436319 0.08583480024766903
1 0.5868402127227702 0.38617270885306815 0.08717383068109026 0.11025260339082213
1 0.6434709260423161 0.2819175483901514 0.08106928134945371 0.12246150496239876
1 0.6670266047103617 0.2909821792835635 0.08099655601527189 0.11621150496239877
1 0.49582376670908895 0.28957599876165496 0.05781359468490823 0.1369948858558109
1 0.4806260280474069 0.3270224948327135 0.06709768801718105 0.129619033498446
1 0.5441260013924063 0.4100490105484792 0.09018974267981754 0.10102315260503385
1 0.4957066827259518 0.4138675233687607 0.06846019334818117 0.1125043081055519
1 0.6723413607176795 0.34467010546224597 0.08691929201145392 0.08837760339082212
1 0.6366220367202248 0.36509392142568065 0.05875792934436319 0.08394266046291668
1 0.5325259774029059 0.48797495740532604 0.0851931600095451 0.07424232878371625
1 0.5454254193984516 0.4545438732449263 0.06811474801081766 0.08281680810555195