1 0.7552380471096415 0.3723003061014379 0.07716555674305994 0.128552246876742
1 0.6947060608996949 0.2516560079950318 0.08977320533113406 0.07863406010845857
1 0.7029875738318186 0.29466566461089005 0.09088106426490725 0.06301815046753827
1 0.7583439782258806 0.505889510921898 0.0678814849563052 0.1316227047222643
1 0.7291960358268703 0.47056963445846495 0.05533602084968248 0.12998748184962744
1 0.7105178951563549 0.6071565742518105 0.09303459765100222 0.0833397408266178
1 0.6830664965682807 0.6569884026088375 0.08972774122451135 0.07707156010845857
1 0.6386883592629775 0.6083009177341481 0.0961141335443795 0.08179542154477701
1 0.5934955312080168 0.6658407069617596 0.09289820533113406 0.07865224082661797
1 0.5508844823825157 0.6241935624461495 0.08861988229073817 0.09268746974937905
1 0.4749441080093364 0.6182839300307881 0.08875627461060631 0.09737496974937905
1 0.4470033129447589 0.5439151891059745 0.08268813103709682 0.10358860831306042
1 0.4919293680384662 0.5308975595192834 0.08494931301126592 0.07391928903121965
1 0.5285859335570147 0.5826645925985747 0.08481292069139794 0.06923178903121965
1 0.5833727219576745 0.5595498003459012 0.08843802586424747 0.08643746974937905
1 0.6086227745440993 0.5682889960911751 0.08173338479802066 0.07077610831306061
1 0.6834863822242312 0.5640378333269969 0.09722199247815269 0.06617951190385654
1 0.6776706397460786 0.49839010742929774 0.07859166442319179 0.12387383723582168
1 0.7062359089464085 0.48683952907227057 0.06283027210332381 0.1190954336450254
1 0.6082530500126353 0.5018918364502547 0.09339831050398359 0.0958397408266178
1 0.5100284986798518 0.4817924390077787 0.0947334899708702 0.0880363311856975
1 0.4518522858268703 0.4689560957218328 0.08508570533113406 0.07860678903121965
1 0.48955086262818986 0.4223083546988232 0.061449628529814504 0.12533634328594587
1 0.47952499326957543 0.37303960772388534 0.0630121285298145 0.1253454336450254
1 0.4459994394295094 0.37518791500367354 0.06953491316955063 0.13475679508134392
1 0.47426318025830944 0.2995839270057261 0.09436977711788863 0.0755363311856975
1 0.49997022241989286 0.2434930082896194 0.09040970282385156 0.10050906010845857
1 0.5401094891129403 0.25388106244614966 0.08429609514371954 0.10516019867214013
1 0.6062285826073073 0.21755319788657318 0.08959134890464338 0.07238406010845859
1 0.5989760237526764 0.26359695091163526 0.09285274122451134 0.07708974082661779
1 0.6474960917785074 0.29356170686356364 0.059250631037096824 0.10345225292686626
1 0.6296697457768579 0.3520418273750684 0.06595527210332364 0.11911361436318471
1 0.5845785546314888 0.30569354732083914 0.07994356426490726 0.06295451795398091
1 0.5833714072970558 0.3447424117822197 0.08155152837152997 0.06452610831306052
1 0.5838404202291796 0.38770661660267985 0.09758570533113406 0.07867951190385672
1 0.6110310575344826 0.4362941075274936 0.08581313103709683 0.10360678903121982
1 0.6858288175636125 0.34924408030193466 0.07992684389007838 0.1160704275949013
1 0.7073317445232167 0.3634293001495095 0.07974498746358769 0.10982042759490121
1 0.5404337495377816 0.31871572208707005 0.05547241316955063 0.13467498184962742
1 0.5187095137235465 0.3506151618804155 0.06618259263643722 0.1269261143631848
1 0.5645197703874641 0.44852139675510505 0.08871081050398359 0.09581246974937904
1 0.5165907357477281 0.43886914080317674 0.06719952335696497 0.10818520472226431
1 0.7026502562016992 0.41729918871319105 0.0851766335443795 0.08173178903121969
1 0.6631247549480579 0.42800488455666075 0.0570516335443795 0.08156816256778665
1 0.5385088513454188 0.5210140202916719 0.08481292069139794 0.06923178903121965
1 0.5579575333195879 0.49144469495970694 0.06633570533113406 0.07849770472226432