1 0.73203125 0.346875 0.0625 0.1234375
1 0.66484375 0.23203125 0.08125 0.07109375
1 0.67578125 0.27421875 0.08515625 0.0546875
1 0.74296875 0.48046875 0.05390625 0.12734375
1 0.71171875 0.44765625 0.04140625 0.12578125
1 0.7015625 0.5859375 0.08359375 0.0765625
1 0.6765625 0.63828125 0.08125 0.06953125
1 0.6296875 0.59375 0.0875 0.0734375
1 0.58828125 0.65546875 0.08515625 0.07109375
1 0.54296875 0.61796875 0.07890625 0.0859375
1 0.4671875 0.61875 0.07890625 0.08984375
1 0.43515625 0.546875 0.07109375 0.09765625
1 0.47890625 0.5296875 0.0765625 0.0671875
1 0.51875 0.578125 0.07734375 0.06171875
1 0.571875 0.55 0.07890625 0.07890625
1 0.59765625 0.55625 0.075 0.0640625
1 0.671875 0.5453125 0.08984375 0.0578125
1 0.6625 0.48046875 0.06484375 0.11796875
1 0.68984375 0.46640625 0.05 0.1140625
1 0.59296875 0.490625 0.08359375 0.08828125
1 0.49453125 0.4796875 0.08515625 0.08046875
1 0.4359375 0.471875 0.07734375 0.07109375
1 0.4703125 0.421875 0.04765625 0.121875
1 0.4578125 0.3734375 0.0484375 0.121875
1 0.42421875 0.37890625 0.05390625 0.1296875
1 0.4484375 0.30078125 0.0859375 0.0671875
1 0.4703125 0.2421875 0.07890625 0.09375
1 0.5109375 0.24921875 0.07265625 0.09921875
1 0.575 0.20625 0.0828125 0.065625
1 0.5703125 0.253125 0.08515625 0.06953125
1 0.6203125 0.27890625 0.04765625 0.09921875
1 0.60546875 0.33828125 0.05234375 0.1140625
1 0.55859375 0.29609375 0.0734375 0.05625
1 0.559375 0.3359375 0.075 0.0578125
1 0.5625 0.378125 0.08984375 0.07109375
1 0.5921875 0.42421875 0.075 0.09765625
1 0.66171875 0.33046875 0.06640625 0.1109375
1 0.68359375 0.34296875 0.0671875 0.1046875
1 0.51484375 0.31328125 0.03984375 0.13125
1 0.4953125 0.34765625 0.0515625 0.121875
1 0.546875 0.440625 0.07890625 0.08828125
1 0.4984375 0.4359375 0.0546875 0.103125
1 0.68203125 0.396875 0.07734375 0.075
1 0.64375 0.41171875 0.0484375 0.0765625
1 0.525 0.515625 0.07734375 0.06171875
1 0.5421875 0.484375 0.05859375 0.0734375