1 0.63984375 0.259375 0.128125 0.065625
1 0.759375 0.32890625 0.075 0.084375
1 0.715625 0.3171875 0.05625 0.0875
1 0.5015625 0.24765625 0.13125 0.05625
1 0.5359375 0.2796875 0.13125 0.04375
1 0.3921875 0.290625 0.0796875 0.0875
1 0.33828125 0.31640625 0.071875 0.084375
1 0.384375 0.36484375 0.075 0.090625
1 0.3203125 0.40859375 0.075 0.0875
1 0.35859375 0.45546875 0.090625 0.08125
1 0.3578125 0.53359375 0.09375 0.08125
1 0.4328125 0.5671875 0.1 0.075
1 0.45 0.521875 0.0703125 0.078125
1 0.40078125 0.48046875 0.0640625 0.08125
1 0.4296875 0.425 0.08125 0.08125
1 0.4234375 0.3984375 0.065625 0.078125
1 0.43515625 0.32109375 0.059375 0.09375
1 0.5015625 0.33125 0.121875 0.0671875
1 0.51640625 0.30234375 0.11875 0.0515625
1 0.49140625 0.403125 0.090625 0.0875
1 0.503125 0.50546875 0.084375 0.0875
1 0.5109375 0.5671875 0.075 0.08125
1 0.5625 0.53046875 0.1265625 0.05
1 0.6125 0.54375 0.1265625 0.05
1 0.60703125 0.57890625 0.134375 0.05625
1 0.6875 0.55390625 0.0703125 0.090625
1 0.74921875 0.53046875 0.096875 0.08125
1 0.74140625 0.48828125 0.103125 0.075
1 0.7859375 0.421875 0.06875 0.0859375
1 0.7375 0.42734375 0.071875 0.0875
1 0.7109375 0.375 0.103125 0.05
1 0.64921875 0.390625 0.11875 0.0546875
1 0.69296875 0.4390625 0.059375 0.0765625
1 0.6515625 0.43828125 0.059375 0.078125
1 0.6078125 0.43515625 0.075 0.09375
1 0.56015625 0.40390625 0.1 0.078125
1 0.6578125 0.33203125 0.115625 0.06875
1 0.64375 0.309375 0.109375 0.0703125
1 0.675 0.484375 0.1359375 0.040625
1 0.6390625 0.50546875 0.1265625 0.053125
1 0.54296875 0.4515625 0.090625 0.08125
1 0.54765625 0.5015625 0.10625 0.05625
1 0.58828125 0.3109375 0.078125 0.08125
1 0.57265625 0.35078125 0.0796875 0.05
1 0.46484375 0.47421875 0.0640625 0.08125
1 0.4984375 0.45546875 0.075 0.0609375