0 0.26640625 0.61015625 0.1125 0.18125
0 0.52734375 0.3640625 0.196875 0.13125
0 0.5703125 0.26328125 0.196875 0.134375
0 0.48828125 0.83203125 0.078125 0.18125
0 0.321875 0.35546875 0.175 0.13125
0 0.40859375 0.15078125 0.19375 0.146875
0 0.36875 0.26015625 0.184375 0.128125
0 0.490625 0.6015625 0.084375 0.2
0 0.5984375 0.8453125 0.078125 0.1796875
0 0.3765625 0.6078125 0.08125 0.175
0 0.2671875 0.81640625 0.0765625 0.18125
0 0.71484375 0.6203125 0.08125 0.1953125
0 0.3796875 0.81796875 0.08125 0.1796875
0 0.6 0.6171875 0.0796875 0.184375
0 0.284375 0.4296875 0.16875 0.1
0 0.7109375 0.8625 0.078125 0.190625
0 0.1765625 0.51875 0.075 0.0828125
0 0.4734375 0.440625 0.171875 0.084375