0 0.46078991252983126 0.24321036660568462 0.20535108767505647 0.15074652936027144
0 0.6539599855225793 0.5473786039147311 0.17886567038771412 0.219151084022908
0 0.7436624944139195 0.6104320399029589 0.18369871960192583 0.22233062802354447
0 0.20436874627594634 0.4103455119748648 0.19757282092583345 0.11786130402608971
0 0.6987330223307943 0.35065759790741335 0.17479460049533807 0.1988022213558171
0 0.8820806774170276 0.4775002665500054 0.19619871960192584 0.2224760786919079
0 0.7830395558292402 0.41533716856305025 0.1751584735308674 0.2066147213558171
0 0.42875447022109847 0.4616700126114116 0.21683224317557442 0.129016980028635
0 0.17245312034493293 0.5138977733131828 0.19593754631872762 0.11628062269254436
0 0.44308233581302964 0.3497239959420936 0.1913955955329394 0.1193510786919079
0 0.2586794489237615 0.20022507729950156 0.19593754631872756 0.11628062269254427
0 0.3706830667874951 0.6749609006206385 0.21192641935425688 0.1242749360279987
0 0.23713839681406562 0.3083466599697741 0.19615587014004515 0.12096812269254427
0 0.3936774569865321 0.5644773866168205 0.20077059553293938 0.11946016669318063
0 0.633013822992748 0.2990501919160039 0.14296240363849116 0.18593859468490823
0 0.13517790632457832 0.6198574193189097 0.20709337014004517 0.12109539202736244
0 0.5655094917278324 0.17554960459104893 0.10109592721213971 0.09175224267981759
0 0.5882215155063687 0.47857460725654893 0.12733740363849116 0.18575678134945375