0 0.41334384075186303 0.25298535594368443 0.1882363190854491 0.12874426002545336
0 0.6312570068356911 0.5285558785805493 0.14650333703942983 0.20637836401972648
0 0.7254882749860638 0.57901840790105 0.15119083703942984 0.20643290802036277
0 0.173117774789672 0.4557670999761375 0.18647383118569744 0.09435107869190791
0 0.6582109131569618 0.3266933865770496 0.14637607201231528 0.1845033640197263
0 0.8521421994577072 0.42755481055064165 0.1636908370394302 0.20657835868872637
0 0.748522295768715 0.37954511923141376 0.14330561416679294 0.1938420013526354
0 0.4003342597625574 0.4749967159452753 0.20527837334017515 0.10394425469445316
0 0.1506200851927182 0.5630528886457737 0.1833488311856975 0.094314716024817
0 0.40489956079582967 0.36167001261141163 0.18023292154477702 0.0958408533577261
0 0.20875633470173885 0.2381796106381377 0.1849022408266178 0.09277039735836254
0 0.36155706431187107 0.694964317950366 0.20056360226293632 0.09920221069381689
0 0.197173419207086 0.34924437997295577 0.18492951190385667 0.09745789735836245
0 0.3747115701656035 0.5823188672820023 0.18804542154477702 0.09593176002545327
0 0.5889296480316514 0.28453370591982186 0.11508062021691715 0.17632723734881744
0 0.12342126005714496 0.6727369713160463 0.19585792154477705 0.09602266669318063
0 0.5114682442444634 0.1713802725970941 0.08797269867214012 0.08226815467854491
0 0.5605086904807166 0.47000812925686714 0.09790221057599684 0.17768974267981755