0 0.84296875 0.22734375 0.1703125 0.178125
0 0.65625 0.3546875 0.1765625 0.1921875
0 0.5546875 0.39921875 0.1703125 0.2015625
0 0.5703125 0.19375 0.1390625 0.15
0 0.478125 0.23671875 0.1484375 0.1671875
0 0.74921875 0.3 0.175 0.190625
0 0.25 0.171875 0.1109375 0.13125
0 0.3828125 0.26875 0.1453125 0.171875
0 0.421875 0.1 0.115625 0.1328125
0 0.5140625 0.05703125 0.11875 0.1140625
0 0.3390625 0.1453125 0.1078125 0.11875
0 0.27421875 0.29296875 0.15 0.171875
0 0.41953125 0.43125 0.15 0.1921875
0 0.66796875 0.121875 0.1375 0.1328125
0 0.15 0.18984375 0.096875 0.11875