0 0.7707793680985083 0.13816209956021147 0.20352554250907656 0.20838296279135698
0 0.6358353182122392 0.301693864621154 0.21347354547482594 0.2227728450053421
0 0.5563825815581118 0.3678397089935239 0.21060321345960348 0.2289137176006804
0 0.5158345415204934 0.17914179674247185 0.16781353558899426 0.17437006134007813
0 0.44481638737588025 0.24108129075202206 0.18101387254713258 0.19199407095872498
0 0.7056265533834913 0.22884415246276918 0.2102212114824372 0.2195387176006804
0 0.22268671939110263 0.24257933648300362 0.1371710306460784 0.14989585099579186
0 0.3672298982502952 0.29542653957089576 0.17801620653952135 0.1950099435540633
0 0.3574516971479812 0.13225441697555745 0.14198586463846716 0.15318454210278448
0 0.42730659931542797 0.06919764478544786 0.14517453163466168 0.13839528957089572
0 0.2958722099995625 0.19542902877112253 0.1304116946765232 0.13717759618646844
0 0.27613932463802965 0.3447668298595816 0.18276737353571576 0.19673613466105583
0 0.44399001091159596 0.43200639111484185 0.18821887749004845 0.21564982576804842
0 0.5849254397336073 0.08910458458408707 0.16092686562705047 0.15852680653075474
0 0.13674656079786524 0.2839161538135316 0.12090936068413449 0.13372521397248338