0 0.8375 0.2390625 0.16015625 0.1671875
0 0.66171875 0.35859375 0.165625 0.18046875
0 0.56640625 0.4 0.16015625 0.1890625
0 0.58125 0.2078125 0.13046875 0.14140625
0 0.4953125 0.24765625 0.1390625 0.15703125
0 0.74921875 0.3078125 0.1640625 0.178125
0 0.28125 0.1875 0.10390625 0.1234375
0 0.40546875 0.278125 0.1359375 0.16171875
0 0.4421875 0.11953125 0.109375 0.125
0 0.52890625 0.0703125 0.1109375 0.12734375
0 0.36484375 0.1625 0.1015625 0.1109375
0 0.30390625 0.30078125 0.13984375 0.16171875
0 0.440625 0.43046875 0.13984375 0.18046875
0 0.67265625 0.140625 0.12890625 0.125
0 0.1875 0.20390625 0.090625 0.11171875