1 0.56484375 0.228125 0.115625 0.090625
1 0.72109375 0.03359375 0.11875 0.0671875
1 0.61640625 0.1609375 0.1203125 0.09375
1 0.6671875 0.2578125 0.115625 0.0921875
1 0.85546875 0.15234375 0.11875 0.0921875
1 0.81875 0.81015625 0.1203125 0.0859375
1 0.24140625 0.884375 0.1203125 0.0921875
1 0.5671875 0.56484375 0.1203125 0.09375
1 0.53125 0.0546875 0.1234375 0.096875
1 0.26640625 0.6375 0.11875 0.090625
1 0.48046875 0.95859375 0.115625 0.0828125
1 0.4546875 0.3625 0.121875 0.09375
1 0.95 0.02734375 0.1 0.0546875
1 0.665625 0.0875 0.1203125 0.0921875
1 0.94609375 0.21796875 0.1078125 0.0921875
1 0.76640625 0.290625 0.11875 0.09375
1 0.21484375 0.15 0.1296875 0.09375
1 0.7765625 0.88125 0.125 0.090625
1 0.8984375 0.3359375 0.125 0.090625
1 0.853125 0.40546875 0.121875 0.0875
1 0.41796875 0.2125 0.121875 0.09375
1 0.334375 0.7421875 0.1140625 0.0890625
1 0.8625 0.73984375 0.1203125 0.0859375
1 0.228125 0.709375 0.1203125 0.0890625
1 0.3 0.3796875 0.1234375 0.096875
1 0.31640625 0.57109375 0.1203125 0.0875
1 0.90625 0.08203125 0.11875 0.0875
1 0.05546875 0.39609375 0.1109375 0.096875
1 0.28984375 0.81328125 0.1234375 0.0890625
1 0.47421875 0.13359375 0.121875 0.09375
1 0.79453125 0.47265625 0.13125 0.0890625
1 0.615625 0.49609375 0.1203125 0.0921875
1 0.56953125 0.815625 0.121875 0.09375
1 0.91015625 0.6734375 0.11875 0.0875
1 0.24375 0.45859375 0.1328125 0.096875
1 0.709375 0.36015625 0.11875 0.0875
1 0.4125 0.4328125 0.115625 0.08125
1 0.659375 0.4265625 0.1234375 0.090625
1 0.521875 0.634375 0.1234375 0.084375
1 0.659375 0.68125 0.121875 0.090625
1 0.0421875 0.79140625 0.084375 0.0890625
1 0.70546875 0.61171875 0.1390625 0.09375
1 0.73125 0.946875 0.121875 0.084375
1 0.36484375 0.503125 0.11875 0.0875
1 0.8078125 0.2171875 0.1203125 0.09375
1 0.18359375 0.5390625 0.1390625 0.1
1 0.36015625 0.29453125 0.11875 0.09375
1 0.584375 0.96796875 0.1234375 0.0640625
1 0.06875 0.7078125 0.134375 0.096875
1 0.5234375 0.8890625 0.121875 0.09375
1 0.75234375 0.54140625 0.1203125 0.09375
1 0.18125 0.78125 0.121875 0.0921875
1 0.94921875 0.603125 0.1015625 0.0921875
1 0.0859375 0.91796875 0.115625 0.0875
1 0.1625 0.22890625 0.1296875 0.0890625
1 0.10234375 0.31328125 0.125 0.0890625
1 0.37578125 0.67421875 0.11875 0.09375
1 0.6109375 0.74921875 0.11875 0.08125
1 0.13515625 0.846875 0.1296875 0.090625
1 0.278125 0.0703125 0.121875 0.0875
1 0.49921875 0.2953125 0.1203125 0.0859375
1 0.19609375 0.9515625 0.115625 0.08125
1 0.3375 0.01328125 0.146875 0.0265625
1 0.13359375 0.62421875 0.11875 0.0875
1 0.478125 0.70859375 0.1203125 0.0859375
1 0.97265625 0.53046875 0.0546875 0.096875
1 0.02578125 0.478125 0.05 0.0921875
1 0.975 0.1421875 0.05 0.075