1 0.76796875 0.43515625 0.090625 0.11484375
1 0.9640625 0.2796875 0.071875 0.1171875
1 0.83515625 0.384375 0.09296875 0.1203125
1 0.73828125 0.334375 0.09140625 0.11484375
1 0.84375 0.146875 0.09140625 0.11875
1 0.1890625 0.1828125 0.08515625 0.1203125
1 0.115625 0.75703125 0.09140625 0.1203125
1 0.43359375 0.43359375 0.0921875 0.1203125
1 0.940625 0.46875 0.0953125 0.12265625
1 0.3609375 0.73203125 0.08984375 0.11875
1 0.04140625 0.5203125 0.0828125 0.115625
1 0.634375 0.5453125 0.0921875 0.12109375
1 0.9703125 0.0515625 0.059375 0.10234375
1 0.9078125 0.33515625 0.09140625 0.1203125
1 0.77890625 0.05546875 0.090625 0.1109375
1 0.70546875 0.234375 0.0921875 0.1171875
1 0.84609375 0.784375 0.0921875 0.1296875
1 0.11875 0.225 0.08984375 0.12421875
1 0.66015625 0.10390625 0.090625 0.12421875
1 0.5921875 0.1484375 0.0875 0.12109375
1 0.7828125 0.58125 0.09296875 0.12109375
1 0.25703125 0.66484375 0.0890625 0.11328125
1 0.259375 0.1390625 0.08515625 0.1203125
1 0.28984375 0.7703125 0.0890625 0.1203125
1 0.6171875 0.6984375 0.096875 0.12265625
1 0.42734375 0.6828125 0.0859375 0.1203125
1 0.9125 0.09609375 0.08828125 0.11875
1 0.6015625 0.94296875 0.0953125 0.11328125
1 0.18671875 0.709375 0.0890625 0.12265625
1 0.8625 0.525 0.09296875 0.12109375
1 0.525 0.20703125 0.0890625 0.13046875
1 0.5015625 0.384375 0.09140625 0.1203125
1 0.184375 0.43046875 0.0921875 0.12109375
1 0.32578125 0.0921875 0.0875 0.1171875
1 0.53828125 0.7546875 0.0953125 0.13203125
1 0.63671875 0.2921875 0.0859375 0.11875
1 0.56484375 0.5875 0.08203125 0.11484375
1 0.57109375 0.34140625 0.090625 0.12265625
1 0.3640625 0.478125 0.084375 0.12265625
1 0.3171875 0.34140625 0.08984375 0.12109375
1 0.20859375 0.95625 0.0890625 0.0875
1 0.3875 0.29609375 0.09296875 0.13828125
1 0.053125 0.2703125 0.08359375 0.12109375
1 0.49453125 0.634375 0.08828125 0.11875
1 0.77890625 0.19375 0.09453125 0.1203125
1 0.45859375 0.81484375 0.0984375 0.13828125
1 0.70234375 0.6390625 0.09296875 0.11875
1 0.03203125 0.41640625 0.0640625 0.12265625
1 0.29140625 0.92890625 0.0953125 0.13359375
1 0.1109375 0.4765625 0.09296875 0.12109375
1 0.45703125 0.24921875 0.0921875 0.1203125
1 0.21796875 0.8171875 0.09140625 0.12109375
1 0.39609375 0.05234375 0.090625 0.10390625
1 0.0828125 0.91171875 0.0859375 0.11484375
1 0.7671875 0.8359375 0.0890625 0.1296875
1 0.6828125 0.8953125 0.0890625 0.12421875
1 0.325 0.6234375 0.09296875 0.11875
1 0.25 0.3890625 0.08203125 0.11875
1 0.153125 0.8625 0.090625 0.1296875
1 0.92421875 0.7203125 0.0859375 0.12109375
1 0.70078125 0.50078125 0.08515625 0.1203125
1 0.04921875 0.80234375 0.0796875 0.115625
1 0.98359375 0.66171875 0.0328125 0.1453125
1 0.375 0.86484375 0.08828125 0.1171875
1 0.28984375 0.521875 0.08515625 0.1203125
1 0.4671875 0.02890625 0.096875 0.05703125
1 0.5203125 0.9734375 0.09140625 0.053125
1 0.853125 0.02578125 0.075 0.0515625