1 0.7350873354380825 0.4245030280398458 0.11622186068413445 0.13550148801421233
1 0.9053228754757011 0.24317554217333998 0.09740819368794007 0.13295634215265534
1 0.7938840152858582 0.36495096562451684 0.11960152866891213 0.14191526232447185
1 0.6904380217116488 0.32899577623082343 0.11622186068413445 0.13550148801421233
1 0.7667471482131141 0.12787036747896768 0.11797536167271758 0.14027087516934214
1 0.12428378110318894 0.25469854534115866 0.11172536167271767 0.13994332654882308
1 0.1382269925112641 0.8347888370642726 0.11803902866891205 0.14183337516934208
1 0.40363440559030683 0.46976578188503304 0.11960152866891197 0.14191526232447185
1 0.9108685854380825 0.43371533299194287 0.1228538626613009 0.14520403663473136
1 0.3770613408381089 0.7760600474888653 0.11641286167271776 0.14018898801421234
1 0.04167223441122448 0.6106376068519765 0.08334446882244896 0.13509205223856355
1 0.619487557263462 0.5523237336031983 0.11960152866891213 0.14191526232447185
1 0.8744588305323477 0.05913805687266105 0.0792073389353046 0.030656857756487587
1 0.8581494451336338 0.305685508252142 0.11803902866891214 0.14183337516934208
1 0.6875663255894319 0.07283098541222058 0.1123673488211363 0.07916960085908262
1 0.6426318744871178 0.23410600011154167 0.11791169467652338 0.13870837516934212
1 0.8646860162372603 0.7601207027342181 0.12154603064607841 0.1513721494796016
1 0.06108610273828805 0.3069736962910984 0.11816636266130084 0.1449583751693421
1 0.577971149695989 0.11093077170826768 0.1181663626613009 0.14495837516934212
1 0.5178348043348935 0.1649321969684669 0.11491402866891214 0.14166960085908262
1 0.7715448057805873 0.567338981228349 0.11960152866891213 0.14191526232447202
1 0.2641276007239407 0.7231663415868285 0.11459569368794006 0.1338571008590826
1 0.18751329296618705 0.201642144391219 0.11172536167271767 0.13994332654882308
1 0.3124921634617912 0.8235658112836752 0.11641286167271767 0.14018898801421226
1 0.6257163581383145 0.7068850808442363 0.12441636266130089 0.1452859237898611
1 0.43504493718778736 0.7172482914959714 0.11328786167271776 0.140025213703953
1 0.8262786571103626 0.0887126922187685 0.11306768577927465 0.09635710085908263
1 0.6470661402300866 0.9418089996035153 0.12090936068413463 0.11638200079296937
1 0.20161567186474816 0.777826186114333 0.1165401956651065 0.14331398801421252
1 0.8423785706093347 0.5005885724764932 0.11960152866891213 0.14191526232447185
1 0.4602822895061459 0.23237864653892557 0.11842103064607841 0.1512083751693421
1 0.46396175193998523 0.41107685662483384 0.11803902866891214 0.14183337516934208
1 0.1565073961987667 0.5014407485296619 0.11960152866891205 0.14191526232447202
1 0.2453695553234767 0.14595538839832517 0.11316052768032892 0.13690021370395286
1 0.5556638433095669 0.773676433173657 0.12479836463846716 0.15466092378986113
1 0.5835486931564675 0.3006893125268706 0.1116616946765232 0.13838082654882317
1 0.5571029623966582 0.6038585781307028 0.10834569368794007 0.13352955223856355
1 0.5263781803048861 0.35876076209732927 0.11810269566510652 0.1433958751693421
1 0.3419355602292115 0.5236853199901024 0.11178902866891213 0.14150582654882307
1 0.27518575342286006 0.39413726085413386 0.11647652866891205 0.14175148801421233
1 0.2610212108766025 0.9822912788328153 0.10666117688202607 0.035417442334369297
1 0.33769768228205255 0.3394774163266293 0.12342686562705038 0.15926653663473136
1 0.02842213585582439 0.36117651741285456 0.05684427171164878 0.13797803482570908
1 0.49452736654127144 0.6600809226582074 0.11478669467652321 0.13854460085908257
1 0.7096721358558243 0.18359806704942636 0.12116402866891214 0.14199714947960165
1 0.48623341099033335 0.8444149790806424 0.12974053262324467 0.16115658525525028
1 0.7006473739556454 0.6356518899802049 0.11953786167271759 0.14035276232447202
1 0.0246167035365908 0.5087918238352896 0.0492334070731816 0.13633364767057934
1 0.33813946779668475 0.9512802962456698 0.12339769072219058 0.09743940750866038
1 0.0908068003433798 0.5574993187469071 0.11960152866891205 0.14191526232447202
1 0.3994920281374394 0.28321412822155984 0.11960152866891205 0.14191526232447185
1 0.2483540676064043 0.87970626865605 0.11803902866891205 0.14183337516934208
1 0.3092211496959888 0.09684618102595037 0.11421369171077381 0.12448210085908262
1 0.12965846433664363 0.9624048247398008 0.10956068380210837 0.0751903505203984
1 0.7948245023970959 0.8222245550636387 0.11835736364988385 0.14964587516934208
1 0.7199253200778623 0.8926764959276703 0.11660386266130089 0.14487648801421216
1 0.32488602859454996 0.6731121099041941 0.11953786167271767 0.14035276232447186
1 0.21570332406937598 0.45130462969189794 0.1085366946765233 0.13821705223856356
1 0.19134272224530902 0.9291131685321364 0.1199835306460784 0.14177366293572718
1 0.9264631160469798 0.6850664710515838 0.10085152866891214 0.14093261646291494
1 0.6780295691264602 0.49902167118786933 0.11172536167271759 0.13994332654882308
1 0.0788718971501688 0.8888312059020368 0.10522069368794011 0.1333657779283044
1 0.9644207138795331 0.6181589320420032 0.031048364638467163 0.1497476944820761
1 0.410934980648266 0.905450976367109 0.11472302768032883 0.13698210085908258
1 0.2747679648681163 0.5773182530522177 0.11172536167271767 0.13994332654882308
1 0.376342324106557 0.06356669154139996 0.10930601581733076 0.08056832654882311
1 0.5710010473404493 0.977568897557008 0.10286501482874755 0.044862204885983914