1 0.584375 0.52109375 0.07734375 0.19453125
1 0.559375 0.6515625 0.08125 0.1140625
1 0.59453125 0.40546875 0.08125 0.08046875
1 0.53984375 0.44296875 0.06640625 0.18828125
1 0.51640625 0.5265625 0.07109375 0.1859375
1 0.51484375 0.2859375 0.10625 0.140625
1 0.43515625 0.3203125 0.07109375 0.16484375
1 0.32890625 0.3984375 0.14375 0.12265625
1 0.38359375 0.4609375 0.13359375 0.12578125
1 0.30859375 0.52578125 0.125 0.08359375
1 0.27578125 0.59296875 0.11015625 0.1140625
1 0.39296875 0.63203125 0.12109375 0.11953125
1 0.42421875 0.55078125 0.06875 0.06875
1 0.38515625 0.51953125 0.07890625 0.08046875
1 0.4625 0.62734375 0.05390625 0.140625
1 0.490625 0.48046875 0.06875 0.19453125
1 0.43515625 0.4953125 0.06015625 0.0984375
0 0.61171875 0.3515625 0.08984375 0.09609375
0 0.51484375 0.34609375 0.11875 0.12578125
0 0.49609375 0.66328125 0.05234375 0.19765625
0 0.42265625 0.65703125 0.06015625 0.11953125
0 0.346875 0.6109375 0.06640625 0.12265625