1 0.6010340386657326 0.5220807756910796 0.13467902274507892 0.21217759618646853
1 0.5487887961093306 0.6436308826773213 0.11392556699689198 0.135014895460829
1 0.6357835661683225 0.4113144012816428 0.10458480024766903 0.10192957694917482
1 0.5743387979713575 0.43615319937487695 0.12174237510244393 0.20236608656782162
1 0.5332643418088857 0.5119270148913064 0.12642987510244375 0.20252977767481414
1 0.583358425350113 0.276986530500403 0.14670383374611512 0.16891866950744616
1 0.49800312220695975 0.2924875341286001 0.1192338052100677 0.18199902286549072
1 0.3776028850272414 0.34520828476157234 0.1775899607105858 0.16219744355406326
1 0.4177784288647695 0.41814478775679725 0.16821496071058567 0.16187006134007814
1 0.33071723056018065 0.464223668789656 0.1474272717116218 0.11746529691210786
1 0.28415475371954446 0.5229736754130779 0.1424144400324213 0.14380954210278443
1 0.39044544912864926 0.5873412210592415 0.15527831306795062 0.1520585517214313
1 0.4379518418088857 0.5152554007334886 0.08830482878371626 0.08732143992586608
1 0.40715345202413333 0.47563982922660947 0.10145980024766903 0.10182044954451311
1 0.459032783289049 0.5982489500078492 0.09604886228216233 0.15311013103285873
1 0.5183991670779452 0.46158227450995326 0.12679374813797323 0.21034227767481414
1 0.4605866670779452 0.463601131496195 0.08797949710451576 0.11382937622353531
0 0.6640326906515938 0.36259415908619114 0.11632282092583353 0.11949902286549072
0 0.5704624731165826 0.33612591752371157 0.1539341368892682 0.15669148801910052
0 0.4845079722880131 0.6411804944728864 0.1110959735308672 0.20823414065150558
0 0.41381232857431927 0.6186085792266095 0.09517556699689211 0.13436013103285874
0 0.34985468237942624 0.5558928136175127 0.10164389081820957 0.13926588584218216