1 0.54453125 0.55859375 0.209375 0.08125
1 0.684375 0.53203125 0.121875 0.0875
1 0.42109375 0.5703125 0.0875 0.0875
1 0.46171875 0.5109375 0.2015625 0.071875
1 0.5515625 0.48671875 0.1984375 0.075
1 0.29296875 0.484375 0.15 0.1125
1 0.33046875 0.4 0.1765625 0.075
1 0.41328125 0.28671875 0.13125 0.153125
1 0.48046875 0.34453125 0.134375 0.1421875
1 0.55 0.2640625 0.090625 0.134375
1 0.621875 0.2296875 0.121875 0.11875
1 0.66328125 0.3546875 0.128125 0.128125
1 0.5765625 0.3875 0.0734375 0.0734375
1 0.54296875 0.346875 0.0875 0.084375
1 0.65859375 0.42890625 0.15 0.0578125
1 0.5015625 0.45859375 0.209375 0.0734375
1 0.51796875 0.4 0.10625 0.0640625
0 0.3640625 0.5875 0.103125 0.0953125
0 0.35703125 0.484375 0.134375 0.1265625
0 0.696875 0.4640625 0.2125 0.05625
0 0.690625 0.38671875 0.128125 0.0640625
0 0.64140625 0.30546875 0.13125 0.071875