1 0.45625 0.40703125 0.2046875 0.08125
1 0.31953125 0.4328125 0.11875 0.084375
1 0.57734375 0.39609375 0.084375 0.084375
1 0.5375 0.45390625 0.1984375 0.0703125
1 0.45 0.478125 0.1953125 0.075
1 0.703125 0.48046875 0.146875 0.1125
1 0.66640625 0.56328125 0.171875 0.075
1 0.58515625 0.67578125 0.128125 0.1515625
1 0.51875 0.61875 0.13125 0.140625
1 0.4515625 0.69765625 0.0875 0.13125
1 0.38046875 0.73125 0.11875 0.115625
1 0.33984375 0.60859375 0.125 0.128125
1 0.42421875 0.57578125 0.071875 0.071875
1 0.4578125 0.61640625 0.084375 0.084375
1 0.34453125 0.53515625 0.146875 0.05625
1 0.4984375 0.50546875 0.2046875 0.071875
1 0.4828125 0.56328125 0.103125 0.0625
0 0.63359375 0.378125 0.1 0.09375
0 0.63984375 0.48046875 0.13125 0.125
0 0.30625 0.5 0.2078125 0.0546875
0 0.31328125 0.5765625 0.125 0.0625
0 0.36171875 0.65703125 0.128125 0.0703125