1 0.221875 0.359375 0.240625 0.23125
1 0.0796875 0.74765625 0.159375 0.2203125
1 0.1125 0.5234375 0.225 0.2375
1 0.378125 0.22734375 0.2390625 0.240625
1 0.16015625 0.86796875 0.2125 0.2125
1 0.278125 0.52578125 0.20625 0.196875
1 0.7109375 0.78828125 0.20625 0.24375
1 0.846875 0.85 0.20625 0.2359375
1 0.4140625 0.66171875 0.25 0.234375
1 0.55703125 0.7484375 0.2125 0.23125
1 0.20859375 0.68828125 0.2296875 0.225
1 0.94609375 0.753125 0.1078125 0.2
1 0.42265625 0.81796875 0.20625 0.209375
1 0.3640625 0.4109375 0.178125 0.2234375
1 0.72109375 0.9453125 0.2 0.109375
1 0.5390625 0.9171875 0.190625 0.165625
1 0.8265625 0.70546875 0.225 0.11875