1 0.134375 0.4609375 0.14140625 0.19375
1 0.3296875 0.66328125 0.15390625 0.2125
1 0.503125 0.2109375 0.1390625 0.14921875
1 0.24296875 0.38984375 0.1390625 0.1796875
1 0.61171875 0.41953125 0.1453125 0.17109375
1 0.25546875 0.08359375 0.128125 0.159375
1 0.41484375 0.26875 0.13046875 0.17109375
1 0.0796875 0.1640625 0.1359375 0.18125
1 0.69453125 0.346875 0.14453125 0.165625
1 0.4375 0.5578125 0.15078125 0.16328125
1 0.34296875 0.05703125 0.1171875 0.1140625
1 0.02265625 0.22578125 0.04453125 0.19375