1 0.13078756658565935 0.41856448040395866 0.16577438962701407 0.2124953029821361
1 0.29827961863802027 0.6354156966221524 0.18030966831236128 0.23321697994174037
1 0.5286477575994443 0.1969740075883544 0.15690722948277802 0.16695548244902275
1 0.24779453505052054 0.3558251365138803 0.1623220813063891 0.19834187476889084
1 0.6094756110385761 0.4140047317241069 0.1668277433504862 0.19066576708875882
1 0.2983089070101041 0.06933737021654428 0.14713218597979177 0.13867474043308856
1 0.433770362272847 0.24813935398571524 0.15116637575930572 0.18864862602253202
1 0.11435082788791658 0.1184651920032989 0.15919708130638907 0.1982509465556454
1 0.7008104322769789 0.34732804559330277 0.1651197729857639 0.1843703029821362
1 0.4192116741088537 0.5382104245188287 0.17133340539458355 0.1829896594086268
1 0.3878441856954513 0.047615482911241166 0.13056162860909737 0.09523096582248233
1 0.04977852840100679 0.17577523832151748 0.06864481648875016 0.19873902837152993