0 0.9140625 0.4546875 0.0875 0.1234375
0 0.671875 0.54296875 0.159375 0.1140625
0 0.48984375 0.78203125 0.1671875 0.10390625
0 0.48515625 0.65859375 0.184375 0.10390625
0 0.671875 0.4171875 0.1796875 0.109375
0 0.66953125 0.665625 0.1546875 0.10390625
0 0.47890625 0.54296875 0.16328125 0.109375
0 0.9125 0.5734375 0.0921875 0.1234375
0 0.803125 0.49765625 0.1046875 0.1234375
0 0.66328125 0.903125 0.16328125 0.09921875
0 0.6671875 0.78671875 0.16328125 0.109375
0 0.48359375 0.421875 0.184375 0.09453125
0 0.47890625 0.90546875 0.1671875 0.109375
0 0.81171875 0.39609375 0.10078125 0.08515625
0 0.9015625 0.34609375 0.08359375 0.08515625
0 0.8140625 0.63046875 0.0921875 0.09453125
0 0.815625 0.73671875 0.0875 0.09921875
0 0.81171875 0.86015625 0.07109375 0.08515625
0 0.91015625 0.80546875 0.09609375 0.08046875
0 0.91015625 0.6875 0.09609375 0.08984375