0 0.43984375 0.07734375 0.1296875 0.09375
0 0.5328125 0.334375 0.1203125 0.16875
0 0.78515625 0.5265625 0.109375 0.178125
0 0.6546875 0.53125 0.109375 0.19375
0 0.4 0.334375 0.115625 0.190625
0 0.6625 0.3359375 0.109375 0.1640625
0 0.5328125 0.5375 0.115625 0.171875
0 0.56484375 0.0796875 0.1296875 0.096875
0 0.48515625 0.19453125 0.1296875 0.1109375
0 0.9125 0.34296875 0.1046875 0.171875
0 0.78984375 0.33828125 0.115625 0.171875
0 0.4046875 0.5328125 0.1 0.19375
0 0.91484375 0.5375 0.115625 0.178125
0 0.37734375 0.1859375 0.090625 0.10625
0 0.325 0.090625 0.090625 0.0875
0 0.625 0.18359375 0.1 0.096875
0 0.7375 0.18125 0.1046875 0.09375
0 0.8671875 0.1859375 0.090625 0.075
0 0.81015625 0.08203125 0.084375 0.1015625
0 0.68515625 0.08203125 0.0953125 0.1015625