0 0.9275055064629717 0.43107638416387734 0.10059686068413462 0.1302420119038567
0 0.6958655287060931 0.535172489942855 0.17228085969555132 0.12597266842151916
0 0.541240331595293 0.7849947070599553 0.17814885771838504 0.11663402985783762
0 0.5229612223940332 0.6622611890077786 0.19540002471457923 0.11829652380771342
0 0.6821465855124446 0.40934124296791713 0.19246602570316257 0.12296584308955402
0 0.7070815544092557 0.6570838513791735 0.1655851907221905 0.11499880698520074
0 0.5042191981737455 0.5473356257760621 0.175214858706968 0.1213033491396784
0 0.9385941981737453 0.5498627456001958 0.10528436068413427 0.13026928298109547
0 0.8217621838392895 0.48123039938738366 0.11778436068413463 0.13034200585373235
0 0.7269151878308031 0.8946429387131911 0.17483285672980173 0.11192834913967857
0 0.718265746614321 0.778213962815492 0.175214858706968 0.1213033491396784
0 0.4953787559686801 0.426219149878363 0.19501802273741298 0.10892152380771343
0 0.5439581077927471 0.9091998215213358 0.179902358706968 0.12133062021691714
0 0.8191544955885568 0.3788957397464633 0.11000635277546919 0.09280564441741398
0 0.902831817223656 0.3239269594958423 0.092755185779275 0.09114315046753826
0 0.8474545450177156 0.6133798240554187 0.10251218775644091 0.10057269262201593
0 0.8603458172608368 0.7188985710303566 0.09801568874502423 0.10523292154477701
0 0.8700630099601938 0.8423633421075956 0.080255185779275 0.09107042759490121
0 0.9547577438585362 0.7811945588319124 0.09048451228292756 0.08809087334017515
0 0.9479778560069549 0.6639570618569745 0.10404428798609011 0.09746587334017516