0 0.48004961738005736 0.7416671863658276 0.29479097743445787 0.21371097340929204
0 0.8014830335191089 0.9356916601986427 0.2830351235152495 0.1286166796027146
0 0.4634518361055336 0.9174513524614266 0.269472728688099 0.16509729507714682
0 0.16536762107447409 0.28744533404557526 0.29630801332783513 0.21223947867096396
0 0.8116262263138306 0.7766308044710956 0.2901034774344577 0.21343795762427648
0 0.17725517029568655 0.09405935509226264 0.28298965940862686 0.18338643657758916
0 0.5127283543814267 0.3178502547675617 0.2910294799417402 0.19165396288594838
0 0.827298005081072 0.5607705860411267 0.29139319279472176 0.2041539628859484
0 0.5215363677092618 0.12271976529090536 0.3006772645814763 0.20157499445597948
0 0.1396742934484782 0.7036317761671849 0.2793485868969564 0.2007559471009328
0 0.15407946542677092 0.4871268156297238 0.2916659774344578 0.2135289628859484
0 0.48878107436054413 0.5222724442583354 0.27773986975432585 0.21739741553090183
0 0.8594539048562803 0.15492240444286068 0.2805466210079672 0.20664192605424542
0 0.8489242671552659 0.35543063865784513 0.283853477434458 0.21307393657758916
0 0.13186832205111734 0.8944919945971538 0.2637366441022347 0.2084774418392609