0 0.49375 0.6296875 0.05625 0.053125
0 0.51640625 0.6578125 0.0609375 0.040625
0 0.525 0.63671875 0.0421875 0.01875
0 0.471875 0.64375 0.034375 0.021875
0 0.4296875 0.63125 0.053125 0.0234375
0 0.41796875 0.65546875 0.065625 0.0328125
0 0.4546875 0.66796875 0.0609375 0.05625
0 0.52109375 0.678125 0.05 0.03125
0 0.48125 0.69375 0.0484375 0.04375
0 0.44375 0.70390625 0.0421875 0.0359375
0 0.41640625 0.72109375 0.05 0.046875
0 0.47421875 0.72890625 0.078125 0.04375
0 0.5 0.75703125 0.0609375 0.034375
0 0.52734375 0.73828125 0.040625 0.034375
0 0.5234375 0.70703125 0.05625 0.0375
0 0.41328125 0.746875 0.046875 0.0375
0 0.4265625 0.77265625 0.05 0.053125
0 0.4734375 0.77734375 0.0671875 0.05625
0 0.4515625 0.8109375 0.053125 0.040625
0 0.41484375 0.80390625 0.05 0.05
0 0.5015625 0.81484375 0.0609375 0.0359375
0 0.52265625 0.7765625 0.046875 0.034375
0 0.53828125 0.80390625 0.0234375 0.028125
0 0.41015625 0.68359375 0.040625 0.0359375
0 0.3484375 0.69453125 0.078125 0.0609375
0 0.36796875 0.721875 0.0625 0.0625
0 0.36328125 0.7484375 0.0609375 0.046875
0 0.34921875 0.7859375 0.09375 0.040625
0 0.29921875 0.77265625 0.03125 0.040625
0 0.3328125 0.7578125 0.0640625 0.0375
0 0.31015625 0.73359375 0.06875 0.0328125
0 0.30546875 0.684375 0.0453125 0.040625
0 0.29921875 0.70546875 0.0375 0.028125
0 0.3296875 0.6734375 0.0390625 0.0328125
0 0.3109375 0.64921875 0.0625 0.04375
0 0.30234375 0.62578125 0.0453125 0.040625
0 0.3640625 0.628125 0.084375 0.0421875
0 0.3734375 0.596875 0.0828125 0.05
0 0.4296875 0.5859375 0.0703125 0.034375
0 0.43828125 0.615625 0.0609375 0.0265625
0 0.36015625 0.575 0.05 0.04375
0 0.30703125 0.58828125 0.05 0.028125
0 0.33203125 0.603125 0.0453125 0.0359375
0 0.36953125 0.65 0.078125 0.03125