0 0.510376359393215 0.6276120912635487 0.05813066256778665 0.055360209341181486
0 0.4860212540070208 0.651331401933503 0.06120112041330898 0.04602157200827239
0 0.4814519286750558 0.6310734459341394 0.040761355386194256 0.023910214672181594
0 0.5290354558024188 0.6430189152610033 0.032948855386194256 0.023819308004454243
0 0.5697013624182772 0.6355149505888218 0.05172612646343318 0.028724984006999677
0 0.5781587570320829 0.6588524532543218 0.06428066861791085 0.0382454346753633
0 0.5413945552366848 0.6670922145926397 0.0628454336450254 0.060102253341817756
0 0.4796667148776052 0.6693728772676848 0.05177157825883114 0.036537484006999674
0 0.5147093353891099 0.6884950472629123 0.048701120413308985 0.045876121339908774
0 0.5474445673369331 0.701394489258458 0.04240566861791066 0.03799089600572696
0 0.5707729830279777 0.7198717692552763 0.051853391490547907 0.05059998400699968
0 0.516862187848438 0.7212802752625942 0.07840680113146821 0.04934656667727211
0 0.48938662764178353 0.7442546985996394 0.061164758976990544 0.039771572008272214
0 0.4660627571302787 0.7249961686028211 0.04239657825883114 0.03642839600572696
0 0.4732667239527915 0.6952268526018666 0.05805793969514959 0.04286020934118149
0 0.5714133324622437 0.7440814285885036 0.048673849336070066 0.04118862133990877
0 0.5556565222555893 0.7669194919239579 0.05344316256778647 0.05530566534054522
0 0.511911067435129 0.7666473192632305 0.06909543364502539 0.060174978675999566
0 0.5281264198944571 0.7992689152610033 0.05337953005422928 0.04436816534054522
0 0.5625150554330764 0.7965251759230035 0.051853391490547726 0.05059998400699968
0 0.48126051025353667 0.7982518552673666 0.06117384933607006 0.041334072008272396
0 0.46585367887144746 0.7609336686028211 0.04708407825883114 0.03648294000636341
0 0.4485298234852532 0.784571163271821 0.025172716822512698 0.029978401336727068
0 0.5811246757481896 0.6861598405872309 0.04240566861791084 0.03799089600572714
0 0.6372746817983137 0.7026928125795949 0.07849770472226432 0.06497156667727211
0 0.6160445764121195 0.7263757605824585 0.06599770472226432 0.06482611600890867
0 0.6174661758463854 0.7505763292489129 0.06279089149054773 0.050727253341817755
0 0.6250695975875542 0.7864229225811858 0.09090680113146803 0.04949201734563573
0 0.6727622090238727 0.7796183919080496 0.03462043969514959 0.04258748933799979
0 0.6431701577942086 0.7635575872454131 0.06430793969514977 0.0429329346753633
0 0.6682928776417836 0.742172935908686 0.06740566861791067 0.03828179734245403
0 0.6779269528755526 0.6975325979074134 0.047129530054229284 0.04429544000636341
0 0.6817150282075175 0.7177996445735497 0.0361193071815924 0.03166817067154533
0 0.6569059257481895 0.6852780459102769 0.04082498789975162 0.0348477146721816
0 0.6773366004162246 0.6647291885741862 0.06277271077238851 0.04760225334181776
0 0.6876155702637995 0.6435172599061406 0.047120439695149584 0.04273294000636341
0 0.6306115913410382 0.6394933785805494 0.08309430113146803 0.049401110677908554
0 0.6261013533430908 0.6090791725811858 0.08313066256778648 0.05565111067790873
0 0.5746343021134267 0.5932729065881854 0.06897725897699054 0.03986247867599957
0 0.5635377208295335 0.6207439259230035 0.0595568071815924 0.03194089067472685
0 0.6402729376520462 0.5901655405792767 0.05183521077238851 0.047474984006999676
0 0.6886013533430908 0.6083519192393679 0.05018180718159222 0.03183180267345431
0 0.6627564708295335 0.6195894112428678 0.04553975897699036 0.03958975867281787
0 0.622685461852543 0.6591155352482766 0.07521816861791084 0.03837270401018138