1 0.7890748135326948 0.6862439083914929 0.12829366950744614 0.14481169396136268
1 0.6772568598118305 0.6614728866798713 0.1253323606144388 0.14935364474715093
1 0.5322023424734533 0.3111902886657325 0.11886410580511537 0.14281254631872767
1 0.8508952895708957 0.3948954704259862 0.1253323606144388 0.14935364474715102
1 0.8223015197006298 0.5414601013193984 0.12371529691210777 0.14771837014004524
1 0.1109026843139346 0.7008262535146568 0.15923613466105585 0.1821319114963739
1 0.5400147762392338 0.8045421823794262 0.1442460517214313 0.1549144400324213
1 0.31470730762706306 0.2650643436709125 0.13325398801910052 0.15284251778268027
1 0.6335366639803326 0.3448632754311662 0.13163692431676957 0.15120724317557438
1 0.43525535436953494 0.7793173963997808 0.14646331614940156 0.17373721463952715
1 0.7546030658949475 0.8442725781600346 0.13837799763774736 0.16556084160399784
1 0.6560936440252487 0.8193388906088126 0.13955855172143128 0.15469611621110388
1 0.601708766705405 0.4944073571103666 0.13007442431676958 0.15113446856846852
1 0.22269335618363345 0.7263785252262783 0.13525299763774729 0.1654152923897861
1 0.4977033129845406 0.4700002084342742 0.1253323606144388 0.149353644747151
1 0.4273065113479273 0.2898717526860871 0.14172125244707065 0.17195639081820957
1 0.7477529314035276 0.3681809590534467 0.12398811542376223 0.15553087014004507
1 0.1430579638028473 0.5419071718354562 0.12700398801910043 0.15255141935425698
1 0.24592750345856107 0.5764341832079957 0.12991073320977706 0.1464469685684687
1 0.5715797786863045 0.6401179633966729 0.1331448606144388 0.14971751778268025
1 0.3298783736068286 0.7493687231165825 0.1464087524470707 0.17217471463952733
1 0.7121824752355927 0.5128556042148824 0.12420637023308564 0.16178087014004525
1 0.35160458458408705 0.597789106491194 0.13347224282842393 0.15909251778268044
1 0.2842782192451429 0.4193686999572188 0.13568950725639412 0.17791529238978615
1 0.4643947612631093 0.6171277655063687 0.13854168874473985 0.17024834160399785
1 0.3929711729660072 0.4439941724546288 0.13670637023308566 0.16236306699689199
1 0.20331593984104818 0.25048595926284367 0.13881450725639413 0.17806084160399788
1 0.17296869701262435 0.4024465655491499 0.15649308057737182 0.19292386228216235