1 0.58359375 0.16484375 0.1265625 0.10625
1 0.58359375 0.28203125 0.13125 0.103125
1 0.26484375 0.50234375 0.1265625 0.096875
1 0.2765625 0.16484375 0.13125 0.103125
1 0.43046875 0.1625 0.13125 0.1
1 0.75 0.84140625 0.159375 0.13125
1 0.75859375 0.3890625 0.134375 0.121875
1 0.26796875 0.73046875 0.134375 0.109375
1 0.27578125 0.39375 0.13125 0.109375
1 0.75546875 0.5 0.153125 0.1203125
1 0.74921875 0.165625 0.146875 0.1125
1 0.746875 0.2703125 0.134375 0.1171875
1 0.4328125 0.39375 0.13125 0.1078125
1 0.75078125 0.7234375 0.146875 0.109375
1 0.43203125 0.503125 0.13125 0.103125
1 0.26796875 0.6125 0.153125 0.115625
1 0.27421875 0.27421875 0.1375 0.1
1 0.584375 0.84375 0.1359375 0.103125
1 0.59609375 0.7328125 0.128125 0.1078125
1 0.58515625 0.39296875 0.13125 0.109375
1 0.75 0.6109375 0.15 0.1203125
1 0.42734375 0.27890625 0.1453125 0.096875
1 0.59296875 0.62265625 0.140625 0.109375
1 0.4296875 0.72734375 0.159375 0.1078125
1 0.5875 0.50546875 0.15 0.1125
1 0.4296875 0.6140625 0.14375 0.1125
1 0.278125 0.8453125 0.159375 0.1109375
1 0.4375 0.84296875 0.171875 0.125