1 0.8328125 0.5921875 0.103125 0.1234375
1 0.71875 0.5921875 0.09921875 0.12890625
1 0.5046875 0.28203125 0.09375 0.1234375
1 0.8328125 0.29375 0.09921875 0.12890625
1 0.83515625 0.44296875 0.09765625 0.1265625
1 0.17421875 0.7546875 0.12734375 0.15546875
1 0.61484375 0.7625 0.11796875 0.13046875
1 0.2828125 0.284375 0.10703125 0.13046875
1 0.61015625 0.2921875 0.10625 0.12890625
1 0.50703125 0.76015625 0.1171875 0.1484375
1 0.83203125 0.75390625 0.11015625 0.14296875
1 0.73046875 0.7515625 0.1140625 0.13046875
1 0.61015625 0.4453125 0.1046875 0.12890625
1 0.2890625 0.75546875 0.10625 0.14296875
1 0.50390625 0.44453125 0.09921875 0.12890625
1 0.39765625 0.284375 0.1125 0.1484375
1 0.7265625 0.290625 0.09765625 0.134375
1 0.17265625 0.59296875 0.10078125 0.13203125
1 0.28046875 0.60390625 0.1046875 0.125
1 0.6109375 0.59453125 0.10703125 0.1265625
1 0.3984375 0.7546875 0.1171875 0.146875
1 0.721875 0.43984375 0.0953125 0.14140625
1 0.3875 0.6015625 0.10625 0.1375
1 0.28515625 0.4421875 0.1046875 0.15546875
1 0.5015625 0.59609375 0.10859375 0.146875
1 0.39609375 0.4421875 0.10859375 0.13984375
1 0.17109375 0.29453125 0.10703125 0.15546875
1 0.1734375 0.45 0.12265625 0.16640625