1 0.51953125 0.39765625 0.103125 0.090625
1 0.27265625 0.47265625 0.115625 0.0578125
1 0.115625 0.53203125 0.121875 0.05
1 0.23359375 0.58671875 0.128125 0.0578125
1 0.378125 0.52890625 0.121875 0.065625
1 0.47734375 0.58828125 0.115625 0.0609375
1 0.5765625 0.64765625 0.121875 0.065625
1 0.58671875 0.8078125 0.109375 0.0609375
1 0.66328125 0.8796875 0.109375 0.0578125
1 0.7375 0.9421875 0.109375 0.0578125
1 0.91953125 0.91015625 0.121875 0.06875
1 0.84296875 0.85234375 0.121875 0.06875
1 0.75 0.784375 0.121875 0.071875
1 0.66953125 0.71953125 0.115625 0.06875