1 0.45703125 0.6046875 0.0984375 0.0859375
1 0.69453125 0.5328125 0.1109375 0.0546875
1 0.8453125 0.47578125 0.1171875 0.046875
1 0.73125 0.425 0.1234375 0.0546875
1 0.59296875 0.4796875 0.1171875 0.0625
1 0.496875 0.42265625 0.1109375 0.059375
1 0.4015625 0.36640625 0.1171875 0.0625
1 0.3921875 0.2140625 0.1046875 0.059375
1 0.31796875 0.1453125 0.1046875 0.0546875
1 0.246875 0.0859375 0.1046875 0.0546875
1 0.07109375 0.11640625 0.1171875 0.065625
1 0.1453125 0.17109375 0.1171875 0.065625
1 0.234375 0.2359375 0.1171875 0.06875
1 0.31171875 0.29765625 0.1109375 0.065625