1 0.60859375 0.5296875 0.08359375 0.0953125
1 0.53828125 0.30078125 0.053125 0.10703125
1 0.48359375 0.1546875 0.046875 0.11328125
1 0.43359375 0.26484375 0.053125 0.11875
1 0.48671875 0.3984375 0.06015625 0.11328125
1 0.43203125 0.49140625 0.05703125 0.10703125
1 0.3765625 0.58359375 0.06015625 0.11328125
1 0.228125 0.5921875 0.05703125 0.1015625
1 0.16171875 0.6640625 0.053125 0.1015625
1 0.103125 0.73203125 0.053125 0.1015625
1 0.13359375 0.9015625 0.06328125 0.11328125
1 0.18671875 0.83046875 0.06328125 0.11328125
1 0.25 0.74375 0.06640625 0.11328125
1 0.31015625 0.66953125 0.06328125 0.10703125