0 0.41287204030958485 0.8843061060629971 0.21744364718563744 0.19458743602799872
0 0.5114985270848181 0.8150935767424965 0.16761024715740264 0.22367495202099902
0 0.2541619821488459 0.6025822967059072 0.12197995776545083 0.13726473734881744
0 0.43910540052234504 0.5547004220639515 0.15916071032569956 0.21264654535327185
0 0.16435602950389253 0.5874652793602715 0.23390310509226264 0.1822874306969986
0 0.21708764540184755 0.7022186700349984 0.1527286998023559 0.2094488200190902
0 0.19981830346376453 0.877918104034044 0.1980411998023559 0.20997607869190782
0 0.30487534271454186 0.6446067120464524 0.18859060509226264 0.18176017202418074
0 0.3432160478491569 0.5098049980505885 0.24327810509226264 0.1823965186982713
0 0.16807110565695998 0.4162988040260897 0.20394258930724712 0.1772544853596351
0 0.25726792647776847 0.17342150803627104 0.1824161998023559 0.20979426535645346
0 0.3257694845679203 0.37982659671386143 0.0999537683452643 0.08079656134627218
0 0.29794426129980256 0.8172993247135432 0.1407299577654509 0.13748291335136287
0 0.4970019295321274 0.6210435847389967 0.15703676820408993 0.22979768268618095
0 0.3349932951477338 0.436222047382225 0.23179457352223148 0.1728942493634531
0 0.3929452191358406 0.7566441827259518 0.21809609456891899 0.17898061736154408
0 0.35307064803268345 0.7030191960534521 0.2123165314288567 0.1601760733609078
0 0.41027255816073904 0.28465100405790644 0.20098418927901224 0.2068874413589988
0 0.2287054977926871 0.4490573073679075 0.2055960945689189 0.1788351666931806
0 0.3911082453030255 0.6002669133911337 0.14547764192396562 0.19218859468490823
0 0.14894459015429312 0.7178431226925442 0.1749677208490433 0.2159533586887262
0 0.2502656244963345 0.8573970660407253 0.19693372611071516 0.21777039735836254
0 0.3911405244539822 0.8144748640594972 0.1939305524755442 0.16620789735836256
0 0.26270179521832093 0.5096499093729981 0.10665879465362353 0.08868178668045382
0 0.2905412849773259 0.8101771680458161 0.1764700366905286 0.16132040268936265