0 0.37589231321614175 0.86328125 0.18470335868872628 0.1625
0 0.48349627522282324 0.8140625 0.12425675469445316 0.2046875
0 0.26700130792491256 0.553125 0.09516814401654469 0.121875
0 0.4554098272597306 0.5421875 0.11789766669318062 0.1953125
0 0.1806643659293669 0.5203125 0.20485222668681727 0.1484375
0 0.214375199912504 0.64453125 0.11161130402608972 0.1921875
0 0.16864343455605055 0.81484375 0.1599578973583625 0.184375
0 0.3093700739179129 0.6046875 0.15650563335454448 0.15625
0 0.3686461712683212 0.47890625 0.2141908640197264 0.1453125
0 0.2123063592855022 0.35234375 0.17358404535327177 0.146875
0 0.3391250399825008 0.12890625 0.14436926002545344 0.1875
0 0.37252624395291123 0.346875 0.08670111600890866 0.065625
0 0.2745848992282321 0.77421875 0.11544428134945388 0.11875
0 0.5006126919160039 0.61875 0.11186584269572605 0.2140625
0 0.3726438752785025 0.40390625 0.2031806386855445 0.1390625
0 0.3774104545671864 0.7328125 0.1892272266868173 0.1484375
0 0.3468695265754588 0.671875 0.18588405068427197 0.1296875
0 0.47109156063018354 0.26875 0.1630465346912715 0.18125
0 0.26648478194622977 0.39609375 0.17362040802036266 0.15
0 0.40030415658818547 0.578125 0.10674199069063524 0.1765625
0 0.14560701857895858 0.64609375 0.13352266669318058 0.1953125
0 0.22110536322409594 0.8046875 0.15694198535963516 0.19375
0 0.36580933589277764 0.78984375 0.16566245735199914 0.1375
0 0.28993082527054836 0.4625 0.09146134134309047 0.071875
0 0.26843489656273206 0.765625 0.14691245735199915 0.1375