0 0.3921875 0.86484375 0.1796875 0.16015625
0 0.4984375 0.8140625 0.11796875 0.203125
0 0.27421875 0.55703125 0.0921875 0.1203125
0 0.4625 0.54296875 0.1125 0.19375
0 0.1875 0.52578125 0.2 0.14453125
0 0.22421875 0.64921875 0.10546875 0.190625
0 0.18359375 0.8203125 0.15390625 0.18125
0 0.31796875 0.6078125 0.1515625 0.15390625
0 0.37421875 0.48125 0.21015625 0.14140625
0 0.2140625 0.35703125 0.16953125 0.14453125
0 0.334375 0.13203125 0.13828125 0.184375
0 0.37421875 0.34921875 0.084375 0.06484375
0 0.28828125 0.778125 0.1125 0.1171875
0 0.51015625 0.61875 0.10546875 0.2125
0 0.37578125 0.40625 0.2 0.13515625
0 0.38984375 0.73515625 0.184375 0.14453125
0 0.3578125 0.67421875 0.18203125 0.12578125
0 0.4703125 0.26953125 0.15859375 0.178125
0 0.26953125 0.4 0.16953125 0.14765625
0 0.40859375 0.5796875 0.10234375 0.175
0 0.15546875 0.65234375 0.128125 0.19375
0 0.2359375 0.809375 0.1515625 0.190625
0 0.38046875 0.7921875 0.16171875 0.13515625
0 0.29453125 0.46640625 0.08984375 0.07109375
0 0.28203125 0.76953125 0.14375 0.13515625