0 0.37109375 0.8953125 0.196875 0.175
0 0.4875 0.83984375 0.128125 0.221875
0 0.24140625 0.5578125 0.1 0.13125
0 0.44765625 0.5421875 0.1234375 0.2125
0 0.14609375 0.5234375 0.21875 0.159375
0 0.18671875 0.65859375 0.115625 0.209375
0 0.1421875 0.84609375 0.16875 0.2
0 0.2890625 0.61328125 0.165625 0.16875
0 0.35078125 0.475 0.23125 0.15625
0 0.17578125 0.3375 0.184375 0.159375
0 0.30625 0.09609375 0.1515625 0.1921875
0 0.35078125 0.3296875 0.09375 0.071875
0 0.25703125 0.80078125 0.1234375 0.128125
0 0.5 0.625 0.115625 0.2328125
0 0.35234375 0.3921875 0.21875 0.1484375
0 0.36796875 0.753125 0.203125 0.159375
0 0.3328125 0.6859375 0.2 0.1375
0 0.45625 0.24140625 0.175 0.196875
0 0.2359375 0.38515625 0.184375 0.1625
0 0.3890625 0.5828125 0.1125 0.1921875
0 0.1109375 0.6625 0.140625 0.2125
0 0.19921875 0.834375 0.165625 0.209375
0 0.3578125 0.815625 0.178125 0.1484375
0 0.2640625 0.4578125 0.0984375 0.078125
0 0.25 0.790625 0.15625 0.1484375