0 0.6617352758921392 0.45881712655125745 0.14963258706427265 0.17596676959604132
0 0.306568577564876 0.7735211018741441 0.3038221200809595 0.20073475204506402
0 0.8347610973525796 0.6400036274091873 0.20358974672063965 0.1338534774344577
0 0.5371435481662338 0.8434913064138554 0.3236432971501809 0.19195078543115898
0 0.6485613257558537 0.7150587663638429 0.2744688127540133 0.17647889812585582
0 0.20833471619034372 0.601112555951637 0.26606981456303547 0.22459814937949715
0 0.8179443323145744 0.4534894658889893 0.14016905585660816 0.20377352084968248
0 0.4275760391211222 0.6041225810244617 0.18739818068726605 0.09281930047485361
0 0.3983124265033946 0.18010841950426376 0.20834584577069998 0.1948364415410805
0 0.38153544154139996 0.3676000593168493 0.1931502137039529 0.11326819279472175
0 0.5976274310259504 0.29558735233636263 0.1697813127540133 0.1734328029821362
0 0.2142760204650723 0.3263027725655422 0.16582415309764628 0.21700094655564542
0 0.6601540072360892 0.17483693164496464 0.22061347241038015 0.13122858260730733
0 0.515587294209505 0.5217526987337235 0.20866675033868418 0.2307284774344577