0 0.37421875 0.45625 0.1375 0.175
0 0.80234375 0.74921875 0.303125 0.1828125
0 0.21640625 0.67265625 0.203125 0.121875
0 0.565625 0.85234375 0.325 0.1703125
0 0.4265625 0.72890625 0.2734375 0.159375
0 0.8765625 0.55078125 0.246875 0.2125
0 0.20625 0.4703125 0.1234375 0.20625
0 0.646875 0.5828125 0.190625 0.078125
0 0.61484375 0.125 0.2 0.1875
0 0.6609375 0.3234375 0.19375 0.1
0 0.41796875 0.2734375 0.159375 0.16875
0 0.834375 0.25859375 0.1484375 0.21875
0 0.33359375 0.15234375 0.221875 0.115625
0 0.540625 0.5046875 0.19375 0.2265625