0 0.63828125 0.4890625 0.1265625 0.1609375
0 0.2421875 0.76015625 0.2796875 0.16875
0 0.784375 0.6890625 0.1875 0.1125
0 0.4609375 0.85546875 0.3015625 0.1578125
0 0.58984375 0.74140625 0.253125 0.146875
0 0.16875 0.57734375 0.2390625 0.196875
0 0.79375 0.50234375 0.1140625 0.190625
0 0.3859375 0.60625 0.1765625 0.071875
0 0.415625 0.1828125 0.184375 0.1734375
0 0.37265625 0.36640625 0.1796875 0.0921875
0 0.59765625 0.3203125 0.1484375 0.15625
0 0.2125 0.30625 0.1375 0.2015625
0 0.67578125 0.2078125 0.2046875 0.1078125
0 0.484375 0.534375 0.1796875 0.209375