0 0.37578125 0.478125 0.134375 0.171875
0 0.7984375 0.7671875 0.2984375 0.1796875
0 0.2203125 0.69140625 0.2 0.1203125
0 0.56484375 0.86953125 0.321875 0.16875
0 0.42734375 0.74765625 0.2703125 0.15625
0 0.875 0.571875 0.25 0.209375
0 0.21015625 0.4921875 0.121875 0.203125
0 0.6453125 0.603125 0.1875 0.0765625
0 0.61328125 0.1515625 0.196875 0.184375
0 0.659375 0.34765625 0.190625 0.0984375
0 0.41953125 0.2984375 0.159375 0.165625
0 0.8296875 0.28359375 0.146875 0.215625
0 0.3359375 0.178125 0.21875 0.115625
0 0.53984375 0.5265625 0.190625 0.2234375