0 0.6183853460168324 0.525 0.17061014427970278 0.1875
0 0.16042282895253238 0.684375 0.32084565790506475 0.2359375
0 0.6993724180718658 0.75625 0.2164484339354164 0.1578125
0 0.3412027648064884 0.83359375 0.3408879279449667 0.23125
0 0.4978099180718658 0.75625 0.2900694724100038 0.2078125
0 0.14404759460403802 0.4890625 0.28809518920807603 0.2515625
0 0.7626239301375832 0.578125 0.16685022721932724 0.2140625
0 0.3424751212445759 0.5734375 0.19310021397248328 0.115625
0 0.49477924274360585 0.171875 0.23096729092165802 0.215625
0 0.3999057084453697 0.33828125 0.20162204210278442 0.1359375
0 0.6283481669755575 0.3515625 0.19097720798203355 0.1890625
0 0.2643352853945445 0.23828125 0.19239586424263583 0.2296875
0 0.7361185161572508 0.26328125 0.2305109339354164 0.1578125
0 0.4573114367610053 0.52890625 0.23680062867060608 0.2484375