0 0.7154287914156938 0.7596662897677094 0.2094139804327085 0.13953760714144484
0 0.5999317311952078 0.7185719111159091 0.19200827488562525 0.12986259821299112
0 0.39031903543177016 0.7922882804355138 0.19026393692972227 0.12202282467404083
0 0.2715495452154159 0.8582115150142384 0.1732582748856251 0.1295353157455871
0 0.24765940995680494 0.7765115016215578 0.13216049620027787 0.10851370373287814
0 0.1118485433155549 0.8022773405023533 0.15436280452090284 0.12295803327818292
0 0.46417672236149243 0.6747792264577545 0.1730400693385418 0.1201603157455871
0 0.7450636996600689 0.6617060766993405 0.19026393692972227 0.12202282467404083
0 0.8805121968102773 0.5843504642795945 0.16835256933854198 0.12007849512873606
0 0.9131077976839579 0.5270834350586012 0.1526912017473613 0.11824325973923262
0 0.8226646356398607 0.5176890697994816 0.16490026101791672 0.10596144805083547
0 0.6183739130909369 0.6649656700443629 0.14455139342673623 0.10404439204448099
0 0.33417944462607585 0.7194041594943513 0.1527639369297223 0.12136825973923263
0 0.19364471039364523 0.7466506777582959 0.19327983415618064 0.1173898717519414
0 0.43051089038951335 0.6437104586008469 0.15872299620027785 0.10897735389503396
0 0.45736498432933975 0.5980667219935276 0.160358231382639 0.11212962743398443
0 0.5774599319926385 0.5759343977232285 0.13027068787965276 0.09442393019392803
0 0.6705566217721524 0.5384810365212985 0.15901393692972227 0.12147735389503396
0 0.7749544874634718 0.485593590092021 0.1509104962002777 0.10884098620028233
0 0.7325494351267705 0.4606248177708867 0.14927526101791672 0.10568871266133187
0 0.623210149507569 0.4907605568138381 0.14455139342673604 0.10404439204448082
0 0.7304972790665969 0.41447652069298596 0.1441149823325695 0.085294392044481
0 0.5999915082650343 0.4473690669601077 0.1347399823325695 0.0851307508107789
0 0.5065675101648954 0.49888492816203767 0.1664627610179167 0.10598872158978559
0 0.4600003282691662 0.5520002455324778 0.14880248233256949 0.08537621266133186
0 0.2861621315557981 0.5997677694784652 0.1335047906531946 0.0991659772718286
0 0.26623018484243 0.6502217370110612 0.15487064437666673 0.07767280681713337
0 0.22177101681440914 0.6799268279204517 0.14887521751493066 0.08850121266133186
0 0.3259863913394439 0.6684592682606493 0.1378286147413889 0.08362279788867966
0 0.0892319269586453 0.6322824403401975 0.12881729065319453 0.09908415665497756
0 0.6915399625778467 0.6107515028360785 0.14600479065319458 0.09938416558343129
0 0.8036412254956244 0.5626879241015527 0.13492182028847247 0.0929432508107789
0 0.05056816404086748 0.6816278754053895 0.08608427678548618 0.07491027110331831
0 0.19802635192052037 0.5919768145277711 0.10821384992375008 0.08622960064862326
0 0.11548660885437452 0.5788125669634031 0.1284899823325695 0.08502165665497756
0 0.03277967201836782 0.6054375223211343 0.06555934403673563 0.06375458279171564
0 0.2820207986338884 0.5426410620921391 0.12245818787965286 0.09428756249917605
0 0.37271918702663154 0.5074905405817837 0.10476154160312508 0.0721125535707225
0 0.385182166225069 0.5428786156628616 0.10625130642076393 0.0690148271096728
0 0.5254980417000342 0.5586144841683922 0.11864220364722229 0.06454551542127547
0 0.6428901359242012 0.31681454220334143 0.1399002610179167 0.10552507142762994
0 0.5284457762168053 0.33122982385996663 0.1369570989738195 0.11328302434972919
0 0.36739786702249966 0.4003229228870319 0.12089568787965285 0.09426028896022594
0 0.2905613036678815 0.47792004301741564 0.15370818787965285 0.0948330332781829
0 0.43318521476204824 0.4616519350618965 0.14418771751493065 0.08841939204448082
0 0.11472550228111071 0.47719551988550235 0.1221672471502084 0.08178756249917604
0 0.1056583203853815 0.5309654021907507 0.14720361474138896 0.08378643912238175
0 0.0612861520730202 0.7584085637169922 0.07663654160312508 0.0716216298696164
0 0.5526950149145481 0.6325565446389734 0.16199346656499997 0.11528190097293471