0 0.2 0.68203125 0.1046875 0.209375
0 0.2703125 0.5671875 0.096875 0.190625
0 0.2390625 0.32578125 0.090625 0.1921875
0 0.19609375 0.1828125 0.103125 0.16875
0 0.2890625 0.175 0.090625 0.125
0 0.2921875 0.0484375 0.1015625 0.096875
0 0.3484375 0.43125 0.09375 0.1703125
0 0.29921875 0.73671875 0.090625 0.190625
0 0.35078125 0.8984375 0.09375 0.1671875
0 0.403125 0.9359375 0.090625 0.128125
0 0.4359375 0.8515625 0.078125 0.165625
0 0.32421875 0.59921875 0.08125 0.140625
0 0.33125 0.28125 0.1 0.146875
0 0.3328125 0.12421875 0.084375 0.19375
0 0.38984375 0.4015625 0.084375 0.15625
0 0.4328125 0.44140625 0.084375 0.159375
0 0.4296875 0.575 0.075 0.1265625
0 0.4484375 0.6828125 0.096875 0.153125
0 0.48125 0.80703125 0.084375 0.146875
0 0.51796875 0.7671875 0.084375 0.146875
0 0.5109375 0.64375 0.0828125 0.140625
0 0.56875 0.77578125 0.059375 0.146875
0 0.5625 0.628125 0.0625 0.1359375
0 0.52890625 0.51484375 0.078125 0.16875
0 0.48203125 0.453125 0.05625 0.153125
0 0.47109375 0.25625 0.0796875 0.1296875
0 0.42109375 0.2234375 0.046875 0.1625
0 0.39921875 0.16953125 0.0625 0.15
0 0.3875 0.28359375 0.059375 0.1390625
0 0.48046875 0.04921875 0.0796875 0.0984375
0 0.36640625 0.68984375 0.075 0.1453125
0 0.3921875 0.82109375 0.071875 0.134375
0 0.4375 0.01171875 0.065625 0.0234375
0 0.49921875 0.16328125 0.071875 0.103125
0 0.53203125 0.07734375 0.0640625 0.1265625
0 0.53203125 0.2640625 0.0765625 0.11875
0 0.54921875 0.36953125 0.05625 0.103125
0 0.509375 0.375 0.0515625 0.10625
0 0.46015625 0.5234375 0.0421875 0.121875
0 0.69296875 0.70234375 0.084375 0.1359375
0 0.70390625 0.5765625 0.09375 0.1296875
0 0.665625 0.38828125 0.078125 0.115625
0 0.60078125 0.2875 0.0671875 0.15625
0 0.5859375 0.44453125 0.0625 0.1453125
0 0.64140625 0.1 0.0625 0.121875
0 0.5859375 0.07734375 0.05625 0.15
0 0.35 0.0078125 0.0640625 0.015625
0 0.375 0.5359375 0.090625 0.159375