0 0.32265625 0.79140625 0.190625 0.096875
0 0.428125 0.7265625 0.175 0.090625
0 0.65078125 0.75546875 0.1765625 0.084375
0 0.78203125 0.7953125 0.15625 0.09375
0 0.7890625 0.71015625 0.115625 0.084375
0 0.928125 0.70703125 0.134375 0.09375
0 0.553125 0.65546875 0.15625 0.0859375
0 0.27265625 0.70078125 0.175 0.08125
0 0.1234375 0.653125 0.153125 0.0875
0 0.07421875 0.6046875 0.1484375 0.084375
0 0.1671875 0.57421875 0.153125 0.071875
0 0.39921875 0.67734375 0.128125 0.075
0 0.69140625 0.67109375 0.134375 0.09375
0 0.8359375 0.66953125 0.178125 0.078125
0 0.58046875 0.6171875 0.14375 0.078125
0 0.54453125 0.578125 0.146875 0.078125
0 0.421875 0.58046875 0.115625 0.06875
0 0.321875 0.56328125 0.140625 0.090625
0 0.2078125 0.5328125 0.1359375 0.078125
0 0.24453125 0.49921875 0.134375 0.0765625
0 0.35859375 0.50546875 0.128125 0.075
0 0.23671875 0.453125 0.134375 0.05625
0 0.371875 0.45859375 0.125 0.05625
0 0.4765625 0.4890625 0.153125 0.071875
0 0.53359375 0.53203125 0.140625 0.053125
0 0.71484375 0.54296875 0.11875 0.0734375
0 0.74453125 0.58828125 0.1484375 0.04375
0 0.79453125 0.60859375 0.1390625 0.05625
0 0.68984375 0.61953125 0.128125 0.0546875
0 0.915625 0.53359375 0.1140625 0.0734375
0 0.315625 0.6390625 0.134375 0.06875
0 0.1953125 0.615625 0.1234375 0.065625
0 0.9640625 0.5734375 0.071875 0.059375
0 0.8 0.51640625 0.09375 0.065625
0 0.87890625 0.48671875 0.115625 0.059375
0 0.96953125 0.49375 0.0609375 0.05
0 0.70703125 0.4859375 0.109375 0.0703125
0 0.61015625 0.4703125 0.09375 0.05
0 0.6046875 0.50703125 0.096875 0.046875
0 0.46875 0.55234375 0.1125 0.0390625
0 0.30390625 0.33828125 0.125 0.078125
0 0.4203125 0.328125 0.11875 0.0875
0 0.59296875 0.36328125 0.10625 0.071875
0 0.68515625 0.4234375 0.14375 0.0625
0 0.540625 0.43671875 0.134375 0.059375
0 0.85859375 0.3859375 0.1109375 0.05625
0 0.87890625 0.43671875 0.1390625 0.0515625
0 0.96796875 0.65390625 0.0640625 0.059375
0 0.45703125 0.63125 0.146875 0.084375