1 0.14921875 0.7359375 0.2046875 0.25625
1 0.58359375 0.09296875 0.1890625 0.1859375
1 0.7453125 0.671875 0.196875 0.2609375
1 0.2140625 0.4890625 0.18203125 0.265625
1 0.8375 0.14140625 0.19296875 0.2703125
1 0.790625 0.41171875 0.2015625 0.275
1 0.6734375 0.90078125 0.203125 0.1984375
1 0.40390625 0.83515625 0.19296875 0.2515625
1 0.27734375 0.2296875 0.19140625 0.26796875
1 0.525 0.315625 0.18671875 0.25859375
1 0.47109375 0.57890625 0.19140625 0.2484375
1 0.9234375 0.94140625 0.153125 0.1171875
1 0.09296875 0.92421875 0.1734375 0.1515625
1 0.0609375 0.1375 0.12109375 0.275
1 0.32890625 0.05 0.1984375 0.1
1 0.95390625 0.7609375 0.0921875 0.26875
1 0.978125 0.48828125 0.04296875 0.21328125
1 0.03515625 0.41015625 0.0703125 0.25625