1 0.7359375 0.14921875 0.25625 0.2046875
1 0.09296875 0.58359375 0.1859375 0.1890625
1 0.671875 0.7453125 0.2609375 0.196875
1 0.4890625 0.2140625 0.265625 0.18125
1 0.14140625 0.8375 0.2703125 0.19375
1 0.41171875 0.790625 0.275 0.2015625
1 0.90078125 0.6734375 0.1984375 0.203125
1 0.83515625 0.40390625 0.2515625 0.19375
1 0.2296875 0.27734375 0.26875 0.190625
1 0.315625 0.525 0.259375 0.1875
1 0.57890625 0.47109375 0.2484375 0.190625
1 0.94140625 0.9234375 0.1171875 0.153125
1 0.92421875 0.09296875 0.1515625 0.1734375
1 0.1375 0.0609375 0.275 0.121875
1 0.05 0.32890625 0.1 0.1984375
1 0.7609375 0.95390625 0.26875 0.0921875
1 0.48828125 0.978125 0.2125 0.04375
1 0.41015625 0.03515625 0.25625 0.0703125