1 0.24149767029846342 0.803204644391219 0.2620574681476203 0.3003562833553712
1 0.5165343235928187 0.12287084972742886 0.22994364718563745 0.20365170171816524
1 0.8075868599304116 0.6669738110565325 0.25598947867096405 0.30315373473485197
1 0.24780306527678791 0.5504038709854706 0.24210898919430762 0.30554175033868425
1 0.7772288998870606 0.15912036747896768 0.2513327997741211 0.24994684757972233
1 0.7922069707078689 0.40291131105653255 0.2647120312876826 0.31918817051050075
1 0.7909964123353684 0.8909458624483856 0.2478437787274336 0.2181082751032289
1 0.5126061018261422 0.86219400243062 0.2507559471009328 0.27561199513876
1 0.24947416816173767 0.2848983796918979 0.25166599971765136 0.3091580732694627
1 0.5112608075960416 0.3398978974434367 0.2448699681476203 0.29945552464894376
1 0.5191012126035998 0.6082384616677879 0.24744893657758915 0.29024429895920323
1 0.9768850785721419 0.9101483582067136 0.046229842855716186 0.1470188421526551
1 0.2271606964656483 0.9511430981455492 0.20279034200867016 0.09771380370890163
1 0.056536239264894796 0.2218240903436331 0.10451798393263578 0.29677318068726616
1 0.2581757920227876 0.0999844691310198 0.22023544724210717 0.14394915309764625
1 0.977371655007558 0.7285265439823622 0.04525668998488399 0.2852624706013579
1 0.9727079998588255 0.45599312471505693 0.05458400028234891 0.2209543091359686
1 0.07002740479579653 0.49357625961093843 0.0981923892225425 0.26840251922187686