1 0.9329867492750841 0.77265625 0.0723871285298145 0.125
1 0.9452009074300698 0.59453125 0.07546666442319179 0.1234375
1 0.11888846001649458 0.5859375 0.06660848997087014 0.0875
1 0.12831127263204917 0.66484375 0.07125052586424747 0.0859375
1 0.7147334720906885 0.3796875 0.11167694906292791 0.1328125
1 0.9649273518741441 0.265625 0.05823370031656907 0.121875
1 0.5654107366721648 0.1953125 0.10698944906292791 0.1328125
1 0.957051352732074 0.42890625 0.06443823620994635 0.1203125
1 0.8883538623654925 0.66875 0.0958246285298145 0.125
1 0.5298560184089071 0.31640625 0.10698944906292791 0.1328125
1 0.621824558063208 0.35078125 0.10708037727617317 0.1359375
1 0.05874526722177285 0.7734375 0.06013116943775674 0.0796875
1 0.35216057891289065 0.22109375 0.11493834138279588 0.1375
1 0.6154619316449648 0.65 0.11020537727617316 0.1359375
1 0.9017895397208079 0.50234375 0.09403480799670091 0.1171875
1 0.4374017454476535 0.271875 0.11020537727617316 0.1359375
1 0.6559077045397113 0.2265625 0.11020537727617316 0.1359375
1 0.4213004061764286 0.58359375 0.11034176959604132 0.140625
1 0.2778542830568904 0.6 0.11383048244902269 0.153125
1 0.04631111487277494 0.690625 0.06330163354437943 0.08125
1 0.9127905388628783 0.3390625 0.09394387978345549 0.1140625
1 0.38670672664303496 0.1078125 0.11512019780928666 0.14375
1 0.344953203352577 0.68359375 0.1185179824490227 0.153125
1 0.4784024816575999 0.1515625 0.10096676959604131 0.140625
1 0.4082678941022347 0.78984375 0.11034176959604132 0.140625
1 0.2704951094624986 0.79921875 0.11668269780928667 0.14375
1 0.4745952392459543 0.68515625 0.10712584138279588 0.1375
1 0.34663903846716676 0.49140625 0.11346676959604132 0.140625
1 0.5448742984962966 0.57890625 0.10101223370266403 0.1421875
1 0.4169572693333439 0.94765625 0.10460859514371953 0.1046875
1 0.744728512140701 0.26171875 0.10909751834239997 0.1515625
1 0.34511101306513775 0.89296875 0.102711126022532 0.146875
1 0.5490209262346883 0.75859375 0.09894962852981451 0.125
1 0.07848580271943875 0.92734375 0.05856866943775674 0.0796875
1 0.21724574049959555 0.69609375 0.07845527210332381 0.11875
1 0.4825571887711007 0.86796875 0.10234741316955046 0.134375
1 0.04072635609728632 0.6140625 0.06531877461060623 0.096875
1 0.14802907607640375 0.81953125 0.06665395407749282 0.0890625
1 0.2792072167469192 0.95625 0.095886813011266 0.0734375
1 0.1362852455141605 0.73984375 0.06968802586424747 0.0859375
1 0.14320677922945974 0.09921875 0.14990437476889076 0.1578125
1 0.2917184870678763 0.04296875 0.14156302586424746 0.0859375
1 0.1776523238983257 0.17734375 0.14512594655564542 0.1546875
1 0.07209706189063878 0.8515625 0.06169366943775674 0.0796875
1 0.25174172710525344 0.4234375 0.13142715940862687 0.1671875
1 0.15680703101182641 0.89375 0.06615384890464333 0.071875
1 0.2019870826738143 0.25390625 0.14677937476889083 0.1578125
1 0.1937747997499379 0.58984375 0.05884145407749282 0.0890625
1 0.2325945735026143 0.3296875 0.12963733887551349 0.159375
1 0.16362768085354182 0.9546875 0.05489810015828454 0.0609375
1 0.3019823856559505 0.09296875 0.10087584138279589 0.1375