1 0.96875 0.7484375 0.0625 0.12265625
1 0.9671875 0.5703125 0.065625 0.1203125
1 0.140625 0.6046875 0.06015625 0.084375
1 0.15703125 0.6828125 0.0640625 0.08203125
1 0.71953125 0.36796875 0.1015625 0.128125
1 0.96796875 0.240625 0.0640625 0.11796875
1 0.5546875 0.1921875 0.09609375 0.128125
1 0.96875 0.40390625 0.0625 0.11796875
1 0.91640625 0.646875 0.08671875 0.1203125
1 0.5296875 0.31484375 0.09609375 0.128125
1 0.62421875 0.34375 0.09609375 0.13046875
1 0.09609375 0.7953125 0.053125 0.0765625
1 0.34453125 0.22890625 0.1046875 0.1328125
1 0.6421875 0.64296875 0.09921875 0.13046875
1 0.915625 0.48046875 0.08515625 0.1125
1 0.43359375 0.275 0.09921875 0.13046875
1 0.64765625 0.21875 0.09921875 0.13046875
1 0.44296875 0.58671875 0.09921875 0.1359375
1 0.30078125 0.6109375 0.1015625 0.1484375
1 0.07734375 0.71328125 0.05703125 0.07890625
1 0.91328125 0.3171875 0.08515625 0.11015625
1 0.36953125 0.1140625 0.103125 0.13828125
1 0.375 0.690625 0.10625 0.1484375
1 0.46484375 0.153125 0.090625 0.1359375
1 0.446875 0.79296875 0.09921875 0.1359375
1 0.309375 0.809375 0.1046875 0.13828125
1 0.50390625 0.68515625 0.09609375 0.1328125
1 0.3609375 0.4984375 0.103125 0.1359375
1 0.565625 0.57578125 0.0890625 0.13828125
1 0.46796875 0.95 0.09609375 0.1
1 0.73984375 0.2484375 0.09765625 0.14609375
1 0.3921875 0.89921875 0.090625 0.14296875
1 0.584375 0.7546875 0.0890625 0.1203125
1 0.128125 0.94765625 0.0515625 0.0765625
1 0.2484375 0.709375 0.06953125 0.11484375
1 0.52734375 0.8671875 0.0921875 0.13046875
1 0.06484375 0.63671875 0.05703125 0.09453125
1 0.1890625 0.8359375 0.06015625 0.08671875
1 0.33125 0.965625 0.090625 0.06875
1 0.17109375 0.75703125 0.0625 0.08203125
1 0.12578125 0.11796875 0.13828125 0.15078125
1 0.26875 0.04765625 0.13359375 0.09453125
1 0.16640625 0.19453125 0.13359375 0.1484375
1 0.115625 0.871875 0.0546875 0.0765625
1 0.26015625 0.4359375 0.11875 0.1609375
1 0.20390625 0.91015625 0.06015625 0.06875
1 0.196875 0.26953125 0.13515625 0.15078125
1 0.21640625 0.6046875 0.0515625 0.08671875
1 0.23359375 0.34375 0.1171875 0.153125
1 0.215625 0.9703125 0.05 0.05859375
1 0.28359375 0.10390625 0.090625 0.1328125