1 0.8582166500156984 0.81956513586032 0.09687997840045384 0.13866870181924576
1 0.9087499072720926 0.6456160595578031 0.09838791469812272 0.13717897642635143
1 0.10804804674247186 0.5019541441279785 0.08307044954451306 0.10058650496239885
1 0.1005777979235982 0.5818599679492961 0.0861408858421822 0.0991695541766104
1 0.7311160137101801 0.3941563751069531 0.1364881154237622 0.15611306699689206
1 0.9737871525475871 0.32435533561265106 0.03114585099579159 0.1324871683207996
1 0.625228145376011 0.18771378412212775 0.13174605172143128 0.15433224317557442
1 0.9472097504633361 0.48236904280858006 0.07327878729346082 0.13288958271265763
1 0.8378719228811893 0.7097556422704608 0.12048116950744614 0.14444782092583353
1 0.5650768406593548 0.3020524199779386 0.13174605172143128 0.1543322431755744
1 0.6468427066312712 0.35050272849777525 0.131855179126093 0.15745724317557439
1 0.02327128657567084 0.6780864586436712 0.04654257315134168 0.09070208271265763
1 0.4134101916551468 0.17807988068852437 0.14133930653075472 0.1610188908182096
1 0.5764284805930703 0.6470545508713508 0.134980179126093 0.1576027923897861
1 0.8856794842212674 0.5468532278786027 0.11552085099579194 0.13641699710451577
1 0.4844741706037545 0.24262822415454907 0.134980179126093 0.15760279238978614
1 0.706321888752589 0.2330754799455173 0.134980179126093 0.15760279238978614
1 0.4027950623515684 0.5490644687778656 0.1367063702330856 0.16236306699689199
1 0.2595088538213807 0.5424784826316045 0.14188494355406328 0.17664389081820958
1 0.027088256538603944 0.5951647967330123 0.05417651307720789 0.09404540653397539
1 0.9303074818590147 0.3856588627009563 0.11384922359113006 0.13321922249741008
1 0.47094492786014863 0.07764867607623853 0.1415575613400783 0.15529735215247706
1 0.3069344361280331 0.6362070579006641 0.14657244355406326 0.17686221463952717
1 0.5500396616180798 0.1295973771738677 0.1288393065307547 0.16043669396136276
1 0.3457836266020535 0.7521745062052531 0.13670637023308566 0.16236306699689199
1 0.2097742047323546 0.7382297843270156 0.14312006134007813 0.16734166542531562
1 0.4317335394860777 0.6584737020286425 0.13190974282842394 0.15901974317557438
1 0.3502553941100667 0.4454343546336765 0.13988593393541643 0.1640711162111037
1 0.523152202370102 0.5645181867271616 0.12733137023308566 0.1619264193542568
1 0.3199874745178025 0.9101518260976291 0.12300596878180672 0.12740587014004526
1 0.7857440047245055 0.28163495037601277 0.1385962524470706 0.17181084160399787
1 0.2622320274203601 0.8442036484712047 0.13062006134007814 0.1667594685684687
1 0.4888069403043843 0.7439531296550671 0.12204366950744613 0.14452059553293922
1 0.015855601459128045 0.8345547824649888 0.03171120291825609 0.09026543507002245
1 0.18086300944901085 0.6280393010762386 0.10140378729346104 0.13419952564056317
1 0.40115811816453295 0.8416329584387834 0.12867561542376219 0.15574919396136266
1 0.03404386742711977 0.5174571736974831 0.06808773485423954 0.10996150496239868
1 0.08652767769051262 0.7385102282883782 0.08474207694917477 0.10378427956950453
1 0.1847593026481036 0.8961707169158387 0.10785219473518963 0.09550089867609231
1 0.0924627083605517 0.6578959290741666 0.0845783858421822 0.09909677956950454
1 0.23531745190676573 0.058970431555365924 0.1762400961864685 0.11794086311073185
1 0.392604162251052 0.025425877378755474 0.15541667549789598 0.05085175475751095
1 0.25288440862285494 0.10677857713108645 0.17340776206571756 0.18591188296032674
1 0.021879912166234014 0.7577739586436711 0.04375982433246803 0.09070208271265763
1 0.2720336795894292 0.362499884203181 0.16274308057737183 0.1932149607105858
1 0.07919383812746612 0.8145098021096958 0.0793998125212045 0.08481595574818712
1 0.2602306279528159 0.18677429218489838 0.17664188947037926 0.18918243217453842
1 0.18080350046333615 0.5180649875940032 0.0752579495445131 0.10022263192686935
1 0.27301831543161137 0.2672965461138398 0.15934526206571756 0.18525691149637397
1 0.07315960373656274 0.8756292386274606 0.0665178666048885 0.07329625889134021
1 0.3913491970974423 0.06099950434322619 0.12667660580511536 0.12199900868645237