1 0.9132888571514066 0.7529917092250717 0.16904683135366624 0.22972826708875882
1 0.8878067870140045 0.8983867772509025 0.1196713054894186 0.1424268438900782
1 0.7910023316828705 0.8230123557015749 0.09458037727617334 0.13857441818411545
1 0.6570532290173035 0.7878143047645028 0.16573997492717538 0.22338733887551337
1 0.47446570104148494 0.8814830513992906 0.105836126022532 0.14983016693047446
1 0.561595976510021 0.8124853473217977 0.102711126022532 0.14973923871722902
1 0.2809991943775674 0.7893734224072576 0.10592705423577735 0.15295516693047445
1 0.2915298659268951 0.6944557275009648 0.10533602084968248 0.13264266693047427
1 0.2644696092629776 0.5975041711536164 0.16537626207419392 0.21088733887551356
1 0.3338440833987301 0.5094753222489731 0.09931334138279597 0.1402733105039836
1 0.23992894734706827 0.4527827045397112 0.0913189849563052 0.1337959899708702
1 0.3056843279884538 0.401608997954936 0.08921091567683304 0.11500052586424747
1 0.09889373653915086 0.7383745267221773 0.1186543747688908 0.16113137978345585
1 0.41444452870073434 0.6728953130777731 0.16918322367353406 0.234415767088759
1 0.49037889139543117 0.6222073397999504 0.23873485721791354 0.31762072367353406
1 0.18797765393184354 0.5215387162181937 0.0955973079967011 0.11986988229073817
1 0.1864221994586393 0.2799733418450144 0.07693823620994644 0.122449313011266
1 0.26424801959604133 0.1330552262473236 0.0683983105039836 0.0972219924781526
1 0.27729960055399594 0.20539322750096484 0.07938127461060622 0.09910274122451138
1 0.3538370199917527 0.2829211824363875 0.09113712852981451 0.1275459899708702
1 0.45408942108710937 0.20806828345260184 0.11305759263643722 0.1297449874635877
1 0.48075487265731975 0.31832382185326163 0.17388744404836293 0.1814726235152495
1 0.6671172361434394 0.5693681816449647 0.08617684389007838 0.11803459765100222
1 0.6671376196878189 0.6506863778048986 0.11217705423577726 0.15313702335696497
1 0.5977163667848251 0.5221271202830513 0.08604045157021041 0.11334709765100222
1 0.5965510203874642 0.4283316561764286 0.09283602084968265 0.1322789540774929
1 0.5359605128656166 0.4957752204413358 0.07813702335696497 0.10999477711788863
1 0.7744787582467632 0.6850948185545563 0.16358644154108043 0.20302937476889085
1 0.7226314502500621 0.5693167058598595 0.09367109514371955 0.10732441818411545
1 0.6720738576136249 0.44411812905853987 0.13288201082055268 0.22087009263643723
1 0.7821535512662765 0.46515439159495225 0.15692726458147632 0.18878501834240002
1 0.3319332762599589 0.22882471582248237 0.07147784639736088 0.09575042069139797
1 0.3775352812745238 0.18371079262380188 0.07616534639736088 0.095886813011266
1 0.4658021594086269 0.15377558854630907 0.06812552586424747 0.0878469924781526
1 0.5644813518076373 0.1860903318823915 0.12137019780928675 0.1471598079967011
1 0.6439044273553156 0.14781143039132344 0.10551787727617316 0.13889266693047428
1 0.5871172182632578 0.10411290617642859 0.10381898495630519 0.13415970282385156
1 0.4946652938109361 0.07083505641385544 0.1506939849563052 0.13552362602253204
1 0.8889324001709198 0.5339832964512325 0.14102947994174037 0.17895537727617317
1 0.7976541823033735 0.5679156787419708 0.10653480799670093 0.120188131037097
1 0.8988061906831508 0.3358724053850058 0.10909751834239997 0.15460859514371963
1 0.8996579853520167 0.2576564771717604 0.07156877461060632 0.09887542069139794
1 0.8381976481258558 0.241460827330045 0.06950616943775678 0.08164245658477523
1 0.7804533442857899 0.2454867492750842 0.06633570533113406 0.07998902837152996
1 0.8183685329238763 0.3124098248227625 0.09288148495630529 0.13384145407749282
1 0.7748231214036785 0.3207140698081976 0.07455738229073816 0.09427884890464337
1 0.8111303459351424 0.3861201094624986 0.07428459765100222 0.08490384890464328
1 0.7039877841775176 0.3047912046062183 0.10116534639736088 0.09661423871722885
1 0.731147329242095 0.3782825289002553 0.08485838479802066 0.07272209765100204
1 0.7291408968722145 0.25558081479363265 0.08071645407749273 0.09133570533113407
1 0.6253770508705652 0.3172433919906636 0.10730769780928676 0.146750631037097
1 0.6537544519659217 0.24448184191152134 0.10111988229073816 0.09505173871722887
1 0.3788574035361321 0.3635119528903586 0.09188127461060622 0.09946645407749281
1 0.39673287681395486 0.44040106182413175 0.11543844655564542 0.15791545157021036
1 0.5030594331613033 0.4130680205204781 0.1547282670887588 0.16686455423577745
1 0.47972357007089494 0.309752803906573 0.15839883636823088 0.18570548244902269
1 0.5871629631821859 0.616263565189344 0.12728522868809905 0.18948370031656908
0 0.21945234514371964 0.09839072123275866 0.1789841210079671 0.1956715158351176
0 0.3651201978092867 0.13324779137016066 0.13065426959604132 0.14430759263643717
0 0.18673706584775288 0.6670103405913731 0.161961757059629 0.2545009465556454
0 0.4896992783050229 0.5182328936400162 0.1406824874635877 0.11337584138279588
0 0.5504619674053279 0.26859895500192965 0.14181909012915472 0.15243834138279597