1 0.246875 0.91171875 0.215625 0.1484375
1 0.1 0.8921875 0.13125 0.10625
1 0.17109375 0.79140625 0.13125 0.0828125
1 0.2015625 0.65546875 0.2109375 0.1453125
1 0.1 0.475 0.140625 0.090625
1 0.171875 0.56015625 0.140625 0.090625
1 0.184375 0.278125 0.14375 0.09375
1 0.28046875 0.284375 0.125 0.09375
1 0.3765625 0.253125 0.196875 0.146875
1 0.46796875 0.31953125 0.13125 0.0875
1 0.5203125 0.22265625 0.1265625 0.08125
1 0.57421875 0.28671875 0.1078125 0.078125
1 0.228125 0.09296875 0.153125 0.103125
1 0.30703125 0.40703125 0.221875 0.1484375
1 0.3609375 0.48125 0.2984375 0.209375
1 0.45 0.1734375 0.1125 0.084375
1 0.6921875 0.1625 0.1171875 0.065625
1 0.8421875 0.234375 0.090625 0.059375
1 0.77109375 0.25 0.09375 0.071875
1 0.69609375 0.33046875 0.121875 0.0796875
1 0.775 0.42734375 0.121875 0.1
1 0.665625 0.459375 0.165625 0.1578125
1 0.42109375 0.65625 0.1125 0.0765625
1 0.33984375 0.66015625 0.14375 0.096875
1 0.46484375 0.584375 0.10625 0.0765625
1 0.559375 0.5796875 0.125 0.08125
1 0.48984375 0.521875 0.1046875 0.06875
1 0.30859375 0.76953125 0.190625 0.146875
1 0.42421875 0.7125 0.1 0.084375
1 0.546875 0.65625 0.2109375 0.1125
1 0.53046875 0.76796875 0.175 0.140625
1 0.75 0.30625 0.090625 0.0625
1 0.796875 0.35 0.090625 0.06875
1 0.8296875 0.4375 0.08125 0.0609375
1 0.8015625 0.5375 0.1375 0.109375
1 0.84375 0.615625 0.1296875 0.09375
1 0.884375 0.5578125 0.1265625 0.09375
1 0.91484375 0.4625 0.121875 0.140625
1 0.46484375 0.878125 0.16875 0.125
1 0.42734375 0.7875 0.1125 0.096875
1 0.66484375 0.8796875 0.146875 0.0953125
1 0.74375 0.87734375 0.09375 0.0625
1 0.75703125 0.81484375 0.075 0.0625
1 0.75078125 0.75703125 0.075 0.059375
1 0.68515625 0.79765625 0.1265625 0.08125
1 0.675 0.7546875 0.0875 0.065625
1 0.6109375 0.79375 0.078125 0.0671875
1 0.68828125 0.6828125 0.0875 0.09375
1 0.615625 0.7125 0.065625 0.0796875
1 0.7390625 0.70625 0.084375 0.071875
1 0.6734375 0.6046875 0.1390625 0.09375
1 0.74609375 0.6296875 0.0859375 0.09375
1 0.61640625 0.35859375 0.090625 0.084375
1 0.5390625 0.3796875 0.1484375 0.1
1 0.57109375 0.4859375 0.153125 0.140625
1 0.67421875 0.45703125 0.171875 0.14375
1 0.37109375 0.57890625 0.1796875 0.109375
0 0.87578125 0.18828125 0.18125 0.1625
0 0.846875 0.3359375 0.134375 0.1171875
0 0.303125 0.17734375 0.240625 0.1375
0 0.46484375 0.4765625 0.1 0.13125
0 0.71796875 0.528125 0.140625 0.128125