1 0.9327237827020893 0.6653887167524314 0.13455243459582142 0.24702308320625016
1 0.9572794347151341 0.8128092306201398 0.08544113056973188 0.15530705547083343
1 0.8688378367679498 0.7661141089448965 0.11264654535327168 0.14945709897381948
1 0.7306020401018134 0.7668018271254173 0.19338856269890775 0.24193684612402783
1 0.5830196101209035 0.9039537221676742 0.12527381468808976 0.1606855397032639
1 0.6460366834420405 0.815601043406077 0.12214881468808994 0.16061280452090293
1 0.3709190521164492 0.8662134135627086 0.1268908586887263 0.1654094072944446
1 0.35419408143694975 0.771318487650903 0.12198518268618094 0.14655030452090295
1 0.29928785809195035 0.6841263057551739 0.19169879336408951 0.23096297853284753
1 0.34026629941117825 0.5812019807170489 0.11735222668681722 0.15112870174736112
1 0.23369812607413296 0.5513852345167709 0.10944882001909004 0.14313436379145833
1 0.28212598806490613 0.4845620636389586 0.10299882535009015 0.1258013934267362
1 0.18265598344999465 0.8633936188254516 0.13949994668999893 0.17507534802388908
1 0.4652673940960865 0.7184500204203129 0.1997840133672712 0.2545823164887501
1 0.5222708247533141 0.6502643712939935 0.27894534937936155 0.345463196047778
1 0.20416571475172338 0.6311448164887501 0.11086586935072644 0.13067073138263902
1 0.13193453672022482 0.3974952086812154 0.09211586935072646 0.1302343202884723
1 0.16364651869827126 0.23655836189159735 0.08088746801399935 0.10497974715020844
1 0.19721354404040722 0.3021658313063891 0.09187951201463566 0.10992182028847228
1 0.2931442093809523 0.357509254368403 0.10783177601845377 0.13841049620027784
1 0.36698969470081655 0.26003614874506975 0.12819882001909005 0.14357077488562506
1 0.4243760280474069 0.3590016320275698 0.19449652936027154 0.2029107137152085
1 0.675785628739633 0.5530835128208687 0.10147268801718105 0.12889002583555573
1 0.7001321954169052 0.6317540266885769 0.1315783586887264 0.1655185100679862
1 0.5958072274029058 0.5262287656706602 0.09983746268299924 0.12260365824437507
1 0.5674180507240428 0.4357485828250004 0.11101132001909005 0.143170731382639
1 0.5293009800684059 0.5160893930454866 0.09198860001590833 0.11929682028847229
1 0.8126685580839961 0.6374974932535771 0.19004538669636234 0.22311411094166686
1 0.7287288154041786 0.5386950109210076 0.10759541868236297 0.11809799620027786
1 0.6439078253898611 0.4312805947928478 0.1620476560311804 0.23339699430041674
1 0.7554993060550429 0.42294337756225764 0.1789260733609078 0.20723453780340292
1 0.2558891100413617 0.3105608659756599 0.0839942866804539 0.1034899823325695
1 0.28648458203372573 0.25503821779927105 0.08869996801399935 0.10516158510611122
1 0.3624380073599533 0.20447647976711836 0.07921588001272664 0.09556837955902786
1 0.4655993700270442 0.2100017407850351 0.1393544960216353 0.162575348023889
1 0.5313147293523173 0.1521723634102088 0.12360222668681722 0.15127417211208344
1 0.4638272373488174 0.12482730698944482 0.12198518268618094 0.14655030452090284
1 0.36531701201463573 0.11628614874506975 0.16582608935390813 0.15538109707395847
1 0.8777924767265881 0.46171754967434103 0.16473630402608955 0.19596972948277797
1 0.8003492767345424 0.5184929201153132 0.12183973201781732 0.13405030452090294
1 0.8294533320337258 0.2676759557345146 0.12847154002227165 0.16700827488562509
1 0.8074868780235442 0.19218499325357707 0.0840306493475449 0.1066149823325695
1 0.7434425593570898 0.1922564220151742 0.079143154678545 0.08931837955902786
1 0.6897635760264078 0.21053299011944504 0.076018154678545 0.08924564437666671
1 0.7450783320337258 0.2657121058107645 0.11102950135263559 0.144733231382639
1 0.7062521893698165 0.28511541603125057 0.08553860534690863 0.10196384992374999
1 0.7607766047103617 0.33949509792697985 0.08388519867918127 0.0941149823325695
1 0.6344317333704529 0.288130006836945 0.11219201201463562 0.1103945989738195
1 0.6812618273790434 0.3524841007767714 0.09315111067790856 0.08495818787965286
1 0.643179477363135 0.2344419623840283 0.09177042401336308 0.10054682028847228
1 0.56294763204168 0.32005084764263936 0.12525563335454457 0.159123039703264
1 0.5682976560311804 0.24285256800736157 0.11217383068109026 0.10883209897381951
1 0.34005611939049735 0.42889459830822946 0.10439769334818116 0.11177526101791671
1 0.37992768873326965 0.4993350380877434 0.13475790268936255 0.1702787452503472
1 0.473795320058861 0.44450402735416705 0.17400221602481705 0.1868129350298613
1 0.42116012137967973 0.3511163968452087 0.1820147106938169 0.204182272985764
1 0.6132861760820871 0.6187981253780561 0.1507647106938169 0.20345492116215294
0 0.11105732069540777 0.21424629758704872 0.20249084269572593 0.2187175516711113
0 0.26018516402768055 0.20990690254479188 0.14714881468808994 0.16119468597979178
0 0.24485544410404064 0.7718977562682641 0.19529650803627108 0.2716607137152085
0 0.4914197194064057 0.5495733870615629 0.1530533693507266 0.1316526563445141
0 0.47671923070495276 0.2930506301277087 0.15975790268936266 0.1708606267092362