1 0.90546875 0.7390625 0.165625 0.240625
1 0.88359375 0.903125 0.11875 0.146875
1 0.771875 0.8234375 0.090625 0.146875
1 0.6203125 0.78984375 0.1625 0.234375
1 0.41953125 0.903125 0.103125 0.15625
1 0.5140625 0.82265625 0.1 0.15625
1 0.2 0.809375 0.103125 0.1609375
1 0.2078125 0.70234375 0.1046875 0.1390625
1 0.17265625 0.59453125 0.1625 0.2203125
1 0.246875 0.49296875 0.096875 0.146875
1 0.1390625 0.434375 0.0890625 0.140625
1 0.21015625 0.37421875 0.0875 0.1203125
1 0.02578125 0.76015625 0.0515625 0.16875
1 0.34375 0.67265625 0.165625 0.246875
1 0.42578125 0.6125 0.234375 0.3328125
1 0.08359375 0.51328125 0.09375 0.125
1 0.071875 0.24296875 0.071875 0.13125
1 0.1515625 0.07578125 0.065625 0.103125
1 0.16953125 0.15546875 0.078125 0.103125
1 0.25859375 0.2390625 0.0875 0.134375
1 0.36640625 0.15078125 0.1125 0.134375
1 0.4015625 0.27265625 0.175 0.1859375
1 0.62109375 0.54453125 0.084375 0.125
1 0.62578125 0.6359375 0.109375 0.1609375
1 0.54140625 0.49609375 0.084375 0.11875
1 0.5359375 0.390625 0.090625 0.1390625
1 0.47109375 0.46875 0.075 0.115625
1 0.746875 0.6703125 0.1625 0.2125
1 0.68359375 0.5421875 0.09375 0.109375
1 0.62109375 0.40546875 0.125 0.234375
1 0.7453125 0.4234375 0.15625 0.196875
1 0.23203125 0.17890625 0.0703125 0.1
1 0.28046875 0.1265625 0.075 0.1
1 0.37734375 0.08984375 0.06875 0.0921875
1 0.4890625 0.12109375 0.1203125 0.153125
1 0.5765625 0.07421875 0.1046875 0.14375
1 0.51171875 0.04921875 0.103125 0.096875
1 0.40625 0.03125 0.15625 0.0625
1 0.8671875 0.49609375 0.140625 0.1875
1 0.7671875 0.5375 0.1078125 0.125
1 0.86953125 0.2734375 0.10625 0.1625
1 0.8671875 0.1859375 0.06875 0.103125
1 0.79765625 0.1703125 0.06875 0.084375
1 0.73359375 0.17734375 0.065625 0.084375
1 0.77890625 0.25078125 0.090625 0.140625
1 0.73046875 0.2625 0.0734375 0.096875
1 0.77421875 0.33359375 0.075 0.0875
1 0.65078125 0.246875 0.1046875 0.096875
1 0.684375 0.32890625 0.0875 0.0734375
1 0.6765625 0.190625 0.08125 0.09375
1 0.56328125 0.2640625 0.1046875 0.15625
1 0.59140625 0.1828125 0.103125 0.096875
1 0.28984375 0.32734375 0.09375 0.103125
1 0.31328125 0.41328125 0.1125 0.165625
1 0.43125 0.37734375 0.15625 0.171875
1 0.4 0.26328125 0.159375 0.1921875
1 0.53515625 0.60078125 0.121875 0.2
0 0.1 0.06953125 0.18125 0.1390625
0 0.2640625 0.07265625 0.13125 0.14375
0 0.08828125 0.6765625 0.153125 0.26875
0 0.42109375 0.49609375 0.146875 0.1125
0 0.478125 0.2140625 0.1421875 0.15625