0 0.5865265241459257 0.7008023795043958 0.40361838441013054 0.25823158304098665
0 0.8933110123201086 0.37367744129084424 0.1983525642579064 0.3122638725471326
0 0.8454478793928526 0.6072738498840817 0.275360733231267 0.32632105536065764
0 0.2723075152486771 0.7302564802655176 0.3508064022046278 0.3403145711779885
0 0.7485197771488563 0.2973484101504743 0.23001905832640723 0.2854758794672148
0 0.7107319811797387 0.5141393207208781 0.3450365632693231 0.3135610701894054
0 0.5617851452101835 0.5205909560824108 0.3330458992388783 0.32555173421985034
0 0.48923898315690495 0.4957236072612744 0.33282572334543536 0.28186540121604475
0 0.40650473760552924 0.4712236729648745 0.35157572334543535 0.28262940517037727
0 0.3571533364266657 0.39565332859236235 0.33225272037968584 0.26780290121604455
0 0.22822984038099842 0.3716189679082279 0.34941104547482604 0.22950440517037735
0 0.34934478950614595 0.22239224212851566 0.3275705375661607 0.19117673421985026
0 0.32457294117930113 0.2925946541817942 0.34727554250907655 0.21537823817418297
0 0.5921079510651328 0.2565430435348407 0.25023871642535306 0.24574221741393626
0 0.5942514298105946 0.3575789615196183 0.27779071345960366 0.23282572334543533
0 0.27411670745374245 0.6090353962731287 0.3284565583264073 0.28948690022746143