0 0.2796875 0.44609375 0.165625 0.3796875
0 0.54765625 0.0640625 0.29375 0.128125
0 0.31328125 0.1359375 0.26875 0.271875
0 0.31640625 0.77109375 0.278125 0.290625
0 0.65703125 0.196875 0.253125 0.171875
0 0.44453125 0.28125 0.246875 0.29375
0 0.46796875 0.43359375 0.265625 0.275
0 0.509375 0.50234375 0.215625 0.290625
0 0.5515625 0.58125 0.209375 0.3109375
0 0.63828125 0.61484375 0.1984375 0.29375
0 0.6890625 0.740625 0.15 0.328125
0 0.815625 0.58671875 0.1109375 0.315625
0 0.75 0.6265625 0.134375 0.328125
0 0.7296875 0.34765625 0.2015625 0.2078125
0 0.62734375 0.36640625 0.178125 0.24375
0 0.4390625 0.74375 0.225 0.284375