1 0.6154321774215367 0.46073557132494425 0.43337769602827725 0.31649871623333753
1 0.2664681385464072 0.45323512607064964 0.23515851984959496 0.3200317406302261
1 0.13167372332597954 0.5515993823171657 0.2633474466519591 0.3344487646343312
1 0.10704825082856953 0.7178920028286704 0.21409650165713906 0.22953400565734067
1 0.18380764991894674 0.8410073159621911 0.3676152998378935 0.29138963192438216
1 0.4288160113770488 0.841288596212812 0.49453351984959504 0.3174228075743759
1 0.7760934257689069 0.803169031900941 0.33919104838564207 0.3065782946885605
1 0.6958707706826737 0.9289072917616942 0.40989303846084474 0.1421854164766117
1 0.7679813269261986 0.6585514234896847 0.4200814834556649 0.36640781264254124
1 0.5567141871414464 0.6979583153730159 0.32636571670644177 0.33305898145684376
1 0.3234308062480343 0.6731572615110732 0.3796748072769824 0.3708589633064715
1 0.47679986290584403 0.5513600504440971 0.47059090570540574 0.3776362041330891