1 0.6186348078689635 0.44796388098727064 0.40953966822512733 0.3134920860067362
1 0.27985813329912423 0.5193362263111848 0.20806807181592352 0.32090404349765966
1 0.14858644916311944 0.6522057816346616 0.2971728983262389 0.33253656326932307
1 0.16087983256043953 0.8223737015966055 0.2887544695529872 0.22733972729976806
1 0.2580997453246179 0.891261669961944 0.4653351502711465 0.21747666007611208
1 0.5536849560970064 0.851136700855168 0.47054989109776424 0.29772659828966386
1 0.8568195673369331 0.7428930149031097 0.2798158067888089 0.3019577253226016
1 0.8206315615813965 0.9062433187065306 0.3495919756031114 0.18751336258693882
1 0.8130791785768599 0.6051410055115696 0.36920555971567526 0.3618367441056819
1 0.6328508022116226 0.6907880509492145 0.29872943325224205 0.3308467292769343
1 0.39903888359371187 0.7187698350181531 0.3489294211519936 0.36725907315515494
1 0.5116666695016736 0.567072025246052 0.4426885115110732 0.37264159292681837