1 0.74140625 0.63046875 0.1109375 0.1046875
1 0.67734375 0.68984375 0.15390625 0.06953125
1 0.64765625 0.76015625 0.12890625 0.10703125
1 0.7421875 0.7421875 0.14609375 0.09609375
1 0.796875 0.76328125 0.13515625 0.0828125
1 0.80703125 0.8296875 0.13203125 0.10703125
1 0.60546875 0.5734375 0.1234375 0.08515625
1 0.4328125 0.58125 0.13828125 0.0890625
1 0.5125 0.53359375 0.10625 0.09453125
1 0.55 0.5515625 0.1203125 0.0921875
1 0.6453125 0.5109375 0.0921875 0.0578125
1 0.61328125 0.453125 0.1203125 0.08515625
1 0.53203125 0.46953125 0.13671875 0.07109375
1 0.41953125 0.49765625 0.1015625 0.0890625
1 0.36015625 0.5203125 0.07265625 0.078125
1 0.425 0.45859375 0.115625 0.05234375
1 0.48125 0.41640625 0.16171875 0.0625