1 0.7567824941030435 0.6789384411476812 0.13356990514873246 0.12252165665497756
1 0.6869929098457069 0.7268889715864905 0.167869310438639 0.09502394805083547
1 0.6508803755742527 0.7902559963432567 0.15112142619541977 0.12907166558343128
1 0.7468376176817448 0.7895895689887027 0.16620039462538863 0.11996940097293454
1 0.7993024650226741 0.8193822090045888 0.15288134727034208 0.10568871266133195
1 0.8024344412745636 0.8865560722351136 0.15424642619541978 0.12912621266133187
1 0.6272777336502872 0.5994128080316541 0.1419438472703419 0.10549779788867966
1 0.454265167879389 0.5768814687471167 0.15637036831702938 0.11199325973923262
1 0.5382005521226083 0.5440065133893853 0.1266828683170294 0.11147506249917623
1 0.5739406310476861 0.5680440312462929 0.13918286831702958 0.1116932508107789
1 0.6732657968609365 0.5448031745085897 0.10418624203690499 0.07362050649282174
1 0.6469693363940625 0.4819077081938098 0.1388188472703419 0.1054432508107789
1 0.5643843495482421 0.4843684606294417 0.152244310438639 0.09475121266133187
1 0.4493508837491091 0.4925064687471167 0.12006884727034209 0.10511596834337489
1 0.38762442847331985 0.504696777189103 0.08956229991529537 0.0905352711033185
1 0.45810425746898475 0.455197383519769 0.12597023677523325 0.07243983603812651
1 0.5186931469738759 0.42347582507778264 0.17384629465362345 0.09044554220663667