1 0.628125 0.25703125 0.10625 0.1125
1 0.68828125 0.321875 0.0703125 0.15625
1 0.759375 0.35234375 0.1078125 0.13125
1 0.74140625 0.25625 0.096875 0.146875
1 0.76328125 0.20078125 0.084375 0.1375
1 0.8296875 0.190625 0.1078125 0.134375
1 0.5703125 0.39453125 0.0859375 0.125
1 0.57890625 0.56953125 0.090625 0.140625
1 0.53046875 0.4890625 0.0953125 0.1078125
1 0.5484375 0.45078125 0.09375 0.121875
1 0.5078125 0.3546875 0.0578125 0.09375
1 0.44921875 0.38671875 0.0859375 0.121875
1 0.465625 0.46875 0.071875 0.1375
1 0.49375 0.58359375 0.090625 0.103125
1 0.5171875 0.64296875 0.078125 0.0734375
1 0.4546875 0.578125 0.053125 0.1171875
1 0.41171875 0.5203125 0.0625 0.1625