1 0.1796875 0.81328125 0.1 0.06875
1 0.21640625 0.83828125 0.06875 0.078125
1 0.275 0.790625 0.0671875 0.078125
1 0.2890625 0.79765625 0.128125 0.0359375
1 0.31015625 0.8171875 0.059375 0.084375
1 0.36796875 0.82890625 0.0953125 0.0625
1 0.3953125 0.79765625 0.1046875 0.059375
1 0.390625 0.7734375 0.1046875 0.0484375
1 0.48046875 0.79765625 0.084375 0.0375
1 0.46640625 0.80234375 0.071875 0.078125
1 0.70390625 0.74921875 0.090625 0.0546875
1 0.69453125 0.8046875 0.0671875 0.0625
1 0.78125 0.8265625 0.103125 0.053125
1 0.85390625 0.8171875 0.09375 0.03125
1 0.8671875 0.78828125 0.1 0.0421875
1 0.825 0.753125 0.071875 0.05
1 0.76484375 0.77421875 0.075 0.05625
1 0.7578125 0.725 0.0875 0.0375
1 0.64296875 0.7765625 0.040625 0.0671875