1 0.3016121619156152 0.8893899153310949 0.11075379353213632 0.08964783175849825
1 0.3407122834669127 0.906351726038201 0.08419129353213632 0.08872024881887342
1 0.3815143458822416 0.851629509703465 0.08427318068726608 0.09028274881887341
1 0.396562813770066 0.856054114875608 0.1297560990500603 0.06535715988879928
1 0.4206963545886689 0.870153820410571 0.07818695499752568 0.09318949400955034
1 0.4768235238559743 0.8697743636944816 0.10565685775648745 0.08167164065150559
1 0.49381295002068465 0.836835378122452 0.11338747060135787 0.08038195916316004
1 0.4825102798488681 0.8146057140573013 0.11133364767057934 0.07095239546082902
1 0.5709553041591275 0.8208135632389947 0.08863977611928178 0.054563503628197195
1 0.5596050463572114 0.8274355854715132 0.088960680687266 0.09044643992586635
1 0.7622177120064721 0.7354738078815171 0.10055992198083885 0.07369544954451293
1 0.7681268752808839 0.7887079352861788 0.08041119629109836 0.07611112141421188
1 0.8526247060135784 0.793998125212045 0.11001680913596878 0.07558533175849824
1 0.9169395115315023 0.771289800709941 0.0948078889641522 0.05321925843752062
1 0.9208524055840371 0.741793273668099 0.10631859905006032 0.06453870435383653
1 0.873530348257091 0.7167461444493387 0.07983798620519025 0.06517362141421187
1 0.8244687285148157 0.7477853241235859 0.08477114767057933 0.07002481252120454
1 0.8049474445936177 0.7026538733979464 0.09192855042954129 0.05779763103285873
1 0.7134017537295863 0.7712004875557643 0.056891809135968606 0.0737301658792493