1 0.17578125 0.815625 0.09375 0.06640625
1 0.21015625 0.83984375 0.065625 0.0734375
1 0.265625 0.79453125 0.0640625 0.07421875
1 0.27890625 0.8015625 0.12265625 0.034375
1 0.2984375 0.81953125 0.05703125 0.08046875
1 0.35390625 0.83046875 0.090625 0.059375
1 0.3796875 0.8015625 0.09921875 0.05546875
1 0.375 0.778125 0.09921875 0.04609375
1 0.46015625 0.80078125 0.0796875 0.03515625
1 0.446875 0.80546875 0.06953125 0.07421875
1 0.671875 0.75546875 0.08671875 0.05234375
1 0.66328125 0.8078125 0.0640625 0.06015625
1 0.74453125 0.82890625 0.09765625 0.05078125
1 0.8140625 0.81953125 0.08828125 0.03046875
1 0.8265625 0.7921875 0.09609375 0.03984375
1 0.78671875 0.75859375 0.0671875 0.0484375
1 0.7296875 0.77890625 0.07109375 0.053125
1 0.72265625 0.73203125 0.08359375 0.03671875
1 0.6140625 0.78046875 0.0390625 0.0640625