0 0.1015625 0.56796875 0.1375 0.1625
1 0.24609375 0.265625 0.278125 0.1453125
0 0.553125 0.83125 0.2328125 0.0953125
1 0.7625 0.41484375 0.140625 0.1203125
1 0.92734375 0.2515625 0.1453125 0.1375
0 0.61171875 0.61875 0.140625 0.190625
0 0.45703125 0.12578125 0.25625 0.115625
1 0.50078125 0.36953125 0.11875 0.1203125
1 0.19765625 0.78203125 0.1125 0.0921875
1 0.16484375 0.08046875 0.109375 0.084375
0 0.2078125 0.42890625 0.125 0.096875
1 0.8296875 0.84296875 0.1609375 0.1171875
0 0.965625 0.4671875 0.06875 0.1
1 0.3484375 0.59609375 0.13125 0.11875
0 0.8609375 0.64765625 0.153125 0.15625
0 0.0265625 0.121875 0.053125 0.134375
0 0.69453125 0.1890625 0.13125 0.159375