0 0.3650226828878873 0.8767804264973857 0.19437603558899424 0.17420569279472176
1 0.68269300254582 0.8212568183550353 0.21528539627312887 0.30434783386094855
0 0.2012812460828483 0.38197272868809906 0.1552445514063251 0.2479781619159093
1 0.6417378083264074 0.29490726702225184 0.15505886760421675 0.16681909012915472
1 0.8350182816346615 0.17411870856333234 0.17645370653952136 0.19397262351524955
0 0.4166834115961679 0.38277802540202904 0.22132053756616057 0.18435358260730733
0 0.859442550454923 0.6586301008832004 0.1828893903416297 0.2753135517284949
1 0.634305946196579 0.552978179796091 0.14798119665368964 0.14632473370266402
1 0.17801081973229485 0.7301003401291547 0.11928319368794008 0.13144387978345584
1 0.8454078612527882 0.9410463407227219 0.11290585969555131 0.11790731855455619
0 0.5192844185534312 0.8133808192129651 0.12923119665368965 0.14577916442319178
1 0.2451453567298018 0.1179389724198929 0.15732170456235506 0.1840520542357774
0 0.6353273463496785 0.08013171318218586 0.1183918557412186 0.10956887978345571
1 0.38649979897204817 0.6378459586298394 0.1499893656270504 0.15730769780928675
0 0.4387826101898429 0.13996003958779402 0.19176037155854947 0.1866147645814764
0 0.8457315830409866 0.41789144061664363 0.18943386760421674 0.16781930047485366