1 0.24140625 0.13125 0.225 0.153125
1 0.553125 0.06484375 0.221875 0.08984375
1 0.64453125 0.10859375 0.1234375 0.10859375
1 0.3609375 0.6140625 0.1265625 0.153125
1 0.234375 0.803125 0.15859375 0.1140625
1 0.4453125 0.84375 0.10234375 0.153125
1 0.35234375 0.73125 0.27109375 0.10859375
1 0.696875 0.74765625 0.13359375 0.11640625
1 0.81015625 0.7921875 0.13046875 0.10546875
1 0.6 0.55703125 0.2109375 0.16640625
1 0.53515625 0.45 0.2359375 0.13984375
1 0.44375 0.3546875 0.20390625 0.16171875
1 0.59296875 0.3515625 0.140625 0.1140625
1 0.709375 0.3859375 0.14765625 0.19609375
0 0.665625 0.65859375 0.3203125 0.1484375
0 0.625 0.8203125 0.32421875 0.24375
0 0.359375 0.87734375 0.17265625 0.20078125
0 0.18125 0.72890625 0.20390625 0.20390625
0 0.28203125 0.53984375 0.32421875 0.2484375
0 0.84296875 0.35703125 0.2359375 0.25390625
0 0.6125 0.1828125 0.31015625 0.2484375
0 0.375 0.16796875 0.22890625 0.1984375
0 0.22890625 0.27109375 0.32734375 0.1828125
0 0.45625 0.5953125 0.165625 0.22734375
1 0.2640625 0.3890625 0.16171875 0.13515625