1 0.27293696598504613 0.12452744572527145 0.2394999466899989 0.1843218475797223
1 0.5897977493236823 0.1020470946390462 0.22939769334818116 0.12133052464894378
1 0.6766977653166826 0.15819527532631233 0.13419428134945371 0.1257104081860289
1 0.3445626865850038 0.6199871099041941 0.14097154002227175 0.17135045680654795
1 0.19953035522759577 0.7898381852098219 0.1686783693507265 0.13688692559888338
1 0.40587980521964157 0.8592819832645141 0.11749767735518084 0.1669971494796016
1 0.32446726790264085 0.7346294640426372 0.28121473201781744 0.14590780076822546
1 0.6653280778962775 0.799396807438488 0.14524086935072641 0.1356586182719372
1 0.7740758218889596 0.8590351582975707 0.14042610001590833 0.12447545680654803
1 0.5879496072565489 0.5967830625268705 0.22714539735836253 0.1961667503386842
1 0.533789913271821 0.4813760685197644 0.2487294960216353 0.17231317051050077
1 0.45217738128582036 0.37391104929788754 0.21926017202418074 0.1895073145630355
1 0.601277952617775 0.3918875226127788 0.15147268801718106 0.13442366689245625
1 0.7140410346117297 0.4423555913596859 0.16648061736154424 0.2164106512886239
0 0.6437354359086861 0.7068031936891066 0.33330449069063517 0.19392257688750725
0 0.5872207118873688 0.8584022780976464 0.346895370703362 0.2831954438047074
0 0.3172985632161417 0.8804366089996829 0.1915715240292714 0.22553334577069997
0 0.15435476257164074 0.7085162641334941 0.2228760680299077 0.23185858887329508
0 0.2736331159293669 0.5349703007682256 0.3485124147039983 0.29309706128367524
0 0.8493972792807298 0.43225133027840934 0.260994233370453 0.28694888059640905
0 0.6375892646403649 0.2272827900256334 0.33444991470399826 0.2923600768875074
0 0.40284209464513737 0.17980252317860573 0.2478397053628168 0.230043783355371
0 0.2471091679662743 0.2615394448207603 0.34464198002863505 0.22887078697341573
0 0.4415558652530492 0.6149078635222388 0.1871749253659985 0.2502876843053107
1 0.270709205283275 0.3831621393028363 0.1751647266868172 0.15752697421940248