0 0.443786910009545 0.060002287900312125 0.17472837468172653 0.11497430262104183
0 0.5737294960216353 0.1460644616279162 0.17498291335136287 0.13684930262104184
0 0.6160448126989075 0.22322572046163142 0.1746556493475449 0.10872430262104178
0 0.7344862773710892 0.2611049673274994 0.15348972135581712 0.16915265634451399
0 0.9097215400222718 0.38199542952409643 0.1805569199554565 0.1542913757593057
0 0.726159988104677 0.7544010256481244 0.1507647106938169 0.20345492116215294
0 0.5130776380887687 0.64214133425309 0.17211245202099903 0.15865156743868064
0 0.4753680054105419 0.5578397226458329 0.188845418682363 0.11998911094166687
0 0.1327237827020893 0.2579189899320138 0.11906017735518085 0.1636650693385418
0 0.15985790002386252 0.17210812329076378 0.16711586935072648 0.13197996466513903
0 0.22419366736949833 0.2612602358479512 0.1748192813494538 0.12278680262104177
0 0.32761865937299817 0.28464122483003446 0.13326812802354437 0.17649237765916673