0 0.4011656851165428 0.059567475188006355 0.16889882213985136 0.10146410835322088
0 0.5413120246795893 0.1289445597626909 0.16815477767481415 0.12482883374611502
0 0.5930679868379741 0.19930840963885638 0.17029763103285872 0.09684938296032675
0 0.7159251334799295 0.22175699028459955 0.1429018065307547 0.16109166542531544
0 0.9094395039446832 0.3188737770928144 0.1811209921106336 0.14161822745980873
0 0.770612699714149 0.7121978997140589 0.13785220798203354 0.19517556699689215
0 0.5446553457231322 0.6280370312266437 0.16266866950744613 0.14641273531769167
0 0.4957515650530932 0.5497151321362664 0.18312501324684388 0.10680657981717356
0 0.11753476269868975 0.29579618941324876 0.1084722428284239 0.15792812406898663
0 0.1340104453681618 0.20738650682442555 0.16023315027015245 0.1213399607105857
0 0.20877732159169718 0.28685137489755613 0.16922620435383653 0.11083910835322089
0 0.3139831767638403 0.2968192262214637 0.12135418874473984 0.16944782092583352