0 0.3765625 0.084375 0.16171875 0.0859375
0 0.51796875 0.15234375 0.15859375 0.109375
0 0.57109375 0.22265625 0.16328125 0.08046875
0 0.69375 0.24453125 0.13046875 0.14765625
0 0.8953125 0.33984375 0.18359375 0.12265625
0 0.75703125 0.73359375 0.12109375 0.1828125
0 0.5296875 0.65078125 0.15078125 0.13203125
0 0.4796875 0.57265625 0.175 0.0890625
0 0.096875 0.321875 0.0953125 0.1484375
0 0.11171875 0.23359375 0.15078125 0.10625
0 0.18828125 0.3125 0.16015625 0.0953125
0 0.29375 0.321875 0.10703125 0.159375