0 0.81171875 0.65234375 0.22421875 0.15703125
0 0.653125 0.70703125 0.10703125 0.26171875
0 0.56953125 0.75859375 0.11015625 0.26328125
0 0.69453125 0.80078125 0.11796875 0.215625
0 0.76640625 0.753125 0.11953125 0.21328125
0 0.85 0.70234375 0.09140625 0.18984375
0 0.47578125 0.86328125 0.14296875 0.13203125
0 0.35546875 0.83671875 0.14140625 0.14921875
0 0.24609375 0.82265625 0.11015625 0.13359375
0 0.33203125 0.73125 0.215625 0.14921875
0 0.15546875 0.68359375 0.15859375 0.19296875
0 0.21640625 0.63359375 0.16875 0.2
0 0.34140625 0.6359375 0.19921875 0.159375
0 0.396875 0.5640625 0.178125 0.134375
0 0.26171875 0.56484375 0.13359375 0.10390625
0 0.18359375 0.48828125 0.19921875 0.16953125
0 0.18828125 0.3734375 0.165625 0.16953125
0 0.31796875 0.4484375 0.14765625 0.17109375
0 0.40234375 0.43203125 0.115625 0.14765625
0 0.3015625 0.334375 0.10234375 0.1125
0 0.19296875 0.28671875 0.11171875 0.15234375
0 0.30234375 0.24921875 0.17265625 0.14375
0 0.42890625 0.35625 0.15625 0.11796875
0 0.47265625 0.45 0.11328125 0.07578125
0 0.59609375 0.34609375 0.18359375 0.16328125
0 0.66015625 0.4734375 0.22890625 0.12265625
0 0.65625 0.5703125 0.17265625 0.15703125
0 0.80703125 0.55078125 0.12109375 0.190625
0 0.8171875 0.4359375 0.08515625 0.13125
0 0.88046875 0.42890625 0.11875 0.18125
0 0.8203125 0.31484375 0.08515625 0.153125
0 0.7078125 0.37890625 0.19296875 0.17265625
0 0.73671875 0.2671875 0.13984375 0.196875
0 0.684375 0.20546875 0.15234375 0.10859375
0 0.57265625 0.28359375 0.1875 0.19609375
0 0.53046875 0.25 0.1625 0.196875
0 0.4640625 0.23046875 0.14140625 0.18671875
0 0.5609375 0.14921875 0.19765625 0.09296875
0 0.403125 0.14140625 0.18125 0.12265625
0 0.41640625 0.21875 0.08515625 0.07890625
0 0.37265625 0.2328125 0.06328125 0.065625
0 0.528125 0.56796875 0.19375 0.165625
0 0.44921875 0.678125 0.109375 0.075
0 0.51171875 0.75234375 0.0875 0.115625
0 0.42421875 0.77578125 0.09765625 0.09296875
0 0.284375 0.5203125 0.08125 0.08515625