0 0.83359375 0.6057934914464947 0.2484375 0.19664083203372584
0 0.68671875 0.685334446093223 0.1515625 0.2783260893539081
0 0.61328125 0.7501049234165871 0.1546875 0.27992495202099904
0 0.74375 0.7711543147676317 0.153125 0.23459427068745367
0 0.80625 0.7125065681094496 0.1546875 0.23304995202099904
0 0.8796875 0.6485173407860854 0.1234375 0.20456132535009014
0 0.5390625 0.8679913100731784 0.1640625 0.15659654002227158
0 0.41640625 0.8618765753898611 0.165625 0.1738022213558171
0 0.30625 0.8652822913749072 0.13125 0.15152723201781731
0 0.375 0.7613947700509067 0.2375 0.18713856269890777
0 0.19296875 0.7428703946928625 0.1890625 0.21938744135899882
0 0.24375 0.6833050380330894 0.2015625 0.22890789202736245
0 0.3671875 0.6659913633831795 0.2234375 0.1947874306969986
0 0.409375 0.5860135093889065 0.1984375 0.16480902936027136
0 0.2765625 0.6086868460375437 0.15 0.12674540802036277
0 0.18671875 0.5459226693586807 0.225 0.20418061203054413
0 0.17109375 0.43167835602322624 0.1921875 0.1975488040260897
0 0.31171875 0.4840959260423162 0.175 0.19578630935708982
0 0.3921875 0.45456351471990664 0.1390625 0.16724313868554463
0 0.27578125 0.37430275537077107 0.1203125 0.12952496268299923
0 0.1609375 0.3448414273551808 0.1359375 0.17033177601845367
0 0.26171875 0.290545373368862 0.1953125 0.17414766669318063
0 0.4046875 0.37580271538827026 0.175 0.14578630935708983
0 0.4640625 0.46086860606299707 0.125 0.09520450668363552
0 0.56796875 0.33864016474376923 0.209375 0.1946237986950896
0 0.653125 0.4536935474219959 0.246875 0.1638101507001803
0 0.66640625 0.5499418387571322 0.196875 0.18666584802672598
0 0.8109375 0.5063111121100858 0.153125 0.21115677068745348
0 0.8015625 0.3913582741088132 0.10625 0.14498633068109026
0 0.8625 0.3740985961170855 0.1484375 0.20016472668681723
0 0.78359375 0.27083668877304057 0.1109375 0.16691587468172656
0 0.68359375 0.3524855834261321 0.2203125 0.2056885680299077
0 0.69296875 0.23775092142740478 0.171875 0.22074994668999892
0 0.63046875 0.18546116808558696 0.16875 0.13477608402290803
0 0.53359375 0.2804276754057694 0.21875 0.22754538669636232
0 0.48671875 0.254100985399406 0.19375 0.2241294853596351
0 0.41796875 0.2454885067234065 0.171875 0.20981244668999893
0 0.49921875 0.1495589360677696 0.2109375 0.12901698002863507
0 0.3421875 0.16804421204645242 0.2 0.15388971069381693
0 0.36875 0.241790794716725 0.096875 0.09331474267981757
0 0.328125 0.2631930800445434 0.0734375 0.07585452267663592
0 0.53984375 0.5680004007399512 0.2203125 0.1994385680299077
0 0.48125 0.6899748507319969 0.1203125 0.09358746268299925
0 0.55546875 0.7525572140754055 0.10625 0.13092383068109043
0 0.4734375 0.7898839440642698 0.1125 0.10912155601527189
0 0.29140625 0.5612033187062254 0.0953125 0.099546561346272