0 0.86796875 0.70625 0.246875 0.175
0 0.6921875 0.7671875 0.11875 0.2890625
0 0.6 0.82421875 0.121875 0.290625
0 0.73828125 0.87109375 0.13125 0.2375
0 0.81796875 0.81796875 0.1328125 0.2359375
0 0.91015625 0.76171875 0.1015625 0.209375
0 0.49609375 0.9328125 0.1578125 0.134375
0 0.36328125 0.9109375 0.15625 0.165625
0 0.2421875 0.89453125 0.121875 0.146875
0 0.33671875 0.79375 0.2375 0.165625
0 0.1421875 0.740625 0.175 0.2125
0 0.209375 0.68515625 0.1875 0.221875
0 0.34765625 0.68828125 0.2203125 0.1765625
0 0.409375 0.60859375 0.196875 0.1484375
0 0.259375 0.609375 0.146875 0.115625
0 0.1734375 0.525 0.2203125 0.1875
0 0.17890625 0.39765625 0.1828125 0.1875
0 0.32109375 0.48125 0.1625 0.1890625
0 0.41484375 0.4625 0.128125 0.1625
0 0.30390625 0.3546875 0.1125 0.125
0 0.18359375 0.3015625 0.1234375 0.16875
0 0.30390625 0.26015625 0.190625 0.159375
0 0.44453125 0.37890625 0.171875 0.13125
0 0.4921875 0.4828125 0.125 0.084375
0 0.62890625 0.3671875 0.203125 0.18125
0 0.70078125 0.50859375 0.253125 0.1359375
0 0.69609375 0.615625 0.190625 0.175
0 0.86328125 0.59375 0.134375 0.2109375
0 0.87421875 0.4671875 0.09375 0.1453125
0 0.9390625 0.459375 0.121875 0.2
0 0.87734375 0.33359375 0.09375 0.16875
0 0.753125 0.40390625 0.2125 0.190625
0 0.784375 0.28046875 0.1546875 0.21875
0 0.72734375 0.2125 0.16875 0.11875
0 0.60390625 0.29921875 0.20625 0.215625
0 0.55625 0.26171875 0.1796875 0.21875
0 0.48359375 0.23984375 0.15625 0.20625
0 0.590625 0.15 0.21875 0.103125
0 0.415625 0.14140625 0.2 0.1359375
0 0.43125 0.22734375 0.09375 0.0875
0 0.38203125 0.2421875 0.0703125 0.071875
0 0.55390625 0.61328125 0.2140625 0.1828125
0 0.4671875 0.73515625 0.121875 0.0828125
0 0.5359375 0.8171875 0.096875 0.128125
0 0.43984375 0.84296875 0.109375 0.103125
0 0.284375 0.56015625 0.090625 0.09375