1 0.7375 0.39296875 0.14140625 0.15234375
1 0.646875 0.55 0.1359375 0.203125
1 0.571875 0.66640625 0.13359375 0.21640625
1 0.48515625 0.7734375 0.13359375 0.203125
1 0.3484375 0.5921875 0.12890625 0.19140625
1 0.2890625 0.3859375 0.12265625 0.19140625
1 0.4890625 0.25625 0.12890625 0.18828125
1 0.65859375 0.27890625 0.1234375 0.1671875
0 0.5796875 0.23203125 0.13125 0.26484375
0 0.3703125 0.32109375 0.1484375 0.2296875
0 0.40859375 0.40859375 0.2171875 0.221875
0 0.4953125 0.53359375 0.21484375 0.1390625
0 0.4078125 0.6953125 0.19375 0.2609375
0 0.59921875 0.3890625 0.20234375 0.18984375
1 0.5328125 0.42265625 0.1375 0.1390625