1 0.7676220383341528 0.44453125 0.17549540815498546 0.178125
1 0.6504609335570147 0.5796875 0.1815922954602888 0.2265625
1 0.5556461902209323 0.67734375 0.18195600831327036 0.2390625
1 0.45113819813849104 0.7640625 0.1800297954602888 0.2265625
1 0.3490659181176085 0.55859375 0.17185358260730732 0.2140625
1 0.32721233551030116 0.34453125 0.1655581185006847 0.2125
1 0.547390791699365 0.259375 0.17176265439406196 0.2109375
1 0.7099877315910929 0.31640625 0.16175115690134448 0.1890625
0 0.6410043993794969 0.2546875 0.19113243151195078 0.2859375
0 0.4188171623116207 0.29765625 0.1996436134861197 0.25625
0 0.4410762587089817 0.39140625 0.26545046991261045 0.2625
0 0.5037617783050229 0.53203125 0.24433633636823107 0.18125
0 0.3890808158477529 0.671875 0.25234271615168674 0.2953125
0 0.6323150241483878 0.4125 0.2441377595669115 0.228125
1 0.56098559342786 0.43125 0.16883623119538155 0.1640625