1 0.5367571685798269 0.2614658450901601 0.1157279515702104 0.11486608656782167
1 0.6682752562016991 0.43619800497895944 0.11081313103709682 0.10688989546082901
1 0.42883701999175267 0.3076463859270002 0.11733591567683313 0.11648315027015244
1 0.7330257294795219 0.5157243030721936 0.11407452335696497 0.1116865228654909
1 0.6094722207040333 0.5878944250345597 0.12514841567683313 0.11675596878180663
1 0.8073330591838352 0.601827983379413 0.10929609514371955 0.10839783175849824
1 0.604010516230829 0.3465427387368907 0.11099498746358769 0.113139895460829
1 0.7160010170222518 0.6548314430907272 0.12055184389007838 0.11971727767481415
1 0.5280834798752332 0.660756516959859 0.12050637978345584 0.11815477767481433
1 0.3254321898252209 0.5358308949126749 0.1250574874635877 0.11363096878180681
1 0.6392543120868291 0.7262947261230189 0.12519387978345584 0.11831846878180681
1 0.21511080377355896 0.4726637176006804 0.11738137978345567 0.11804565027015243
1 0.39818171654739815 0.4611062026245559 0.12831887978345566 0.11842759618646852
1 0.4279183438235714 0.597944003713015 0.115500631037097 0.10705358656782167
1 0.49760740353613214 0.39121534327606156 0.11398359514371954 0.10856152286549073
1 0.505309906439126 0.5218205025318887 0.13139841567683314 0.11697422359113005
1 0.2901358843358023 0.3956771208660578 0.13148934389007838 0.12009922359113023
1 0.5693891268139548 0.47098717802978474 0.11201191818411545 0.09444445916315977