1 0.39765625 0.2609375 0.15625 0.1453125
1 0.55859375 0.35390625 0.209375 0.140625
1 0.67890625 0.43125 0.221875 0.1375
1 0.78828125 0.5203125 0.209375 0.1375
1 0.60234375 0.6609375 0.196875 0.13125
1 0.390625 0.721875 0.196875 0.125
1 0.2578125 0.51640625 0.19375 0.13125
1 0.28125 0.3421875 0.171875 0.128125
0 0.2328125 0.4234375 0.271875 0.134375
0 0.32421875 0.6390625 0.234375 0.153125
0 0.4140625 0.59921875 0.228125 0.2234375
0 0.5421875 0.51015625 0.14375 0.221875
0 0.70859375 0.6 0.26875 0.2
0 0.39375 0.403125 0.1953125 0.209375
1 0.42890625 0.471875 0.14375 0.140625