1 0.4546875 0.2234375 0.125 0.121875
1 0.31484375 0.41171875 0.11875 0.1140625
1 0.5765625 0.278125 0.1265625 0.125
1 0.24609375 0.496875 0.121875 0.11875
1 0.384375 0.58203125 0.134375 0.125
1 0.16640625 0.5890625 0.11875 0.115625
1 0.3828125 0.31484375 0.11875 0.1203125
1 0.26875 0.6515625 0.1296875 0.128125
1 0.47734375 0.66484375 0.1296875 0.1265625
1 0.69765625 0.53515625 0.134375 0.121875
1 0.35625 0.73359375 0.1359375 0.1265625
1 0.81796875 0.46953125 0.1265625 0.1265625
1 0.61484375 0.45 0.1390625 0.1265625
1 0.5859375 0.59921875 0.125 0.1125
1 0.50234375 0.36875 0.121875 0.115625
1 0.4984375 0.5125 0.14375 0.125
1 0.73203125 0.38046875 0.14375 0.128125
1 0.42578125 0.45390625 0.121875 0.1