1 0.5296875 0.24296875 0.1125 0.1109375
1 0.65625 0.41328125 0.1078125 0.103125
1 0.4203125 0.29296875 0.1140625 0.1125
1 0.71875 0.490625 0.1109375 0.1078125
1 0.59296875 0.5671875 0.12109375 0.1125
1 0.790625 0.57421875 0.10703125 0.1046875
1 0.59453125 0.32578125 0.1078125 0.10859375
1 0.69765625 0.63046875 0.1171875 0.115625
1 0.509375 0.64296875 0.1171875 0.1140625
1 0.31015625 0.525 0.12109375 0.11015625
1 0.61875 0.7046875 0.12265625 0.1140625
1 0.2015625 0.465625 0.1140625 0.1140625
1 0.38515625 0.44765625 0.12578125 0.1140625
1 0.4109375 0.58359375 0.1125 0.10234375
1 0.48671875 0.37421875 0.1109375 0.1046875
1 0.490625 0.5046875 0.12890625 0.1125
1 0.27890625 0.3859375 0.12890625 0.115625
1 0.55625 0.4515625 0.109375 0.09140625