1 0.6001482434412793 0.28699862675122184 0.1413354081860289 0.1398547953411587
1 0.6954994442549334 0.4859927267057933 0.13467597241038015 0.13171474672063965
1 0.48344874434579044 0.3050348965389255 0.14306168249628842 0.14306168249628842
1 0.7439170120973293 0.5773480670494264 0.1396091338757696 0.13664790818602893
1 0.6065298767512218 0.6168941666653136 0.1509560696514182 0.14503361827193723
1 0.7998162092929387 0.6776656495911433 0.13475785956551006 0.13327724672063965
1 0.6496746099041941 0.38464491067241974 0.1364841338757694 0.1364841338757694
1 0.6984927267057933 0.7066360973525796 0.14791295680654795 0.1464323439616777
1 0.5109584271807631 0.6664227758921392 0.14626856965141818 0.14478795680654793
1 0.33463718735752845 0.4982449067156908 0.14922979534115868 0.14182673111680727
1 0.6075678335577697 0.7556291180447945 0.15260045680654777 0.14667800542706697
1 0.2381096681356516 0.41060106456303547 0.1447060696514182 0.1447060696514182
1 0.4221914190401628 0.44440061171321654 0.15572545680654795 0.14684177973732634
1 0.42396968226914583 0.5823952566702624 0.13936347241038013 0.13196040818602892
1 0.5352369736535756 0.40124151119281815 0.13788285956550989 0.13344102103089917
1 0.5161704703742153 0.5280153731331773 0.15885045680654777 0.1470055540475858
1 0.3279257626631561 0.3553171002932557 0.15901423111680746 0.150130554047586
1 0.5900273722286661 0.4952681501569701 0.13254026232447202 0.12069535956550989