1 0.52734375 0.23671875 0.1140625 0.1125
1 0.65546875 0.409375 0.109375 0.1046875
1 0.4171875 0.28671875 0.115625 0.1125
1 0.71875 0.48671875 0.1125 0.109375
1 0.5921875 0.56484375 0.121875 0.1125
1 0.79140625 0.57109375 0.1078125 0.10625
1 0.59375 0.32109375 0.109375 0.109375
1 0.69765625 0.62890625 0.11875 0.1171875
1 0.5078125 0.640625 0.11875 0.115625
1 0.30625 0.521875 0.121875 0.1109375
1 0.6171875 0.703125 0.125 0.115625
1 0.19609375 0.46171875 0.115625 0.115625
1 0.38203125 0.44375 0.128125 0.115625
1 0.4078125 0.58125 0.1140625 0.103125
1 0.484375 0.36953125 0.1125 0.10625
1 0.48828125 0.50078125 0.13125 0.1125
1 0.275 0.38125 0.13125 0.1171875
1 0.5546875 0.44765625 0.1109375 0.0921875