1 0.7436805587205431 0.42268363120249486 0.14554995202099902 0.1597073606144388
1 0.6525208514083147 0.5749058409138088 0.14144425469445315 0.20954366950744613
1 0.5765225200906776 0.6878299376484316 0.14004538669636232 0.22355160580511538
1 0.48946851010499515 0.7902158384667382 0.13988175469445316 0.2094891058051152
1 0.35373845341340543 0.6019568919174499 0.13506698535963518 0.19838791469812272
1 0.29585158605186124 0.3922073804847046 0.12881698535963518 0.19816965988879928
1 0.49595048870145303 0.273464848085385 0.13503062269254434 0.1952629146981227
1 0.6657817307049527 0.3051662597882829 0.12852608402290802 0.1731696598887993
0 0.587093109365044 0.2540005746717401 0.1390465080362711 0.27193454210278445
0 0.3771464920432707 0.3317907248570745 0.15583401869827124 0.23815974282842395
0 0.41489248738858836 0.4213542218618496 0.22293061203054396 0.23269348202865067
0 0.5007401754057694 0.5508631617877159 0.2188420013526354 0.14977185462398895
0 0.4127600120941775 0.7078819989036916 0.2015101453691802 0.27099209019601866
0 0.6053265833863612 0.4116047435462141 0.2085044853596351 0.20095240870767306
1 0.5393021413908154 0.44209828619715275 0.1422795013526354 0.1470982332097769