1 0.7734375 0.40078125 0.14375 0.1078125
1 0.6765625 0.98125 0.125 0.0375
1 0.85703125 0.52890625 0.14375 0.10625
1 0.49296875 0.9828125 0.125 0.034375
1 0.6421875 0.69921875 0.140625 0.1
1 0.721875 0.50078125 0.14375 0.103125
1 0.18203125 0.22109375 0.103125 0.0875
1 0.7828125 0.7234375 0.1453125 0.109375
1 0.61484375 0.80703125 0.140625 0.1046875
1 0.14453125 0.5140625 0.146875 0.1125
1 0.14296875 0.140625 0.103125 0.0828125
1 0.265625 0.2015625 0.103125 0.078125
1 0.3875 0.640625 0.165625 0.103125
1 0.34765625 0.35546875 0.165625 0.1125
1 0.3734375 0.50078125 0.1484375 0.115625
1 0.68125 0.5984375 0.15625 0.096875
1 0.0703125 0.59375 0.140625 0.109375
1 0.23125 0.11640625 0.109375 0.078125
1 0.9015625 0.43203125 0.15625 0.10625
1 0.0125 0.53203125 0.025 0.103125
1 0.81640625 0.628125 0.15625 0.0953125
1 0.1265625 0.36640625 0.1484375 0.109375
1 0.26796875 0.58203125 0.1625 0.1046875
1 0.35703125 0.18203125 0.1125 0.078125
1 0.05625 0.4546875 0.1125 0.1015625
1 0.1859375 0.659375 0.146875 0.1140625
1 0.30859375 0.71875 0.1453125 0.109375
1 0.059375 0.15390625 0.103125 0.075
1 0.475 0.421875 0.1625 0.103125
1 0.30859375 0.9828125 0.125 0.034375
1 0.25234375 0.4390625 0.1734375 0.115625
0 0.96953125 0.30703125 0.0609375 0.1296875
1 0.753125 0.8296875 0.165625 0.096875
0 0.815625 0.21015625 0.159375 0.134375
1 0.0140625 0.1703125 0.028125 0.0875
0 0.55078125 0.31953125 0.1625 0.1421875
1 0.2375 0.29375 0.153125 0.09375
1 0.31640625 0.10078125 0.1171875 0.078125
1 0.1 0.2390625 0.096875 0.078125
0 0.89765625 0.17109375 0.159375 0.13125
0 0.72890625 0.24453125 0.171875 0.1375
1 0.03125 0.253125 0.0625 0.084375
0 0.64140625 0.27734375 0.1703125 0.134375
0 0.909375 0.32734375 0.140625 0.096875
1 0.0171875 0.41484375 0.034375 0.1265625