1 0.36953125 0.22890625 0.096875 0.1296875
1 0.9171875 0.315625 0.0828125 0.11171875
1 0.484375 0.15390625 0.09609375 0.1296875
1 0.96875 0.5703125 0.0625 0.1203125
1 0.96875 0.240625 0.0625 0.11875
1 0.9203125 0.48125 0.0828125 0.11171875
1 0.6375 0.346875 0.090625 0.1265625
1 0.459375 0.275 0.09296875 0.1296875
1 0.2078125 0.7609375 0.078125 0.09296875
1 0.97109375 0.4046875 0.0578125 0.115625
1 0.66015625 0.2203125 0.09765625 0.13046875
1 0.73515625 0.37109375 0.09296875 0.125
1 0.471875 0.79375 0.10078125 0.13203125
1 0.1359375 0.7953125 0.075 0.09296875
1 0.18984375 0.68515625 0.06953125 0.09296875
1 0.58515625 0.57578125 0.0921875 0.14765625
1 0.328125 0.61171875 0.1015625 0.14921875
1 0.459375 0.58828125 0.10390625 0.13359375
1 0.54765625 0.31171875 0.0875 0.13984375
1 0.54375 0.865625 0.0984375 0.13203125
1 0.1140625 0.715625 0.07109375 0.09765625
1 0.39765625 0.1140625 0.0953125 0.13984375
1 0.4875 0.95078125 0.09296875 0.0984375
1 0.57421875 0.190625 0.08515625 0.13984375
1 0.33828125 0.81015625 0.09765625 0.13359375
1 0.5328125 0.68359375 0.09453125 0.1453125
1 0.17265625 0.603125 0.07109375 0.1015625
1 0.41875 0.8953125 0.09140625 0.14375
1 0.6015625 0.75703125 0.10234375 0.13203125
1 0.65546875 0.646875 0.0984375 0.13046875
1 0.14765625 0.8703125 0.06875 0.0921875
1 0.97109375 0.746875 0.0578125 0.121875
1 0.38828125 0.49765625 0.0921875 0.146875
1 0.91953125 0.64765625 0.08359375 0.11171875
1 0.40390625 0.69765625 0.1046875 0.15625
0 0.28515625 0.03984375 0.11640625 0.0796875
1 0.75546875 0.24765625 0.0875 0.14921875
0 0.19765625 0.19140625 0.12109375 0.14375
1 0.16171875 0.94609375 0.078125 0.09296875
0 0.29609375 0.4296875 0.128125 0.146875
1 0.3578125 0.965625 0.08984375 0.06796875
1 0.2734375 0.7109375 0.08515625 0.1375
1 0.09921875 0.6390625 0.06953125 0.10546875
1 0.22421875 0.834375 0.07109375 0.08828125
1 0.25546875 0.96875 0.06640625 0.0625
0 0.1625 0.1171875 0.1171875 0.14375
0 0.22890625 0.26875 0.12421875 0.1546875
1 0.2375 0.915625 0.07578125 0.09453125
0 0.25859375 0.34765625 0.121875 0.153125
0 0.30390625 0.10703125 0.0859375 0.125
1 0.38203125 0.94609375 0.1140625 0.1078125