1 0.38152771822650866 0.24396349459997363 0.10367163387576941 0.13363485376405232
1 0.9337287053362099 0.35299752676610785 0.08870837516934209 0.11587435079830274
1 0.49244088478028053 0.17364301882026137 0.10367163387576941 0.1336348537640523
1 0.9821180780749319 0.6097860376405226 0.03576384385013611 0.12285917984777565
1 0.9734994549975255 0.2800985376405227 0.05300109000494899 0.12129667984777566
1 0.9455337437799635 0.5187498607584966 0.08870837516934245 0.11587435079830274
1 0.6556789484388049 0.3728511344473117 0.09725785956550989 0.13025518577927472
1 0.4737871393028363 0.29371809688115114 0.10054663387576941 0.13350751977166347
1 0.24769154454818915 0.769405210493854 0.08303822930778519 0.09693334980971961
1 0.9801832242194024 0.44425653813481425 0.03963355156119519 0.11798067885919247
1 0.671702338873295 0.24721180589213043 0.10375352103089916 0.1351973537640523
1 0.7546044493433162 0.4010490717094612 0.10030097241038013 0.1288200197716634
1 0.5134736748059139 0.8129774328507062 0.10687852103089916 0.1353246877564409
1 0.17761806196104368 0.8008515286689122 0.0799132293077851 0.09680601581733077
1 0.22575126752439617 0.6928917900376186 0.0736632293077851 0.09655134783255334
1 0.6153316666653136 0.5996245400747997 0.09988489258219672 0.15063135277546919
1 0.36018382123329784 0.6250888192008223 0.10942366689245624 0.15413835475263546
1 0.4902055139063516 0.6069993468811511 0.11016729534115868 0.13857702174882985
1 0.5639927374483855 0.33403403216613425 0.0948698439616777 0.14419035178688588
1 0.5891154839418825 0.8877811146756482 0.10531602103089917 0.1352610207602467
1 0.15156681704942637 0.7202726907221906 0.07695200361804462 0.09980368182494193
1 0.4036340123244718 0.13026575053147266 0.1026823439616777 0.14450868676785786
1 0.5373283338964541 0.9597582964634093 0.09890889077317447 0.08048340707318147
1 0.5842089829258297 0.21402262110143888 0.0917448439616777 0.14406301779449712
1 0.3807397399347764 0.8239401546760858 0.10391729534115868 0.13832235376405216
1 0.5686381303692665 0.7053041957022875 0.1013655054270668 0.1491325197716634
1 0.2042646918800842 0.6101602030794803 0.07719766508343388 0.1044911818249421
1 0.46567133988934784 0.9123752549800969 0.09815861827193721 0.14744268577927463
1 0.6412368266603647 0.7815430435348407 0.11000352103089917 0.13545202174883003
1 0.6893700322237173 0.6735833049035472 0.10531602103089917 0.1352610207602467
1 0.1932673954072718 0.8763290311403701 0.07358134215265535 0.09498884783255335
1 0.9890679805509806 0.7864440381348142 0.021864038898038986 0.12423067885919252
1 0.414362308908826 0.5134774985543062 0.09988489258219668 0.15063135277546919
1 0.953473475801282 0.6851242772603994 0.09027087516934244 0.11593801779449713
1 0.4404688647654342 0.7141141685162502 0.11287621551297526 0.16051568874502423
0 0.2872443724558087 0.05146297680547644 0.1198012449116174 0.08439885771838498
1 0.7684478640880656 0.2784392426599883 0.09536116689245606 0.15356535178688588
0 0.2076874265033946 0.1994601250185905 0.12940861827193723 0.14871602570316256
1 0.21130142243106476 0.9521083046006298 0.08303822930778511 0.09578339079874035
0 0.3186127176606818 0.44175239577883724 0.13582239258219672 0.15209569368794007
1 0.40841876187018666 0.9719916996194392 0.0942280348257091 0.05601660076112154
1 0.3106961555840371 0.7220792243340185 0.09158106965141818 0.14093801779449713
1 0.1327105964480685 0.6431053542583438 0.07431832654882314 0.10905134783255335
1 0.2679464908392875 0.8435112139538952 0.07646068068726608 0.0904286818249421
1 0.3062387861804462 0.9732862734788504 0.06890048620519007 0.05342745304229908
0 0.1686415366347314 0.1238088676042167 0.12472111827193717 0.14852502471457935
0 0.2429908406823173 0.27807721494247833 0.13310682835784543 0.1597808596955513
1 0.2854858729060346 0.9253023834215476 0.0799132293077851 0.09680601581733086
0 0.27681364201636977 0.3581931378701718 0.12989994120271575 0.15809102570316255
0 0.309515520126388 0.11941448075980914 0.09248847241038013 0.12850168479069154
1 0.4316139224310648 0.9527151176042168 0.11971271370395295 0.09456976479156651