1 0.35335936605990914 0.21681920306209984 0.1054269490629279 0.13754284946188075
1 0.9013816774218224 0.25917129136083805 0.08925637978345549 0.11806510339082213
1 0.4681553034443546 0.13267318135047815 0.10386444906292791 0.1374700748547749
1 0.9526557062555708 0.5080047435943684 0.06604620031656908 0.12478598428423435
1 0.9528509006996453 0.17953514123700356 0.07068823620994635 0.12344180810555186
1 0.9059602141731297 0.42357839371820294 0.08925637978345584 0.11806510339082213
1 0.6220746106496329 0.3127501714256807 0.09908602084968247 0.1341267510334573
1 0.44351535312778545 0.25553063854640723 0.10073944906292791 0.13732452564056316
1 0.1947509633817069 0.7609780796122859 0.08402331050398351 0.09909677956950454
1 0.9558896695042638 0.3432337682014743 0.06590980799670092 0.12009848428423435
1 0.6437486853393815 0.1845695134439633 0.10547241316955044 0.13910534946188072
1 0.7198983452102267 0.3292591211780117 0.10060305674305994 0.13263702564056318
1 0.4589127517823666 0.7720802837078431 0.10864287727617317 0.1408133986760923
1 0.12258880687607385 0.8010080742356024 0.08089831050398355 0.09895123035529281
1 0.17662074049959556 0.686924149504662 0.0762108105039836 0.0987329065339754
1 0.5708374049227875 0.5452929977281976 0.10128501834239997 0.15607452564056318
1 0.31405019583072963 0.6025041459900053 0.11070548244902279 0.15807367328319835
1 0.4453372997499379 0.5683024662966663 0.11181334138279589 0.14252144789030402
1 0.5323816248353979 0.2849398486378204 0.09632473370266403 0.14648120181924557
1 0.5311083490376574 0.8381547398703149 0.10708037727617317 0.14074062406898663
1 0.10066599426051925 0.7232298306457432 0.07790970282385161 0.10349318114108108
1 0.3809424599499876 0.10006619665195908 0.10418269780928666 0.14840757485477485
1 0.47548282317340984 0.926566576511914 0.09978470282385174 0.10451202564056317
1 0.5578028251519669 0.16204600413833842 0.09476223370266404 0.1464084272121397
1 0.32548648634296046 0.7993598753118409 0.10556334138279588 0.14223034946188057
1 0.5192174174591997 0.6569240105484793 0.10431909012915455 0.1530950748547749
1 0.158672374043975 0.6066202193970381 0.07804609514371963 0.10818068114108108
1 0.4066933707452697 0.8774976838316775 0.10114862602253201 0.15138702564056317
1 0.5882425506078677 0.7247065159251627 0.11020537727617316 0.14088617328319836
1 0.6414932342313894 0.6106589784977753 0.10703491316955063 0.1391781240689866
1 0.1352730118114965 0.8745354654680966 0.07460284639736087 0.09709763192686935
1 0.9529642801538966 0.6850937824694979 0.055154164423191786 0.1258390620344933
1 0.37368727177411937 0.4834780101341944 0.10123955423577743 0.15451202564056316
1 0.9058057868178142 0.5897663198968853 0.09081887978345549 0.11813787799792799
1 0.3905468481797275 0.6816415283311595 0.11401233887551347 0.16446922249741008
0 0.2681445947480082 0.04002778267213109 0.12120506175762476 0.08005556534426218
1 0.7399189916867298 0.20427623780340015 0.09659751834239998 0.1558562018192456
0 0.1808311481923628 0.19364718445085002 0.13088159012915473 0.15433224317557442
1 0.14878393085354183 0.9464639693970381 0.08388691818411553 0.09440927956950454
0 0.2810427821989606 0.42303712386409875 0.13722251834240007 0.1577483416039979
1 0.3460764680005604 0.9497579815981471 0.09409699247815259 0.0699187018192454
1 0.2603365109535667 0.7056505707209457 0.09471676959604132 0.1448459272121397
1 0.0856835034317193 0.6482491013239076 0.07657452335696502 0.1112329065339754
1 0.2113868824237522 0.8327610343270155 0.07607441818411553 0.09404540653397539
1 0.24357359362738099 0.9599934683635809 0.07034124373179385 0.05788958271265798
0 0.1454679612036288 0.12195627502139061 0.12619409012915472 0.1541139193542569
0 0.21300113902116274 0.26782739309452114 0.13432483887551347 0.16541529238978614
1 0.22545173093268414 0.9124656509524041 0.08250627461060622 0.10058650496239849
0 0.24275918369002875 0.3444605136488511 0.13115437476889083 0.1637072431755744
0 0.2873061202165443 0.10052642307831053 0.09435305674305985 0.13234592721213972
1 0.37010500138665525 0.9283538624915593 0.12027905925034225 0.11170809553293921