1 0.22578125 0.628125 0.1375 0.103125
1 0.31796875 0.05 0.11875 0.0875
1 0.146875 0.50625 0.1375 0.1015625
1 0.5875 0.0140625 0.1265625 0.028125
1 0.2390625 0.0140625 0.125 0.028125
1 0.49296875 0.046875 0.11875 0.0875
1 0.35078125 0.34453125 0.134375 0.0953125
1 0.275 0.5328125 0.1375 0.0984375
1 0.78828125 0.7984375 0.0984375 0.0828125
1 0.41171875 0.01171875 0.121875 0.0234375
1 0.21796875 0.32109375 0.1375 0.103125
1 0.3765625 0.2421875 0.13125 0.0984375
1 0.8234375 0.5203125 0.1390625 0.10625
1 0.825 0.875 0.0984375 0.078125
1 0.70859375 0.8171875 0.0984375 0.0734375
1 0.59296875 0.4 0.15625 0.096875
1 0.63046875 0.67109375 0.1578125 0.10625
1 0.60625 0.53359375 0.140625 0.109375
1 0.3140625 0.43984375 0.146875 0.0921875
1 0.8984375 0.44375 0.1390625 0.103125
1 0.740625 0.89765625 0.103125 0.075
1 0.1046875 0.59765625 0.146875 0.1
1 0.96796875 0.503125 0.0625 0.0984375
1 0.1859375 0.41171875 0.146875 0.090625
1 0.83984375 0.66015625 0.140625 0.103125
1 0.70625 0.45625 0.153125 0.1
1 0.621875 0.83515625 0.10625 0.075
1 0.9265625 0.5765625 0.146875 0.096875
1 0.78359375 0.3828125 0.1390625 0.1078125
1 0.66796875 0.3265625 0.1375 0.103125
1 0.90390625 0.86171875 0.096875 0.071875
1 0.77265625 0.01171875 0.1296875 0.0234375
1 0.51015625 0.6078125 0.1546875 0.096875
1 0.66796875 0.04765625 0.11875 0.0875
1 0.72109375 0.59140625 0.165625 0.1109375
0 0.034375 0.7171875 0.06875 0.121875
1 0.24609375 0.22109375 0.1578125 0.0921875
0 0.18671875 0.809375 0.153125 0.128125
1 0.96640625 0.84765625 0.0671875 0.0828125
0 0.43828125 0.7046875 0.1546875 0.134375
1 0.984375 0.640625 0.03125 0.09375
1 0.73515625 0.7296875 0.1453125 0.090625
1 0.66015625 0.9125 0.1109375 0.0734375
1 0.865625 0.78125 0.09375 0.075
1 0.9875 0.7484375 0.025 0.0703125
0 0.10859375 0.84609375 0.153125 0.1234375
0 0.26796875 0.7765625 0.1625 0.13125
1 0.95078125 0.76796875 0.0984375 0.0796875
0 0.3515625 0.7453125 0.1625 0.1296875
0 0.096875 0.69765625 0.13125 0.090625
1 0.9640625 0.6140625 0.071875 0.1203125