1 0.2134149625778467 0.6063765186891394 0.19233688962701406 0.2143601442797028
1 0.5701162914156939 0.7673909520764018 0.23179943313000032 0.23291173683797411
1 0.6290938607542357 0.6521677453603126 0.25131315254479175 0.2663790012659444
1 0.14795100389663135 0.7315377205959053 0.1904834488975696 0.20180558057737183
1 0.44699118199263843 0.581694010336437 0.20011302203583342 0.21307046279135697
1 0.32810932295083267 0.81836314191745 0.244481271085903 0.24116074645662094
1 0.09944795402847192 0.831889895460829 0.19889590805694385 0.226279790921658
1 0.5101756341212493 0.8788045901960186 0.27315178495361125 0.24239081960796263
1 0.6882169004574996 0.5306945386442233 0.24306424145062522 0.2473561827542902
1 0.5101295744694441 0.45566971287617497 0.21421188962701407 0.21512403611233463
1 0.3989329288585064 0.6980804129688423 0.24611650626826406 0.24434031015895172
1 0.15889634242121503 0.32846728429823613 0.18561411094166683 0.19382938947037925
1 0.5650190558520831 0.3481225969042586 0.19186411094166686 0.1940476442797027
1 0.2745647892314923 0.9017187897405318 0.2246038757593057 0.19206848202865068
1 0.0969210596518052 0.43811261360966364 0.1889209488975696 0.20175101687504107
1 0.7393092346136803 0.4183235134164799 0.22584037385944455 0.24519348202865068
1 0.21458525759944425 0.22016620017748526 0.16835387575930572 0.19010418874473983
1 0.7911282673830901 0.3083235200399019 0.21766419794763897 0.2292956635169964
1 0.6177829927818054 0.23111863537884605 0.17892769984750015 0.17486113466105585
1 0.06598410343913176 0.547013898456054 0.13196820687826352 0.21590279691210784
1 0.46729649667843676 0.9418403035355298 0.21551851006798622 0.11631939292894025
1 0.680920732048229 0.1387153697697494 0.183469729482778 0.16877482576804842
1 0.8384961894951735 0.1880035855563313 0.19811411094166687 0.1942658990890261
1 0.037440222930173385 0.657777783665264 0.07488044586034677 0.23118056733052797
1 0.2694020037997221 0.11574408420556892 0.175729964665139 0.17162700725639418
1 0.33649989124253465 0.05475450970346486 0.18325021751493065 0.09226688947037928
1 0.179360191679375 0.02033732576804842 0.15377961664125 0.03347224282842387
1 0.8686025700041318 0.13745051404945213 0.18837412860909736 0.11118058057737183
1 0.14211345839687495 0.07533236061443874 0.1407730832062501 0.1454266058051153
1 0.09859788810840264 0.16451142250267106 0.11366637575930572 0.18819445916315986
1 0.2687220180486801 0.5144816845683886 0.19048344889756963 0.20180558057737183
1 0.3275541170224997 0.40550847785229943 0.1936811840799307 0.20503970798203355
1 0.3840424659963192 0.2964534255827139 0.17140614057694456 0.18708831614940155
1 0.4459086459921873 0.19149559627128648 0.1774379350298613 0.17793157095872497
1 0.5038867597836457 0.08562010770403186 0.1609764804327085 0.14144843393541645