1 0.2546875 0.6578125 0.153125 0.18125
1 0.6421875 0.72265625 0.190625 0.1890625
1 0.67109375 0.59453125 0.203125 0.2203125
1 0.22265625 0.796875 0.153125 0.165625
1 0.47578125 0.57265625 0.1609375 0.175
1 0.41875 0.83515625 0.2015625 0.19375
1 0.184375 0.91015625 0.1875 0.1796875
1 0.615625 0.859375 0.2265625 0.215625
1 0.69765625 0.46015625 0.196875 0.2
1 0.50546875 0.43359375 0.178125 0.1734375
1 0.45859375 0.69921875 0.203125 0.196875
1 0.1328125 0.40234375 0.15 0.159375
1 0.53203125 0.315625 0.1578125 0.15625
1 0.38671875 0.928125 0.1953125 0.14375
1 0.09921875 0.52421875 0.153125 0.165625
1 0.71875 0.3375 0.18125 0.203125
1 0.159375 0.28125 0.1328125 0.159375
1 0.7421875 0.2171875 0.1765625 0.1890625
1 0.5546875 0.1875 0.146875 0.140625
1 0.071875 0.6453125 0.14375 0.184375
1 0.5921875 0.9421875 0.190625 0.115625
1 0.59296875 0.08046875 0.15625 0.13125
1 0.759375 0.0875 0.165625 0.15625
1 0.05546875 0.76484375 0.1109375 0.209375
1 0.18671875 0.165625 0.146875 0.1375
1 0.23046875 0.05859375 0.1609375 0.1171875
1 0.06640625 0.04921875 0.1328125 0.096875
1 0.03671875 0.9015625 0.0734375 0.196875
1 0.77421875 0.03203125 0.1765625 0.0625
1 0.04921875 0.13125 0.0984375 0.178125
1 0.034375 0.25703125 0.06875 0.1734375
1 0.2859375 0.55390625 0.153125 0.165625
1 0.315625 0.43203125 0.15625 0.16875
1 0.34375 0.31171875 0.1359375 0.15625
1 0.37734375 0.19296875 0.146875 0.14375
1 0.40625 0.0671875 0.1328125 0.128125