1 0.553125 0.25546875 0.065625 0.09375
1 0.6390625 0.38359375 0.059375 0.096875
1 0.64296875 0.475 0.065625 0.0890625
1 0.62734375 0.53984375 0.065625 0.084375
1 0.6296875 0.61484375 0.06875 0.08125
1 0.58515625 0.653125 0.065625 0.096875
1 0.5875 0.58359375 0.065625 0.078125
1 0.53359375 0.65 0.059375 0.090625
1 0.478125 0.69453125 0.065625 0.0828125
1 0.41953125 0.70078125 0.065625 0.09375
1 0.37734375 0.621875 0.06875 0.0828125
1 0.434375 0.621875 0.053125 0.090625
1 0.4875 0.62265625 0.06875 0.084375
1 0.5328125 0.57578125 0.06875 0.0875
1 0.55625 0.51328125 0.065625 0.08125
1 0.59140625 0.46328125 0.059375 0.0875
1 0.5859375 0.38828125 0.05625 0.078125
1 0.5578125 0.328125 0.059375 0.084375
1 0.509375 0.30078125 0.065625 0.0890625
1 0.51484375 0.371875 0.0625 0.090625
1 0.54296875 0.42578125 0.06875 0.09375
1 0.5046875 0.48046875 0.06875 0.0890625
1 0.48359375 0.55234375 0.0625 0.0875
1 0.43359375 0.55546875 0.059375 0.0890625
1 0.3640625 0.55234375 0.0625 0.090625
1 0.39609375 0.48828125 0.075 0.084375
1 0.446875 0.475 0.075 0.090625
1 0.36875 0.4296875 0.06875 0.084375
1 0.4171875 0.39375 0.065625 0.0890625
1 0.475 0.4046875 0.065625 0.0828125
1 0.46015625 0.33828125 0.06875 0.09375