1 0.7472108000555906 0.4207622612943444 0.09371493882958326 0.06938135277546902
1 0.6178850163362503 0.3407948714841873 0.09822060087368065 0.06175985376405233
1 0.5279503473582989 0.3405494737653648 0.08899107123840296 0.06762785178688588
1 0.46347027327010454 0.3588166541074321 0.08586607123840295 0.06750051779449713
1 0.38919697188333363 0.35949708642666567 0.08125130642076392 0.07043451680591399
1 0.35271526443638923 0.4047750943353311 0.09836607123840287 0.06800985376405233
1 0.4214107130496184 0.3996299965027778 0.07965243882958344 0.06880834980971962
1 0.35704039494534767 0.4562102603429423 0.09200696846486114 0.06306768577927464
1 0.3145632606366671 0.5126804362363853 0.08277743882958336 0.06893568380210838
1 0.3088776115103477 0.5707794377192601 0.09367857123840287 0.0678188527754692
1 0.38874760267663244 0.6089705044114433 0.08281380642076393 0.07049818380210837
1 0.38743836939413245 0.5527205044114433 0.09186149810013892 0.05681768577927464
1 0.3854388050895838 0.5004085879095405 0.08593880642076393 0.07062551779449713
1 0.43049607874093787 0.45399916152180586 0.0875376740119446 0.07225168479069169
1 0.4924505648732295 0.4280149816740302 0.08121493882958344 0.068872016805914
1 0.540851044071667 0.3908532212939069 0.08728310087368066 0.061314184790691506
1 0.6151970806407989 0.39329778897467327 0.07943423328249999 0.059433349809719524
1 0.675226697282049 0.41900344311928645 0.08575696846486114 0.06281301779449713
1 0.702898408813056 0.4655773541839817 0.08902743882958326 0.06919035178688589
1 0.6332398722439241 0.46294178551463216 0.09207970364722229 0.06619268577927465
1 0.5786971893982643 0.4377945468833387 0.09375130642076393 0.07094385277546919
1 0.5256637615865977 0.4774910582520452 0.08906380642076392 0.07075285178688588
1 0.4550609740675352 0.50148165657889 0.08735583605604162 0.06443918479069151
1 0.4530815531897227 0.5508277405712787 0.08888196846486114 0.06294035178688588
1 0.45780672720166715 0.61945040657889 0.09204333605604162 0.06463018577927464
1 0.5203424415824658 0.5848406432330171 0.08612064437666689 0.07843801779449713
1 0.5324599286646879 0.5342994737653648 0.09237064437666671 0.07869268577927464
1 0.5795726244281255 0.6097968808757275 0.08593880642076393 0.07062551779449713
1 0.6136196628971186 0.5607081234613537 0.08899107123840277 0.06762785178688588
1 0.6013547458190283 0.5041225424347144 0.08277743882958344 0.06893568380210838
1 0.6673070541396532 0.5155110285945499 0.09375130642076393 0.07094385277546919