1 0.7266049692583996 0.38064659726389954 0.10203519867214013 0.08538835475263547
1 0.5864021500747547 0.3246260434232976 0.10511474687674198 0.07770318874502422
1 0.49740782776785186 0.3399738122063779 0.0988920179539809 0.0821360207602467
1 0.43662486387220534 0.36901932505795915 0.09420451795398091 0.08194501977166357
1 0.36325099638576275 0.3829491738790956 0.09108860831306043 0.08338018577927472
1 0.3338498426967707 0.433377596806789 0.10671360831306043 0.0840168557412186
1 0.4009555294650541 0.4165774159704302 0.0879545179539809 0.08169035178688588
1 0.3458640293668583 0.48368134433533105 0.10042724687674198 0.07751218775644109
1 0.3126248033709634 0.5459876847535104 0.0926420179539809 0.0818813527754692
1 0.316090691836449 0.6044541007611217 0.10202610831306051 0.08382585475263546
1 0.40140602312034235 0.6283279994685274 0.09265110831306042 0.0834438527754692
1 0.39170831537301587 0.5732412514456937 0.09883747579950315 0.07276102076024671
1 0.38125208352338846 0.5220925869209573 0.09422269867214013 0.0850700197716634
1 0.4184475564942213 0.4682208290122919 0.09735678903121983 0.08675985376405233
1 0.47606461377400955 0.43227140015309934 0.0910795179539809 0.08181768577927469
1 0.5180021288993201 0.38758364125585076 0.09573065651766229 0.07575868676785795
1 0.5921754271039219 0.3767469589366172 0.08633747579950324 0.07225168479069151
1 0.6555566710537978 0.3913559455907444 0.09261474687674198 0.07719385277546902
1 0.6901816559284872 0.43292402167446775 0.0989011083130606 0.08369852076024667
1 0.6206867673648058 0.4420072030051182 0.1004454275949012 0.08063718775644091
1 0.5627742734149299 0.42717538186431064 0.10360678903121964 0.08701452174882984
1 0.5161674390077786 0.4751791417501424 0.09891019867214013 0.0852610207602467
1 0.4499520865484506 0.510697489088404 0.09574883723582168 0.07888368676785795
1 0.45570718285945855 0.5596934046017237 0.09730224687674198 0.07738485376405216
1 0.4717230682998821 0.6262442346397797 0.10043633723582168 0.07907468775644108
1 0.5277276286047325 0.5817647227767816 0.0958306504675381 0.09294618676785796
1 0.5321151467551051 0.5300112217881985 0.10208065046753809 0.09320085475263547
1 0.5903230773750685 0.595624292929006 0.09422269867214013 0.0850700197716634
1 0.6165765051663614 0.5414169539937014 0.0988920179539809 0.0821360207602467
1 0.5959503877781146 0.48833837494422844 0.0926420179539809 0.0818813527754692
1 0.662370273316734 0.48797627760596674 0.10360678903121964 0.08701452174882984