1 0.73671875 0.45078125 0.0921875 0.065625
1 0.609375 0.365625 0.096875 0.0578125
1 0.51953125 0.36171875 0.08828125 0.0640625
1 0.4546875 0.37734375 0.08359375 0.0640625
1 0.38046875 0.375 0.0796875 0.0671875
1 0.34296875 0.41875 0.096875 0.0640625
1 0.41171875 0.41640625 0.07734375 0.065625
1 0.34609375 0.4703125 0.090625 0.059375
1 0.30234375 0.525 0.08203125 0.065625
1 0.2953125 0.5828125 0.0921875 0.0640625
1 0.37421875 0.62421875 0.08203125 0.0671875
1 0.37421875 0.56796875 0.090625 0.053125
1 0.3734375 0.515625 0.08359375 0.0671875
1 0.41953125 0.47109375 0.0859375 0.06875
1 0.48203125 0.44765625 0.0796875 0.065625
1 0.53125 0.4125 0.0859375 0.0578125
1 0.60546875 0.41796875 0.07734375 0.05625
1 0.66484375 0.44609375 0.08359375 0.059375
1 0.69140625 0.49375 0.08828125 0.065625
1 0.621875 0.48828125 0.090625 0.0625
1 0.56796875 0.4609375 0.0921875 0.0671875
1 0.5140625 0.4984375 0.08828125 0.0671875
1 0.44296875 0.51953125 0.0859375 0.0609375
1 0.43984375 0.56875 0.08828125 0.059375
1 0.44296875 0.6375 0.090625 0.0609375
1 0.50625 0.60546875 0.08359375 0.075
1 0.51953125 0.55546875 0.090625 0.075
1 0.56484375 0.6328125 0.08359375 0.0671875
1 0.6 0.58515625 0.08828125 0.0640625
1 0.5890625 0.528125 0.08203125 0.065625
1 0.6546875 0.5421875 0.0921875 0.0671875