1 0.6509737590451115 0.21245907299725725 0.11864818068726599 0.09281254631872757
1 0.6048490315463487 0.16918426199622125 0.1219369549975255 0.0960830955329393
1 0.5509039964934971 0.5295995312266436 0.16379026232447186 0.12141273531769166
1 0.6526048580951718 0.27346934760436314 0.13320200361804452 0.10284251778268025
1 0.6259471828349726 0.33266456513937437 0.13172139077317446 0.10433224317557448
1 0.5611310883074682 0.3959865105484792 0.13451884215265544 0.09822779238978611
1 0.3806579370188442 0.2399292173301235 0.12177318068726617 0.0929580955329393
1 0.4205968622790433 0.18011541563471245 0.1188119549975255 0.09593754631872757
1 0.5442987924004825 0.46333883044085533 0.12802318068726598 0.09324919396136266
1 0.5202726356847917 0.15432770347638464 0.12678822930778502 0.09942641935425689
1 0.3739000039567289 0.3052460022763116 0.11897572930778519 0.09906254631872757
1 0.5845087918346558 0.6627373629058442 0.1755466338757694 0.13754715756743252