1 0.68125 0.2703125 0.10390625 0.07109375
1 0.64609375 0.21796875 0.10546875 0.07265625
1 0.5125 0.55703125 0.14375 0.08984375
1 0.66875 0.3296875 0.11640625 0.078125
1 0.6296875 0.38203125 0.11484375 0.0796875
1 0.55234375 0.42890625 0.11796875 0.0734375
1 0.41171875 0.2375 0.10703125 0.0703125
1 0.4640625 0.18828125 0.10234375 0.07421875
1 0.5203125 0.490625 0.11328125 0.06953125
1 0.56640625 0.18515625 0.11015625 0.07578125
1 0.38984375 0.3 0.10234375 0.0765625
1 0.51484375 0.69375 0.153125 0.1046875