0 0.68515625 0.73671875 0.09921875 0.134375
0 0.66484375 0.6578125 0.10390625 0.10859375
0 0.66875 0.62109375 0.11171875 0.09609375
0 0.65546875 0.575 0.09921875 0.0828125
0 0.665625 0.53828125 0.09609375 0.11484375
0 0.684375 0.4421875 0.09765625 0.10546875
0 0.70625 0.3640625 0.05078125 0.12109375
0 0.61953125 0.496875 0.0625 0.140625
0 0.59921875 0.53515625 0.04453125 0.12421875
0 0.58203125 0.6265625 0.0703125 0.134375
0 0.5609375 0.66328125 0.071875 0.12421875
0 0.52890625 0.80859375 0.10859375 0.13125
0 0.25703125 0.81484375 0.0875 0.153125
0 0.41796875 0.68046875 0.075 0.15
0 0.44765625 0.66796875 0.06875 0.14375
0 0.4859375 0.66484375 0.0640625 0.159375
0 0.46640625 0.571875 0.11328125 0.09296875
0 0.37578125 0.4984375 0.075 0.159375
0 0.4078125 0.45859375 0.0734375 0.14375
0 0.51328125 0.46015625 0.09921875 0.09609375
0 0.5125 0.5109375 0.09609375 0.10234375
0 0.54765625 0.5859375 0.08984375 0.11484375