0 0.8125 0.678125 0.15 0.1109375
0 0.725 0.6546875 0.121875 0.115625
0 0.68359375 0.659375 0.10625 0.125
0 0.63203125 0.6453125 0.09375 0.109375
0 0.59140625 0.65546875 0.128125 0.10625
0 0.48359375 0.67734375 0.11875 0.109375
0 0.39609375 0.70078125 0.1359375 0.05625
0 0.54453125 0.6046875 0.15625 0.06875
0 0.5875 0.58203125 0.1390625 0.05
0 0.6890625 0.56328125 0.15 0.078125
0 0.73046875 0.5390625 0.1390625 0.0796875
0 0.89296875 0.50390625 0.146875 0.121875
0 0.9 0.20078125 0.171875 0.096875
0 0.75 0.3796875 0.16875 0.084375
0 0.7359375 0.4125 0.1609375 0.0765625
0 0.73203125 0.45546875 0.178125 0.071875
0 0.62890625 0.434375 0.103125 0.1265625
0 0.54609375 0.3328125 0.178125 0.084375
0 0.5015625 0.36953125 0.1609375 0.08125
0 0.50390625 0.48671875 0.10625 0.109375
0 0.5609375 0.4859375 0.1140625 0.10625
0 0.64453125 0.525 0.128125 0.1