0 0.740625 0.68828125 0.134375 0.1
0 0.6609375 0.6671875 0.109375 0.1046875
0 0.62421875 0.67109375 0.096875 0.1125
0 0.57734375 0.65859375 0.084375 0.1
0 0.540625 0.66796875 0.115625 0.096875
0 0.44375 0.6875 0.10625 0.0984375
0 0.36484375 0.709375 0.121875 0.0515625
0 0.4984375 0.621875 0.1421875 0.0625
0 0.53671875 0.6015625 0.125 0.0453125
0 0.62890625 0.584375 0.134375 0.071875
0 0.66640625 0.5625 0.125 0.071875
0 0.81328125 0.53046875 0.13125 0.109375
0 0.81953125 0.25703125 0.1546875 0.0875
0 0.68359375 0.41875 0.1515625 0.075
0 0.67109375 0.4484375 0.1453125 0.06875
0 0.66796875 0.4875 0.1609375 0.0640625
0 0.57421875 0.46796875 0.09375 0.1140625
0 0.5 0.3765625 0.1609375 0.075
0 0.459375 0.409375 0.1453125 0.075
0 0.4609375 0.515625 0.096875 0.1
0 0.51328125 0.51484375 0.103125 0.096875
0 0.5890625 0.55 0.115625 0.090625