0 0.6408305150109431 0.765356444581504 0.12923530681713338 0.15459768801718105
0 0.6370549042160503 0.683352466581822 0.12726370373287815 0.13114200668363551
0 0.6489548863591429 0.6488320159134585 0.13332278896022592 0.12027723201781733
0 0.6449844066516823 0.6004308785805493 0.11742505357072233 0.10447041868236298
0 0.6631480255642499 0.5666189525780041 0.1210682508107789 0.13419428134945371
0 0.7014371838440805 0.4770928285725953 0.1209318831160271 0.12638178134945371
0 0.7384774878218401 0.4055536359007318 0.07882620373287814 0.13057838534372687
0 0.626337772317839 0.5170371232495493 0.0948330332781829 0.15263519867918127
0 0.5987718798663211 0.5493956372533673 0.07416597727182861 0.13208634134309047
0 0.5627582877391145 0.634988239258458 0.10100121266133186 0.14802042401336307
0 0.5343975085181214 0.6665745939290486 0.10083757142762995 0.13864542401336308
0 0.47268053286785056 0.801695028604412 0.13858303327818292 0.1531442760184536
0 0.2053197090045887 0.7501074459739103 0.12325804220663672 0.17014996268299926
0 0.39115602312861797 0.652613185948457 0.10908644805083538 0.16373633068109025
0 0.4223105657422918 0.646780809277548 0.102727353895034 0.15741360534690846
0 0.46070090989809315 0.6525853666056847 0.10141031574558709 0.17145792401336307
0 0.46059972402212235 0.5572546852721392 0.13326824188232517 0.11715223201781733
0 0.3878968352240523 0.4658944359484569 0.11237508928453739 0.17314769334818117
0 0.42719511444504554 0.4341808119430481 0.10585235389503396 0.15744996801399935
0 0.529975241068251 0.45798993459582144 0.12076824188232518 0.11700678134945389
0 0.5183343575451866 0.507354135264185 0.11931483603812651 0.12323860001590851
0 0.5377213315706044 0.5883950499284124 0.1163807508107789 0.13413973734881743