0 0.6027465117823151 0.8990243490414824 0.1907834735308674 0.20195130191703506
0 0.2906853134777262 0.9411113342107595 0.16490587014004515 0.11777733157848083
0 0.41305465735803565 0.7186152072563472 0.1734248072769823 0.3696590359079618
0 0.16410773510829463 0.7062323401626879 0.20136571670644177 0.3323317527304745
0 0.6495785465236154 0.514578188811387 0.257572867244561 0.2311237767345796
0 0.849790523983424 0.7047542577986401 0.14075785649119404 0.3725931383672899
0 0.47321498386994953 0.21597654146710665 0.14988029941909958 0.40076359016268787
0 0.9794586375084406 0.8884030708339647 0.04108272498311862 0.1754545179539811
0 0.9549679439613626 0.4625536431408678 0.09006411207727467 0.42090337334017514
0 0.7001905527288683 0.14231736943135026 0.22538110545773674 0.277798788834828
0 0.2118750694780914 0.17228004185989013 0.24289824524248899 0.3185146924256242
0 0.06156900847705539 0.21514373184962737 0.12051813109829992 0.3740374636992548