0 0.66015625 0.43203125 0.103125 0.0625
0 0.52890625 0.7390625 0.09375 0.06875
0 0.684375 0.24765625 0.0859375 0.07265625
0 0.5515625 0.34140625 0.09375 0.03828125
1 0.8 0.43125 0.121875 0.0796875
1 0.5359375 0.434375 0.10859375 0.08125
0 0.1953125 0.1484375 0.0953125 0.0625
0 0.18515625 0.74140625 0.08984375 0.04296875
0 0.30234375 0.84375 0.08984375 0.03828125
0 0.203125 0.53125 0.103125 0.04296875
0 0.41875 0.8421875 0.0703125 0.046875
1 0.31484375 0.43359375 0.11796875 0.07734375
0 0.19453125 0.6328125 0.10078125 0.07734375
0 0.3140625 0.34140625 0.10078125 0.07734375
0 0.54140625 0.62578125 0.078125 0.04140625
0 0.44140625 0.15390625 0.08046875 0.05703125
0 0.66953125 0.6296875 0.08203125 0.04140625
0 0.4140625 0.73984375 0.0859375 0.03828125
0 0.79453125 0.62265625 0.08203125 0.0484375
0 0.80078125 0.3453125 0.103125 0.06875
0 0.43125 0.42578125 0.08046875 0.03984375
0 0.43046875 0.253125 0.08203125 0.034375
0 0.18515625 0.83984375 0.1109375 0.07109375
0 0.32890625 0.25078125 0.0953125 0.06875
0 0.4265625 0.6296875 0.09140625 0.05859375
0 0.78828125 0.14375 0.07265625 0.0359375
0 0.31484375 0.53046875 0.09375 0.0796875
0 0.4234375 0.74140625 0.0765625 0.04296875
0 0.18671875 0.74296875 0.11484375 0.06875
0 0.55234375 0.15234375 0.08203125 0.0515625
1 0.67265625 0.73515625 0.08984375 0.0625
1 0.55859375 0.24765625 0.09375 0.06875
0 0.79453125 0.53046875 0.10859375 0.065625
0 0.79296875 0.84609375 0.07265625 0.0359375
0 0.428125 0.52421875 0.08359375 0.0375
0 0.671875 0.34375 0.08359375 0.04296875
0 0.20234375 0.24921875 0.0875 0.065625
1 0.55625 0.33671875 0.1046875 0.06875
0 0.20234375 0.43359375 0.0875 0.03828125
0 0.52734375 0.84453125 0.06328125 0.0375
0 0.6546875 0.84375 0.08359375 0.05859375
0 0.30859375 0.74375 0.08046875 0.08828125
0 0.8015625 0.73671875 0.06640625 0.0515625
0 0.32265625 0.63203125 0.0859375 0.065625
0 0.66953125 0.5265625 0.06328125 0.0640625
0 0.553125 0.53046875 0.05703125 0.05703125
0 0.43203125 0.3375 0.08046875 0.0640625
1 0.19375 0.34296875 0.0875 0.065625
0 0.796875 0.24921875 0.0515625 0.03828125
0 0.67578125 0.14765625 0.08203125 0.0484375
0 0.33125 0.153125 0.06640625 0.05390625