0 0.6820709832404456 0.488960031841307 0.11321070533113406 0.08329199710451576
0 0.5129562365391509 0.7635126139347921 0.10553459765100222 0.08761562406898663
0 0.7300130750854599 0.31330936848290614 0.09937552586424747 0.09044952564056316
0 0.5860106739901033 0.3783799427185085 0.09998327962517131 0.05770980024766903
1 0.8209659986798516 0.5164943345701754 0.13567673871722902 0.10462334160399785
1 0.5589146280675961 0.46605972518349714 0.12313127461060631 0.10247864474715093
0 0.256975077197031 0.11729462365470182 0.10691524122451135 0.08143839867609244
0 0.1716121710206024 0.6961216368892682 0.09694920783841651 0.060689251033457306
0 0.2743089251772375 0.82027407444049 0.0968128155185485 0.05600175103345748
0 0.21565637305303115 0.49376292431665564 0.10949467194503919 0.06283394789030403
0 0.3904112982967756 0.8420656453663234 0.07824467194503919 0.06137845574818712
1 0.3391416856685857 0.4207150301886771 0.1308983105039835 0.10128001778268025
0 0.19432459382357142 0.5918536679065148 0.11361988229073816 0.09735449710451576
0 0.3505445354311589 0.3299637516526298 0.11361988229073816 0.09735449710451585
0 0.5394385170222519 0.6547390814698034 0.08592077962517113 0.05705482878371626
0 0.500435572182466 0.1723246877561097 0.09106292069139812 0.07289815260503385
0 0.6659244606749034 0.684816187341825 0.08904577962517131 0.05720037799792799
0 0.39839363136630135 0.7410125676160646 0.09212531551854841 0.05578342721213971
0 0.7912881735278848 0.7031381559102936 0.09083560015828454 0.06508565260503403
0 0.832573436922227 0.43277430603412803 0.11495506175762493 0.08961477171162176
0 0.45584345236163315 0.43629298841806347 0.08743781551854841 0.05556510339082212
0 0.47745036473976094 0.26721765673886305 0.08730142319868044 0.050877603390822125
0 0.15882867768451997 0.7930501408182096 0.12285848997087015 0.09310364474715094
0 0.3769275275136001 0.24459133188408816 0.10709709765100213 0.08768839867609249
0 0.4249668400626477 0.6353640351510759 0.10209134890464337 0.0765325748547749
0 0.8462398171679011 0.2321214886229513 0.07948892319868044 0.0505137303552929
0 0.3270712461725693 0.5153361714211715 0.10741534639736088 0.09862589867609248
0 0.4078595595795467 0.7445742152586996 0.08440374373179385 0.05854455417661057
0 0.17243888512722508 0.697720524192821 0.12593802586424746 0.09168669396136267
0 0.6110464632486929 0.19308029755707268 0.09092652837152997 0.06821065260503385
1 0.655689305818623 0.7888851031814251 0.10066524122451134 0.08114730024766921
1 0.6052260237526764 0.28799253721799045 0.10553459765100204 0.08761562406898663
0 0.802691023290458 0.6123868773742462 0.1195516335443795 0.0867080955329392
0 0.7609798625616829 0.921740452643306 0.07948892319868044 0.05051373035529281
0 0.4399122269722394 0.5322946931327932 0.09051735141192588 0.05414815260503385
0 0.7053744394295094 0.40500456285855363 0.09069920783841656 0.06039815260503385
0 0.25129103002088254 0.2168943633156196 0.09914820533113407 0.08263702564056316
1 0.5913657637235465 0.37472840384337897 0.11651756175762493 0.08968754631872758
0 0.22768134844242488 0.39757928308416124 0.09368781551854843 0.055856201819245575
0 0.49801084962955916 0.8665819559530747 0.07011392319868044 0.05007708271265763
0 0.6243604009623427 0.8919715618250962 0.09423338479802065 0.0746062018192454
0 0.2933424185133199 0.7236366689399721 0.09665970282385157 0.10436647642635144
0 0.7836695533113407 0.8166912336605525 0.07521060015828454 0.0643579065339754
0 0.3214326631030436 0.6164984110820892 0.09758570533113406 0.0825642510334573
0 0.6793755437444291 0.5840178207164366 0.07401181301126591 0.07678513192686935
0 0.5633186347315137 0.563788749790603 0.06753449247815269 0.0686815334984459
0 0.46816394444407444 0.35026559718556916 0.09129024122451135 0.08071065260503385
1 0.2305131802583094 0.30720899420903175 0.09914820533113407 0.08263702564056316
0 0.8414961443649321 0.33722636558742203 0.057568459092057725 0.0479323858558109
0 0.7341346222616083 0.21363685421488246 0.09083560015828454 0.06508565260503388
0 0.3913189849563052 0.14929810256225262 0.07530152837152997 0.0674829065339753