0 0.6357901181714802 0.4228868665443408 0.11321070533113406 0.08070709897381949
0 0.5443477981005852 0.7444150680073616 0.10553459765100204 0.08521276101791671
0 0.6365128468595793 0.2368402637707992 0.09937552586424747 0.08819229065319456
0 0.5160291991294349 0.3473939444322574 0.09998327962517113 0.05541615824437507
1 0.7747305977175091 0.40344914836382006 0.13567673871722885 0.10152874525034736
1 0.5124973706787627 0.44190701063666715 0.12313127461060631 0.0996753045209029
0 0.13790786229898547 0.20412706838861122 0.10691524122451135 0.07899912860909734
0 0.2036485902621687 0.7927733007211807 0.09694920783841657 0.05846842306201392
0 0.3332702426111666 0.8786588621759378 0.0968128155185485 0.0537809230620141
0 0.19491976260291932 0.5822715586049654 0.10949467194503919 0.06032186379145834
0 0.44868229394395004 0.8618006301277088 0.0782446719450391 0.059594511967847555
1 0.29355114238637503 0.47042748166697945 0.1308983105039836 0.09829464247680555
0 0.19899584567244505 0.683997712765278 0.1136198822907382 0.09476959897381967
0 0.2805630605704906 0.37943880575517386 0.11361988229073816 0.09476959897381958
0 0.5429564458307297 0.63102471523382 0.08592077962517113 0.05508884992375016
0 0.3834165905913731 0.17622484640836839 0.09106292069139794 0.0708229526972917
0 0.6699963189502678 0.617564240119445 0.08904577962517113 0.05516158510611113
0 0.43052097882111307 0.7605284176467713 0.09212531551854841 0.05367182028847246
0 0.7934254587628533 0.5938565960271187 0.09083560015828454 0.0630104526972918
0 0.7639271415284452 0.3179837738387854 0.11495506175762475 0.08699346656500015
0 0.40758255014564926 0.4472828820275698 0.08743781551854854 0.05356271751493065
0 0.3851943877675216 0.27633394918191 0.08730142319868044 0.048875217514930645
0 0.21643208359825117 0.8907932266329863 0.12285848997087016 0.09030030452090294
0 0.2840266928612287 0.28726948955076415 0.10709709765100203 0.08524912860909736
0 0.429038698338012 0.6502630648732296 0.10209134890464325 0.07420252583555573
0 0.7259056189629031 0.12009048128572979 0.07948892319868044 0.04869337955902785
0 0.30559884982908014 0.5668667237831947 0.10741534639736088 0.09618662860909737
0 0.4406544967678017 0.7615460569894449 0.08440374373179385 0.056614982332569494
0 0.20594687615554602 0.7943903521079516 0.12593802586424746 0.08881053970326391
0 0.49333715987084525 0.16002057779100737 0.09092652837152997 0.06613545269729175
1 0.6865042058598595 0.7219250850092019 0.10066524122451134 0.07885365824437507
1 0.5117257955267958 0.25348029027194485 0.10553459765100204 0.08521276101791671
0 0.7812186269469688 0.5028861039109034 0.1195516335443795 0.0839775693385418
0 0.8205860376757439 0.8157322492375008 0.07948892319868044 0.04869337955902786
0 0.41724104348173174 0.5452300727570142 0.09051735141192582 0.0520729526972918
0 0.6360378222489731 0.33376981515757 0.09069920783841656 0.0583229526972918
0 0.15769987358175658 0.3030918984607293 0.09914820533113407 0.08037979065319459
1 0.5200945735026143 0.34201611341020877 0.11651756175762476 0.08702983415618064
0 0.18130955516021421 0.48579594889756966 0.09368781551854846 0.05370818787965277
0 0.5569267029568656 0.8494662439191671 0.07011392319868044 0.04847517401194459
0 0.6825177363429604 0.8320631512136117 0.09423338479802065 0.07245818787965277
0 0.3268049454350182 0.7784406566288544 0.09665970282385157 0.10218205547083344
0 0.8151747751393316 0.7061572274860076 0.07521060015828454 0.06264677678548622
0 0.32617211111185124 0.665849737650903 0.09758570533113406 0.08034342306201392
0 0.6573264858807419 0.5156380642076395 0.07401181301126591 0.07511040919430556
0 0.5418462383880245 0.5348400462558686 0.06753449247815269 0.06715243882958344
0 0.39762854011651944 0.35949194129812534 0.09129024122451135 0.0786354526972918
1 0.16122202718439568 0.39698736882545155 0.09914820533113407 0.08037979065319459
0 0.7479049879258061 0.22379736274461867 0.057568459092057725 0.04662173328249999
0 0.6151356035234968 0.13862031610750053 0.09083560015828454 0.06301045269729175
0 0.27356421747183496 0.19008536502572942 0.07530152837152997 0.06577177678548618