0 0.125 0.2390625 0.25 0.3875
0 0.0875 0.55234375 0.175 0.5140625
0 0.08203125 0.13203125 0.1640625 0.2640625
0 0.28828125 0.06484375 0.346875 0.1296875
0 0.44453125 0.20390625 0.3765625 0.265625
0 0.33125 0.5046875 0.203125 0.3375
0 0.1703125 0.51640625 0.228125 0.434375
0 0.2765625 0.6984375 0.13125 0.1890625
0 0.30234375 0.91171875 0.334375 0.1765625
0 0.121875 0.85703125 0.128125 0.2859375
0 0.49453125 0.60234375 0.321875 0.284375
0 0.5875 0.37734375 0.2671875 0.340625
0 0.59609375 0.121875 0.3765625 0.24375
0 0.796875 0.68359375 0.40625 0.44375
0 0.5203125 0.84921875 0.221875 0.296875
0 0.70625 0.921875 0.26875 0.15625
0 0.87109375 0.89375 0.2578125 0.2125
0 0.87734375 0.340625 0.2453125 0.453125
0 0.8859375 0.15078125 0.228125 0.3015625
0 0.46640625 0.859375 0.271875 0.28125
0 0.45625 0.428125 0.146875 0.2453125
0 0.96328125 0.8796875 0.0734375 0.240625