1 0.54609375 0.8440965248165029 0.153125 0.1883819114963739
1 0.540625 0.7584137359413734 0.134375 0.1265711162111037
1 0.49296875 0.774695861458102 0.1375 0.11890416542531526
1 0.3765625 0.7824613196874883 0.1546875 0.18064218610347993
1 0.24453125 0.7995482739879334 0.1546875 0.19157968610347992
1 0.3890625 0.7185978728306415 0.134375 0.08282111621110388
1 0.2390625 0.6990217351128039 0.1515625 0.1758091368892682
1 0.14140625 0.6324763980569199 0.128125 0.16690501778268024
1 0.1171875 0.7179794044670607 0.1421875 0.13474748924663302
1 0.1890625 0.5927567725401912 0.1 0.10465757485477489
1 0.11875 0.5608753798599548 0.0875 0.11501287799792799
1 0.0890625 0.5442893473949661 0.065625 0.1186815334984459