0 0.7997889394493584 0.822503833423735 0.38599423337045274 0.289035914067626
0 0.5081832421228125 0.8844095617120864 0.49753062269254433 0.21080743779362204
0 0.8842964680537703 0.8493117311425575 0.2314070638924594 0.1957422174139361
0 0.9334595793682258 0.6441175537662398 0.1330808412635484 0.3416038626613007
0 0.800912898074451 0.5160628324351519 0.2840328387173613 0.38483389231879606
0 0.5297747894254957 0.6576414732710733 0.33375902402927143 0.229122403193211
0 0.5338821287794039 0.8091084727767817 0.42632833203372583 0.2656912559686802
0 0.3547662461011772 0.7312102603429423 0.1891181386855445 0.1467025395433268
0 0.13206454276731355 0.7363765573006431 0.23821126137808885 0.33923754942915885
0 0.19959858278958525 0.8977650434604787 0.3204408640197264 0.15830056722365599
0 0.42419585673931487 0.5181253285180003 0.29751353604390707 0.3354068952845456
0 0.6253123667249973 0.4044117025108266 0.34229877737108916 0.29194073817418303
0 0.866089171347863 0.36476031760640437 0.26782165730427393 0.3828893903416297
0 0.31942435136854386 0.24648243327063574 0.4517294160566337 0.43539626091159594
0 0.19133790340545123 0.5237054609509646 0.29798515603118036 0.24172056228073996
0 0.09643284138286136 0.36108739722453087 0.18748400803627108 0.2747002055509382
0 0.11481812002704421 0.1946347262740038 0.22825445870463462 0.2888555474519924
0 0.6305880233529536 0.1362863739928263 0.45180104670590726 0.2725727479856526
0 0.8155170066836355 0.11172543129346937 0.32790901336727113 0.22345086258693875
0 0.16694697807922362 0.5770678828900749 0.3235669587046346 0.29273923421985015
0 0.5908475547421783 0.5324385434232977 0.24402381468808992 0.16768088441013057
0 0.11829656134627212 0.09053747528542064 0.23608404535327182 0.15642504942915872