0 0.10703125 0.7421875 0.2140625 0.40625
0 0.06796875 0.4125 0.1359375 0.540625
0 0.0625 0.8578125 0.125 0.284375
0 0.25546875 0.928125 0.3625 0.14375
0 0.41953125 0.778125 0.39375 0.2796875
0 0.3 0.4625 0.2125 0.353125
0 0.13125 0.45078125 0.240625 0.45625
0 0.24296875 0.26015625 0.1375 0.196875
0 0.27109375 0.0640625 0.3515625 0.128125
0 0.08046875 0.12109375 0.134375 0.2421875
0 0.47109375 0.36015625 0.3375 0.3
0 0.56953125 0.596875 0.28125 0.35625
0 0.578125 0.86875 0.39375 0.2625
0 0.7875 0.275 0.425 0.465625
0 0.4984375 0.12890625 0.23125 0.2578125
0 0.69375 0.053125 0.2828125 0.10625
0 0.865625 0.0828125 0.26875 0.165625
0 0.871875 0.6359375 0.25625 0.475
0 0.88125 0.8375 0.2375 0.325
0 0.4421875 0.11875 0.284375 0.2375
0 0.43125 0.54296875 0.1546875 0.2578125
0 0.9625 0.09765625 0.075 0.1953125