1 0.15703125 0.1265625 0.1125 0.078125
1 0.3140625 0.03046875 0.1125 0.059375
1 0.27578125 0.24375 0.10625 0.078125
1 0.44296875 0.14375 0.1203125 0.08125
1 0.39140625 0.36796875 0.109375 0.0765625
1 0.56796875 0.26875 0.115625 0.075
1 0.496875 0.49296875 0.115625 0.071875
1 0.675 0.3953125 0.11875 0.078125
1 0.59609375 0.6265625 0.1203125 0.084375
1 0.78828125 0.5296875 0.121875 0.08125
1 0.89140625 0.1296875 0.1296875 0.0828125
1 0.978125 0.31015625 0.04375 0.08125
0 0.46171875 0.84453125 0.1375 0.203125
0 0.21015625 0.76796875 0.1125 0.190625
0 0.33125 0.80625 0.13125 0.1953125
0 0.08984375 0.734375 0.1171875 0.1875
0 0.05546875 0.9375 0.1109375 0.125
0 0.16796875 0.95234375 0.1234375 0.0953125
0 0.29296875 0.971875 0.1171875 0.05625
1 0.159375 0.453125 0.15 0.1046875
1 0.12109375 0.28359375 0.1390625 0.1015625
1 0.809375 0.3046875 0.2046875 0.178125
1 0.52578125 0.040625 0.225 0.08125
1 0.94140625 0.875 0.1171875 0.2
1 0.77890625 0.93828125 0.2515625 0.1234375
1 0.9765625 0.51953125 0.046875 0.1953125