1 0.07452120304229921 0.22557540807470078 0.09371019072219058 0.11717263103285883
1 0.024660465893880483 0.38156002404661715 0.049320931787760966 0.11624504809323426
1 0.19676893475351048 0.31668653611233466 0.09189302273741302 0.11086806733052797
1 0.12911456665500218 0.4794023017214313 0.09708985870696814 0.12353175843752062
1 0.3223645009514021 0.4024380415546303 0.09195668973360735 0.11243056733052796
1 0.2582662143738247 0.573883966419554 0.09221135771838496 0.11868056733052797
1 0.4491233191264602 0.4788418288480914 0.0874601907221905 0.1169543762235353
1 0.38652386555268825 0.6519048174153459 0.09390119171077371 0.12186013103285873
1 0.5824186387843928 0.5484326209508759 0.10021485870696818 0.12364088584218216
1 0.5224348492410659 0.7341047369227921 0.09715352570316256 0.12509425843752062
1 0.17759589863304356 0.8832291953681619 0.10059686068413454 0.13301588584218216
1 0.3574797168081016 0.9537673846610559 0.09645318874502422 0.09246523067788814
0 0.7591296719019291 0.3973488145049391 0.21105419961943922 0.1633978450053421
0 0.6567872163881721 0.18253729163944832 0.1929116946765234 0.1393601442797027
0 0.7073363616355366 0.28600952122102824 0.20142453163466154 0.15682046279135697
0 0.6091402366541272 0.08464293946253006 0.1910945266917457 0.13305558057737182
0 0.8082926610646954 0.054826497807383315 0.1802896778706092 0.05934526206571755
0 0.8480608152093085 0.11567471777031643 0.1759788626613009 0.14500994355406327
0 0.8827939594680899 0.22328881032858786 0.13796952669174586 0.13120041469812274
0 0.9234906022439965 0.3381524076961826 0.09202035672980173 0.11399306733052797
1 0.36734271441100574 0.18181800670823997 0.12486203163466154 0.15414684137714504
1 0.20972121539958888 0.17161957277282353 0.11985619665368966 0.14617065027015244
1 0.32320417038187343 0.7850422104291043 0.20240871148243728 0.21926589908902602
1 0.053922201559424454 0.5717410799443996 0.10784440311884891 0.2247321598887993
1 0.858189324032195 0.8655308740309188 0.22479304745199222 0.2325297909216581
1 0.8922154500393686 0.6640874251193778 0.17444022037968593 0.26041668874473983
1 0.5459347217510174 0.9326761238612826 0.20461319863085592 0.13464775227743467