1 0.14453125 0.1484375 0.0703125 0.10234375
1 0.0484375 0.29140625 0.071875 0.1015625
1 0.25078125 0.25703125 0.06953125 0.096875
1 0.16015625 0.4078125 0.0734375 0.10859375
1 0.3625 0.36171875 0.06953125 0.0984375
1 0.2734375 0.52109375 0.06875 0.10390625
1 0.47578125 0.45703125 0.06484375 0.10390625
1 0.38828125 0.61796875 0.0703125 0.1078125
1 0.596875 0.546875 0.07578125 0.10859375
1 0.509375 0.7203125 0.0734375 0.109375
1 0.146875 0.8140625 0.075 0.1171875
1 0.3109375 0.92734375 0.07265625 0.10859375
0 0.79375 0.425 0.184375 0.1234375
0 0.725 0.196875 0.171875 0.10234375
0 0.759375 0.30703125 0.1765625 0.11875
0 0.69453125 0.08828125 0.16953125 0.10625
0 0.90234375 0.05390625 0.1609375 0.1078125
0 0.92421875 0.1609375 0.1515625 0.1125
0 0.9421875 0.27265625 0.11484375 0.10625
0 0.96484375 0.3921875 0.0703125 0.1
1 0.43984375 0.15078125 0.09453125 0.13515625
1 0.2859375 0.11640625 0.0921875 0.1265625
1 0.30546875 0.73984375 0.16171875 0.18515625
1 0.0515625 0.48359375 0.103125 0.2046875
1 0.821875 0.903125 0.18203125 0.19375
1 0.90234375 0.7125 0.15859375 0.228125
1 0.50078125 0.9359375 0.1765625 0.128125