1 0.11601765507814521 0.19940714867609244 0.08918286831702944 0.11323205417661049
1 0.05457816809115049 0.34847604135632887 0.07512036831702944 0.11257708271265772
1 0.23949222340929208 0.29943288151258474 0.08734735253201391 0.10847177956950453
1 0.1777720153614925 0.4570591368892682 0.09276289462538871 0.12119010339082212
1 0.3689892785862593 0.3958434627775004 0.08743835779368574 0.11003427956950462
1 0.30928659684681903 0.5613549927612898 0.08771137357870132 0.11472177956950454
1 0.4978947995623596 0.482097794042416 0.08302387357870131 0.11450345574818695
1 0.4398456230845911 0.6492445986333112 0.08954688936371688 0.1194820541766104
1 0.6326862994917724 0.5623932237357552 0.09588789462538863 0.12133565260503384
1 0.5777089151073787 0.7421491902373091 0.09276289462538863 0.12119010339082212
1 0.23727987813450144 0.8634204528527029 0.09634292093374794 0.12914815260503404
1 0.41824842804979684 0.9512093972283504 0.09248987884037305 0.09758120554329927
0 0.8047370627871263 0.4262674408564816 0.20690098933548207 0.15455487510244392
0 0.6967293287839034 0.20385943982302432 0.1899109104104042 0.1303896290313853
0 0.7497016813159173 0.31073017803620007 0.19716196828879456 0.14786822745980874
0 0.6469274788827255 0.09791550082406032 0.18862142619541977 0.13500435442427944
0 0.8465788683876166 0.07449092514071592 0.17753273677523324 0.07839048138875018
0 0.8861943762095372 0.15269085380059771 0.1716159367187636 0.13732883374611501
0 0.9237692418957308 0.26274009594271486 0.13347889988706071 0.12464474317557447
0 0.9621422261813024 0.38089293651325545 0.07571554763739527 0.11159677956950453
1 0.4070297919522005 0.1794586375084407 0.11940098933548202 0.15047949710451589
1 0.24908848933548197 0.15651978949430204 0.11425846302712268 0.1424486732831983
1 0.3803025650650264 0.7773652905277594 0.19464318401734032 0.2116396290313851
1 0.08911831001511608 0.5401926604629168 0.12818372611071518 0.22101032092583353
1 0.9051581443783336 0.8948010973927115 0.1896837112433328 0.21039780521457702
1 0.9313234076383938 0.7043646697640324 0.13735318472321226 0.2531721575674325
1 0.6072276280639143 0.9395677299410081 0.19890647881213824 0.12086454011798367