1 0.11328125 0.115625 0.0734375 0.10625
1 0.025 0.2640625 0.05 0.10625
1 0.2234375 0.228125 0.071875 0.1015625
1 0.1296875 0.3859375 0.0765625 0.1125
1 0.340625 0.3375 0.071875 0.103125
1 0.24765625 0.50390625 0.071875 0.109375
1 0.45859375 0.43671875 0.0671875 0.109375
1 0.3671875 0.6046875 0.0734375 0.1125
1 0.58515625 0.53046875 0.0796875 0.1125
1 0.49375 0.71171875 0.0765625 0.1140625
1 0.115625 0.81015625 0.078125 0.121875
1 0.2859375 0.928125 0.075 0.1125
0 0.790625 0.403125 0.1921875 0.128125
0 0.71875 0.165625 0.1796875 0.10625
0 0.7546875 0.28046875 0.184375 0.125
0 0.6859375 0.05390625 0.1765625 0.10625
0 0.903125 0.0359375 0.16875 0.071875
0 0.92421875 0.12734375 0.1515625 0.1171875
0 0.9421875 0.24453125 0.115625 0.1109375
0 0.965625 0.36875 0.06875 0.103125
1 0.42109375 0.11796875 0.0984375 0.140625
1 0.2609375 0.08203125 0.096875 0.13125
1 0.28125 0.73203125 0.16875 0.19375
1 0.03515625 0.46484375 0.06875 0.2125
1 0.81953125 0.90078125 0.1890625 0.1984375
1 0.90390625 0.70390625 0.165625 0.2375
1 0.484375 0.934375 0.184375 0.13125