1 0.8434793108350463 0.7168279220134723 0.15713070357377176 0.18111203163466172
1 0.7492544669568257 0.6630715692380033 0.14699169961943923 0.16198002965749528
1 0.667292201139495 0.5848563859301865 0.1437393656270503 0.15872769566510633
1 0.7039830707208781 0.7579410588578799 0.16701503954332714 0.193994033611828
1 0.6437684709111584 0.6774922134967847 0.1504987015966055 0.17148236364988384
1 0.35146822437119957 0.6819609017103362 0.15094437056996624 0.18241986364988402
1 0.57406612456148 0.6130357826604258 0.14880886760421674 0.16829369665368965
1 0.5547669793141154 0.7136432777175099 0.15432403855474383 0.1887971976422728
1 0.5551622742574688 0.5319303626984819 0.161181533611828 0.16567803262324468
1 0.46529596102532667 0.6234228429268184 0.1590752055509382 0.1905506986308559
1 0.4728299353221642 0.5020571788963736 0.15292336463846717 0.15442219764227277
1 0.24850505045492297 0.6434475469577008 0.15056236859279987 0.17304486364988386
1 0.4222158285923624 0.389241502508639 0.12872186068413444 0.13471719269935695
1 0.40152527969467633 0.5514085800752371 0.1422405326232447 0.16022652866891213
1 0.8703349239906387 0.8590936764620967 0.1638900395433268 0.19386669961943923
1 0.5799301695048333 0.4315457021280782 0.13516286167271757 0.1396593606841346
1 0.3192685366147585 0.5808148957788373 0.14329369665368966 0.14779019566510634
1 0.37468159539827633 0.4668598251323212 0.13136669961943914 0.1613433596955513
1 0.2885504358164558 0.49688822334543536 0.14880886760421674 0.16829369665368965
1 0.2202169298849567 0.4660255425090766 0.1118526956651065 0.1418293557412186
1 0.24205082612090445 0.37020104794628395 0.12661553262324476 0.15958985870696818