1 0.846875 0.6140625 0.1203125 0.153125
1 0.74609375 0.584375 0.115625 0.13515625
1 0.65390625 0.52734375 0.11171875 0.13203125
1 0.71796875 0.6890625 0.128125 0.16484375
1 0.64609375 0.625 0.115625 0.14453125
1 0.36328125 0.7015625 0.1140625 0.15625
1 0.56796875 0.578125 0.115625 0.14140625
1 0.565625 0.6828125 0.115625 0.1625
1 0.5359375 0.503125 0.1296875 0.13515625
1 0.4640625 0.615625 0.1203125 0.1625
1 0.45078125 0.49375 0.12421875 0.12578125
1 0.25625 0.6890625 0.115625 0.146875
1 0.3828125 0.39453125 0.10234375 0.1109375
1 0.38984375 0.56015625 0.11015625 0.13515625
1 0.896875 0.74765625 0.12421875 0.16484375
1 0.54296875 0.39765625 0.1078125 0.1140625
1 0.31484375 0.609375 0.115625 0.1203125
1 0.34921875 0.48359375 0.09765625 0.13828125
1 0.27109375 0.534375 0.115625 0.14140625
1 0.19921875 0.52109375 0.08203125 0.1234375
1 0.2046875 0.4203125 0.09375 0.13828125