1 0.8011056006070497 0.5943487912728881 0.14062354195220053 0.16781602103089915
1 0.7048067242563381 0.5627889320460625 0.13328147881213823 0.14873847241038013
1 0.620211187354048 0.5041343063108934 0.1284119682887946 0.14536781094499088
1 0.662908379616832 0.6670160866140468 0.14916408404557516 0.18072545680654795
1 0.5997251111303934 0.6017872342846261 0.1338275103821694 0.15811347241038015
1 0.30894892171020677 0.6731044708285004 0.13455555247554418 0.17061347241038013
1 0.5285550373964003 0.5533331241532894 0.13364549985882554 0.15498847241038013
1 0.5123469374952224 0.6577716406616327 0.13648207352223168 0.17694535956550989
1 0.5064972978491568 0.4773814557904951 0.14743498407380998 0.15103795680654794
1 0.42057593742463517 0.5885889507021125 0.1411695735222315 0.17719102103089918
1 0.42298684783503937 0.4669596121675017 0.140638952503779 0.1413354081860289
1 0.2046177374811049 0.6591006037997588 0.13400952090551305 0.16123847241038014
1 0.36810119773621736 0.366246961217562 0.11620039462538871 0.12291960085908257
1 0.3537671399990014 0.5321176226829513 0.12703147881213822 0.14841092378986112
1 0.8337676402107629 0.7289384752395146 0.14603908404557514 0.18056168249628843
1 0.5266571503811707 0.3719569713943273 0.1227234104104042 0.1279346494796016
1 0.2730939926721896 0.5799619804394389 0.1308999314570916 0.13459408525525038
1 0.32320665571342977 0.4550538336733707 0.11627598933548197 0.1509627137039528
1 0.23936300575578207 0.5038432157401178 0.1336454998588257 0.15498847241038013
1 0.1693158162650083 0.4896003312985215 0.0980874314570916 0.1328744549975255
1 0.18764015301200662 0.3889452340574835 0.1114974840738101 0.14915455223856364