1 0.7065576309872706 0.6329850129823482 0.07553319368794006 0.12935230925276536
1 0.7159737347513229 0.7299554703686745 0.06807352076024671 0.09955571509696384
1 0.6890928997703509 0.7216793202065187 0.048015688745024224 0.10545115909060954
1 0.6599028068807136 0.6758895332748877 0.09100168479069151 0.08746481818121907
1 0.5640027164625342 0.6406457341683922 0.07186968281352524 0.07776253571381489
1 0.5685191201128557 0.5790497150936686 0.052037343878220454 0.05087275324641087
1 0.5161727115196183 0.6163900279998819 0.04317167984777566 0.06320911201270896
0 0.6129813859301865 0.6547724638758526 0.08063718775644109 0.10133640340856669
0 0.6354320474891735 0.6309628169601078 0.086476010874415 0.053035271103318495
0 0.5839133098464631 0.6886156298663211 0.08162668479069168 0.08730117694751698
0 0.663358070720878 0.7415281700443629 0.05589185574121878 0.10715002678536116
0 0.6148887372227808 0.7399014403369023 0.09036501482874755 0.07183981818121907