1 0.4841456743211648 0.7339139350684871 0.1457963052100677 0.18052507142762994
1 0.39178054590895206 0.6722963709444578 0.13300520678164424 0.17405688311602727
1 0.2847471418561761 0.7077310848236058 0.13005998924663303 0.1443421095770768
1 0.12391664971405895 0.7417629857965405 0.13932798138875016 0.1757284772718286
1 0.1687453445039912 0.9189606854722289 0.14939218610347985 0.15716939204448083
1 0.19064607734048344 0.8007055633132504 0.13347608767505648 0.15064665665497756
1 0.28942602564507236 0.8419151700509534 0.13562078453190338 0.16317393019392804
1 0.3778292460755678 0.9215560312528833 0.14880998924663302 0.14466939204448082
1 0.5129512628247908 0.8864116436726291 0.14884853060296183 0.17901711850553062
1 0.40121970430495413 0.8048361355549545 0.13133139081820958 0.1381193831160271
1 0.5479685415657258 0.5032991347441756 0.13042386228216216 0.152154609577077
1 0.6503144456185017 0.46794624148187863 0.12835194003242129 0.14118983603812651
1 0.6326238697302695 0.6634087459461055 0.13711050992479734 0.16163870373287814
1 0.06458222932634478 0.9598096022734761 0.12231595574818702 0.07863528896022558