1 0.5527714074624612 0.7594767591553107 0.15324555113509036 0.1911756154237622
1 0.45180319682972414 0.700515932206136 0.14060918344033874 0.18292660580511538
1 0.34944185592033356 0.7406647278522994 0.13543075973923263 0.1546379146981227
1 0.1947504017804183 0.7797668894703792 0.1468864569792891 0.1847073606144388
1 0.267063552753353 0.9358407854793626 0.15703302434972927 0.12831842904127483
1 0.26991008887420503 0.8362649153310949 0.14022735389503396 0.16105160580511538
1 0.3744027199616373 0.8734871515360968 0.14200804220663682 0.17360616950744615
1 0.4756027556754523 0.9363715535355299 0.15557961850553054 0.12725689292894024
1 0.6045947804322186 0.9077765721822605 0.15634327759614025 0.18444685563547908
1 0.4806703108710278 0.8334747651457605 0.13688416558343128 0.1484424784004535
1 0.5815065133893853 0.5270288469042587 0.13553985389503395 0.16088791469812272
1 0.6784263778377261 0.48825157829993715 0.13381371266133185 0.15145835099579194
1 0.6904293202065187 0.683864178662757 0.14354326866768652 0.1720982332097769
1 0.1701573250744873 0.9773363155164294 0.1289704797074606 0.04532736896714127