1 0.51796875 0.76484375 0.121875 0.1703125
1 0.6078125 0.6875 0.109375 0.165625
1 0.7203125 0.709375 0.1125 0.134375
1 0.8875 0.72109375 0.115625 0.165625
1 0.85703125 0.91875 0.125 0.1625
1 0.8234375 0.7921875 0.115625 0.140625
1 0.72578125 0.8484375 0.115625 0.153125
1 0.64375 0.9375 0.13125 0.125
1 0.5015625 0.9203125 0.125 0.159375
1 0.60859375 0.8265625 0.115625 0.128125
1 0.434375 0.5359375 0.1109375 0.140625
1 0.3265625 0.5140625 0.1109375 0.13125
1 0.3609375 0.71328125 0.1171875 0.15
1 0.9578125 0.9515625 0.084375 0.096875