1 0.4367274820079228 0.417104124125742 0.1984118829603268 0.16829652380771337
1 0.33064230190029886 0.43803931372269583 0.07933224317557448 0.1269897468767421
1 0.7124573821317572 0.46473206128680894 0.1645463052100677 0.1790340359079618
1 0.44758155293375623 0.5326973078689634 0.13765416542531544 0.13826359016268785
1 0.5091311749358282 0.4448155127876195 0.20196922249741006 0.11052038524403188
1 0.44580719127076635 0.6288274193052819 0.1713785020669146 0.19157039734428025
1 0.5915264137681764 0.7373842869881162 0.09397263192686936 0.07240224082661798
1 0.5942489993763183 0.6951695159108774 0.09404540653397539 0.07396474082661779
1 0.5409591794839421 0.6751615429400447 0.11098034946188058 0.1021806444174139
1 0.5311347233214704 0.7494575609922214 0.09070208271265763 0.06925906010845857
1 0.5875023856464139 0.6006519014494968 0.22784682588823202 0.1965851502711466
1 0.6486196681114026 0.5706007870863121 0.15487589867609247 0.10556017447164337
1 0.573705251238345 0.4889831484244347 0.16901117328319834 0.10720448770335977
1 0.37561450764848586 0.514360919207086 0.12406254631872767 0.11475336729005096
1 0.6374338033480409 0.3807706726249315 0.15683650496239884 0.08057835518980258
1 0.6167253511145105 0.43950077801112586 0.11541098428423417 0.06315450585373235