1 0.58671875 0.36953125 0.2 0.171875
1 0.70546875 0.38515625 0.0734375 0.134375
1 0.2921875 0.43828125 0.159375 0.184375
1 0.5875 0.4953125 0.134375 0.14375
1 0.51171875 0.403125 0.209375 0.1078125
1 0.6 0.59921875 0.16875 0.2
1 0.45390625 0.72578125 0.09375 0.0734375
1 0.44609375 0.68046875 0.09375 0.075
1 0.5015625 0.65546875 0.109375 0.103125
1 0.5203125 0.73515625 0.090625 0.06875
1 0.44296875 0.578125 0.228125 0.2
1 0.3734375 0.54921875 0.159375 0.10625
1 0.446875 0.45546875 0.1734375 0.10625
1 0.6640625 0.47109375 0.1234375 0.11875
1 0.36484375 0.34296875 0.1625 0.078125
1 0.39375 0.40546875 0.11875 0.0625