1 0.5765625 0.40625 0.190625 0.165625
1 0.690625 0.42109375 0.0703125 0.128125
1 0.29296875 0.471875 0.153125 0.178125
1 0.57734375 0.5265625 0.13125 0.1375
1 0.50390625 0.43828125 0.2 0.103125
1 0.5890625 0.62734375 0.1625 0.190625
1 0.44765625 0.74921875 0.090625 0.0703125
1 0.440625 0.70546875 0.090625 0.071875
1 0.49453125 0.68125 0.10625 0.1
1 0.51171875 0.75859375 0.0875 0.0671875
1 0.4375 0.60703125 0.21875 0.19375
1 0.37109375 0.57890625 0.153125 0.103125
1 0.44140625 0.4890625 0.1671875 0.103125
1 0.65078125 0.50390625 0.11875 0.1125
1 0.3625 0.38046875 0.15625 0.0765625
1 0.390625 0.440625 0.115625 0.059375