1 0.45780196132975826 0.39978935909862745 0.21818072745980874 0.19028060811666875
1 0.3488807255977819 0.3933898890546609 0.09524834160399784 0.13333065046753817
1 0.7169843703449329 0.5115934257481896 0.18565932588823236 0.19633971057599683
1 0.4404218703449329 0.513202419305282 0.15400691149637408 0.15397949375348396
1 0.5223396503287223 0.44317574473544274 0.2125086162111037 0.13557492739850954
1 0.41499168486062565 0.6047813861277946 0.19568929735218496 0.2104567527304745
1 0.5324425121965998 0.7439797206331418 0.10229455417661057 0.08338519262201594
1 0.5454668970189533 0.7048308622218854 0.10236732878371627 0.08494769262201593
1 0.49706363026973044 0.6722910729942739 0.12250004631872749 0.11474427693097126
1 0.46979696298238804 0.7412183349963264 0.0973887303552928 0.07867042154477702
1 0.5614856951997078 0.6125251875538503 0.2508862196019258 0.22171241529826116
1 0.6287994737357551 0.598067256933887 0.16668669396136265 0.12437380698520073
1 0.5742874480951918 0.5014831484244346 0.18089474317557439 0.12758062021691713
1 0.37390430438149824 0.477642169207086 0.13721751778268027 0.12888859016268786
1 0.663925682793711 0.4126564768796577 0.1655950748547749 0.10093630698520073
1 0.6288272448282044 0.46443714549756854 0.12231595574818713 0.07725336729005097