1 0.2671875 0.7078125 0.05625 0.084375
1 0.4734375 0.625 0.0640625 0.0859375
1 0.2515625 0.4828125 0.078125 0.071875
1 0.4828125 0.5484375 0.084375 0.071875
1 0.92265625 0.471875 0.0625 0.0875
1 0.2484375 0.62421875 0.071875 0.059375
1 0.24296875 0.578125 0.059375 0.078125
1 0.25546875 0.78984375 0.059375 0.0875
1 0.4078125 0.5984375 0.0890625 0.071875
1 0.83046875 0.33671875 0.09375 0.053125
1 0.228125 0.68125 0.0546875 0.075
1 0.9140625 0.35859375 0.065625 0.084375
1 0.4109375 0.68984375 0.09375 0.06875
1 0.2296875 0.74921875 0.059375 0.08125
1 0.871875 0.434375 0.084375 0.059375
1 0.8625 0.38515625 0.0546875 0.0765625
1 0.82109375 0.38203125 0.05625 0.08125