1 0.31178840543440445 0.737475937310972 0.06190111067790856 0.08423083605604162
1 0.48639695942072325 0.6326033333031593 0.06974997334499947 0.0875376740119446
1 0.26725551340704207 0.536895362272847 0.08054202267663593 0.07529224715020835
1 0.48401629941117824 0.5623272008943399 0.08526588534372674 0.07852634992375015
1 0.87083395206077 0.4275086044859715 0.068205654678545 0.08906380642076392
1 0.28280888275776855 0.664693053952222 0.0725840720082724 0.06261040919430556
1 0.2714077587523597 0.625103877090486 0.06340906667727228 0.07957970364722229
1 0.3126702001113585 0.813257187310972 0.06662497334499946 0.08746493882958326
1 0.42371514608526883 0.6184330369503817 0.09151588534372675 0.07867182028847228
1 0.768770918045816 0.3196980641171174 0.09131589067472703 0.06148432028847228
1 0.2725077294318591 0.7196351270904859 0.06024770401018138 0.07638196846486131
1 0.8477862560470888 0.32723650076249927 0.07129429201145392 0.08601154160312507
1 0.43873216609640464 0.7001369786297567 0.09462270401018139 0.07718205547083343
1 0.2833730514401315 0.7803362377478124 0.0634454293443631 0.0827047036472223
1 0.8205157787237246 0.40132861740374937 0.08353975334181776 0.0644274823325695
1 0.8043907920512249 0.3587235433155549 0.06026588534372692 0.07794446846486114
1 0.7669180640515431 0.36194011550388827 0.061882929344363194 0.08266833605604171