1 0.2007935635326948 0.6432369344611804 0.07336806733052796 0.08913654160312508
1 0.40322908276998853 0.6135455151988886 0.07972719473518967 0.0924070119678472
1 0.2469220629845407 0.43998399468166643 0.08877481252120453 0.08325021751493064
1 0.43049347641671903 0.5481198837399996 0.09357143992586625 0.08648432028847228
1 0.8362697612631094 0.5745836262374645 0.07821925843752062 0.09393314437666671
1 0.20589278050040302 0.5642761330744095 0.07896330290255767 0.0705320119678472
1 0.2135887186121707 0.5227244127096873 0.0732043762235354 0.08444904160312508
1 0.16789672877897174 0.7134773524892012 0.07660219473518967 0.09233427678548622
1 0.3522221434770945 0.5764825795034372 0.09987600362819711 0.08819229065319459
1 0.7919617444728864 0.43510420535965205 0.09771330290255768 0.07096842306201405
1 0.17303315128164282 0.6110972348980207 0.06835318511654283 0.07965243882958344
1 0.859347651914615 0.47256653134770765 0.08123513103285873 0.09088087955902786
1 0.33063483095589 0.6581689905976039 0.1013293762235353 0.08510365824437507
1 0.15686994874190485 0.6715807932186457 0.07331350362819707 0.08757404160312507
1 0.8026685767795388 0.5308706470390272 0.09000993030721949 0.07391158510611114
1 0.8065946741471336 0.48550359565225626 0.07002481252120454 0.08281380642076393
1 0.7711209656169459 0.4730588002494091 0.0717510036281972 0.0875376740119446