0 0.40625 0.2265625 0.04453125 0.07421875
0 0.43984375 0.29296875 0.03203125 0.07265625
0 0.46640625 0.26875 0.0421875 0.07109375
0 0.54453125 0.28203125 0.0265625 0.08203125
0 0.34296875 0.33984375 0.05546875 0.04921875
0 0.3734375 0.4390625 0.03359375 0.0421875
0 0.33046875 0.50078125 0.02734375 0.0484375
0 0.3765625 0.4875 0.0296875 0.0890625
0 0.4015625 0.47734375 0.03046875 0.0453125
0 0.4734375 0.47421875 0.03125 0.0375
0 0.3734375 0.609375 0.04609375 0.07421875
0 0.459375 0.59609375 0.0671875 0.04765625
0 0.50546875 0.54296875 0.05078125 0.06328125
0 0.54453125 0.565625 0.0390625 0.03984375
0 0.56328125 0.57421875 0.0328125 0.0390625
0 0.58828125 0.5671875 0.0328125 0.04296875
0 0.5578125 0.4453125 0.0265625 0.04453125
0 0.56171875 0.378125 0.028125 0.04765625
0 0.509375 0.34609375 0.0328125 0.03515625
0 0.47578125 0.38984375 0.03359375 0.03515625
0 0.5921875 0.3546875 0.03125 0.0734375
0 0.6265625 0.32265625 0.0609375 0.05703125
0 0.64765625 0.54375 0.03203125 0.0328125
0 0.6265625 0.55390625 0.028125 0.05
0 0.6078125 0.5625 0.02890625 0.0421875
0 0.5015625 0.7265625 0.0328125 0.04921875
0 0.54453125 0.48984375 0.0421875 0.06328125
0 0.52890625 0.47109375 0.03984375 0.06875
0 0.640625 0.46328125 0.0265625 0.046875
0 0.6828125 0.41171875 0.03671875 0.07109375
0 0.65390625 0.3734375 0.06640625 0.0375
0 0.46171875 0.40703125 0.0546875 0.05625
0 0.40859375 0.54140625 0.06328125 0.059375
0 0.42265625 0.51484375 0.065625 0.04765625
1 0.4125 0.2984375 0.03984375 0.0484375
1 0.48203125 0.2890625 0.0453125 0.08828125
1 0.521875 0.2734375 0.04140625 0.0515625
1 0.5546875 0.3421875 0.0625 0.06171875
1 0.528125 0.359375 0.0390625 0.05390625
1 0.50234375 0.41640625 0.0515625 0.08203125
1 0.53359375 0.4140625 0.04921875 0.08125
1 0.5875 0.4828125 0.0578125 0.08203125
1 0.57890625 0.43125 0.0375 0.04921875
1 0.6078125 0.44609375 0.0359375 0.04921875
1 0.62578125 0.4109375 0.04140625 0.04921875
1 0.7203125 0.41484375 0.05390625 0.09375
1 0.47890625 0.62734375 0.0390625 0.05078125
1 0.5234375 0.634375 0.04375 0.0546875
1 0.540625 0.60078125 0.040625 0.05078125
1 0.584375 0.6046875 0.03984375 0.0515625
1 0.36875 0.54140625 0.040625 0.0484375
1 0.4453125 0.4875 0.03984375 0.05546875
1 0.43515625 0.44765625 0.0390625 0.04453125
1 0.4171875 0.38828125 0.0421875 0.0875
1 0.34375 0.378125 0.05390625 0.08515625
1 0.3390625 0.4421875 0.0578125 0.0859375
1 0.6140625 0.346875 0.03359375 0.05078125
1 0.55703125 0.51484375 0.04453125 0.0859375
1 0.51953125 0.525 0.04609375 0.05546875
1 0.496875 0.47734375 0.0484375 0.08125
1 0.4578125 0.5390625 0.0421875 0.08671875
1 0.5 0.57578125 0.0671875 0.0671875
1 0.46015625 0.44765625 0.040625 0.06328125
1 0.63359375 0.5171875 0.04921875 0.04921875
0 0.5890625 0.53984375 0.0703125 0.05
0 0.67734375 0.55546875 0.03046875 0.08515625
0 0.5953125 0.39609375 0.05546875 0.0421875