0 0.6578125 0.2390625 0.05 0.0828125
0 0.62109375 0.3125 0.034375 0.08125
0 0.59140625 0.2859375 0.046875 0.078125
0 0.5046875 0.30078125 0.028125 0.090625
0 0.728125 0.36484375 0.0625 0.0546875
0 0.69453125 0.47578125 0.0375 0.046875
0 0.7421875 0.54296875 0.03125 0.053125
0 0.690625 0.5296875 0.0328125 0.1
0 0.66328125 0.5171875 0.034375 0.05
0 0.58359375 0.5140625 0.034375 0.040625
0 0.69453125 0.6640625 0.0515625 0.0828125
0 0.59921875 0.65 0.075 0.053125
0 0.5484375 0.59140625 0.05625 0.0703125
0 0.5046875 0.61640625 0.04375 0.04375
0 0.48359375 0.62578125 0.0375 0.04375
0 0.45625 0.6171875 0.0359375 0.0484375
0 0.490625 0.48203125 0.028125 0.05
0 0.48515625 0.40703125 0.03125 0.053125
0 0.54375 0.37109375 0.0359375 0.040625
0 0.58125 0.4203125 0.0375 0.040625
0 0.45234375 0.38125 0.034375 0.08125
0 0.41328125 0.3453125 0.0671875 0.0625
0 0.390625 0.59140625 0.034375 0.0375
0 0.41328125 0.60234375 0.03125 0.05625
0 0.434375 0.6125 0.03125 0.046875
0 0.55234375 0.7953125 0.0359375 0.0546875
0 0.5046875 0.53125 0.046875 0.0703125
0 0.521875 0.5109375 0.04375 0.075
0 0.39765625 0.50234375 0.0296875 0.053125
0 0.3515625 0.44453125 0.040625 0.078125
0 0.3828125 0.40234375 0.0734375 0.040625
0 0.596875 0.43984375 0.0609375 0.0625
0 0.65625 0.58828125 0.0703125 0.065625
0 0.63984375 0.559375 0.071875 0.053125
1 0.6515625 0.31875 0.04375 0.053125
1 0.57421875 0.3078125 0.05 0.0984375
1 0.5296875 0.290625 0.046875 0.0578125
1 0.49375 0.3671875 0.06875 0.06875
1 0.52265625 0.3859375 0.04375 0.059375
1 0.5515625 0.44921875 0.05625 0.090625
1 0.5171875 0.44765625 0.0546875 0.090625
1 0.45703125 0.52421875 0.0640625 0.090625
1 0.46640625 0.46640625 0.040625 0.0546875
1 0.434375 0.4828125 0.040625 0.0546875
1 0.4140625 0.44375 0.046875 0.0546875
1 0.309375 0.4484375 0.059375 0.103125
1 0.578125 0.68515625 0.04375 0.05625
1 0.528125 0.69296875 0.0484375 0.0609375
1 0.509375 0.65546875 0.0453125 0.05625
1 0.4609375 0.659375 0.04375 0.0578125
1 0.7 0.5890625 0.0453125 0.053125
1 0.615625 0.52890625 0.04375 0.0625
1 0.6265625 0.484375 0.04375 0.05
1 0.64609375 0.41875 0.046875 0.096875
1 0.728125 0.40703125 0.059375 0.09375
1 0.7328125 0.478125 0.0640625 0.0953125
1 0.42734375 0.37265625 0.0375 0.05625
1 0.490625 0.559375 0.05 0.0953125
1 0.53203125 0.57109375 0.0515625 0.0625
1 0.5578125 0.5171875 0.053125 0.090625
1 0.60078125 0.5859375 0.046875 0.096875
1 0.55390625 0.62734375 0.075 0.075
1 0.5984375 0.484375 0.0453125 0.0703125
1 0.40625 0.56171875 0.0546875 0.0546875
0 0.45546875 0.5875 0.078125 0.05625
0 0.35703125 0.6046875 0.034375 0.09375
0 0.4484375 0.42734375 0.0625 0.046875