0 0.3528029173624308 0.26478053167023524 0.0613024823325695 0.08454013605166182
0 0.4017865844405211 0.323198436922227 0.04869337955902786 0.07948892319868044
0 0.42218935020809056 0.2941247023616332 0.05963087955902786 0.0798071719450392
0 0.5009864974345488 0.2917331397460786 0.04575021751493065 0.08721049498543501
0 0.319756640861285 0.38795360721791355 0.06704333605604171 0.06284699247815269
0 0.37419152735416705 0.47932040478977334 0.0433148953265972 0.049665030878812286
0 0.3477030689572921 0.5488145508705651 0.038736498100138926 0.05421613855894432
0 0.38856380508958377 0.5265818496960661 0.05061955547083343 0.09515938730530316
0 0.41085637917777823 0.5116160792420951 0.04182513050895835 0.05274456677218957
0 0.47915178428802124 0.494085249933493 0.040080792553055564 0.04488660266556703
0 0.4163459258148964 0.6468405254020291 0.0628649823325695 0.08458560015828454
0 0.49606914019569504 0.6171506768930971 0.07798083605604163 0.06316524122451135
0 0.5274269365484727 0.5556054231321734 0.06577177678548622 0.07530152837152997
0 0.5707048110735073 0.5701369360642972 0.047966027735416715 0.048238923198680436
0 0.5911082300514587 0.574634219450392 0.041679660144236054 0.04649456677218975
0 0.6134735393220143 0.5627934489964209 0.04335126291777787 0.05122753087881229
0 0.5538420065526045 0.44941525910469304 0.037101262917777864 0.051045674452321776
0 0.5413588839274309 0.38269076035833427 0.038736498100139016 0.05421613855894432
0 0.4823105390376739 0.3614546063599837 0.04160692496187508 0.04336956677218975
0 0.460836235751042 0.41157662681395485 0.04160692496187508 0.04336956677218975
0 0.5648866496950002 0.3537079540109858 0.04869337955902786 0.07948892319868044
0 0.5905399599154864 0.3154183438235714 0.07347517401194459 0.07084134890464337
0 0.6657620847248615 0.5284017286215921 0.03997168977951375 0.04019910266556703
0 0.6473575768410769 0.5426999093421199 0.0403353656913195 0.05582410266556703
0 0.6312422675705213 0.5547225362225817 0.038591027735416714 0.04796613855894431
0 0.5691092095342367 0.7363840616911178 0.045022865691319504 0.055960494985435004
0 0.5525892842880212 0.496222062944759 0.05636040919430556 0.07346624373179385
0 0.532712542171806 0.4808100116119755 0.0564695119678472 0.07815374373179385
0 0.6389800727570142 0.45111180291562913 0.03713763050895835 0.05260817445232178
0 0.6672674204965628 0.3918193709414601 0.05338087955902786 0.0796253155185485
0 0.6298395024685419 0.3602822144358271 0.07463763050895836 0.053699313011266
0 0.451134580640799 0.4308123601209074 0.06718880642076393 0.06909699247815264
0 0.43336846523381994 0.5731673446815012 0.07667290919430556 0.07405727711788863
0 0.44050816479697963 0.5444884152146147 0.07641833605604162 0.06311977711788863
1 0.3770593413743753 0.3341897612162641 0.05130923328249999 0.05770485141192579
1 0.44210245991548636 0.3110992536944167 0.06631729065319458 0.09873902837152997
1 0.47669501225218774 0.287903446093427 0.05294446846486114 0.0608753155185485
1 0.5257332307170489 0.34866510134541884 0.07670927678548622 0.07561977711788863
1 0.5044037445847571 0.3714661038527013 0.051418336056041625 0.062392351411925784
1 0.49332208064079897 0.43203989099971984 0.07089568787965277 0.09418792069139795
1 0.5227913750937156 0.42352870902555073 0.06773432028847229 0.09253449247815268
1 0.5920329907850352 0.48019389766363735 0.07714568787965277 0.09436977711788863
1 0.5713925292540282 0.43196934633085393 0.04818423328249999 0.05761392319868044
1 0.6028243672099309 0.44069112846330755 0.04662173328249999 0.057568459092057725
1 0.6113083612260073 0.40268266310304357 0.052908100873680655 0.05931281551854841
1 0.7038588839274309 0.3874190274470931 0.0758377610179167 0.1052618130112661
1 0.5224504554501742 0.6436820846523714 0.051345600873680654 0.05926735141192587
1 0.567690220267813 0.6418755437444291 0.05614220364722229 0.06409124373179384
1 0.5762105818750699 0.6054295783841652 0.05294446846486114 0.06087531551854859
1 0.6190338615103477 0.600429841316289 0.051381968464861136 0.06082985141192587
1 0.39450598698531303 0.5806244920159342 0.051309233282500075 0.05770485141192587
1 0.4553876291777782 0.5129118062808414 0.05301720364722229 0.0640003155185486
1 0.43578299078503513 0.4756474870013692 0.04963763050895835 0.05297188730530315
1 0.40407774268489616 0.421635936922227 0.06315592306201392 0.09708560015828453
1 0.3300044630496184 0.42572639185764966 0.07409342306201391 0.09740384890464324
1 0.3416336004924309 0.48930315855069706 0.07725479065319459 0.09905727711788863
1 0.5841269589655559 0.3417762553437694 0.045095600873680655 0.05908549498543501
1 0.5702677467689587 0.5178159181176085 0.06468205547083343 0.09556856426490726
1 0.5371104078631255 0.5355884398252209 0.059303571238402776 0.06574467194503927
1 0.5033341666968407 0.4932274435861446 0.06773432028847229 0.09253449247815268
1 0.48071559070878517 0.5612727499334931 0.06311955547083344 0.09552310015828454
1 0.5305525897588547 0.5892673692921073 0.08314111474138883 0.0836141335443795
1 0.4598744542159031 0.4708834306540208 0.054761541603125075 0.0718582796251713
1 0.6457035046527435 0.5051771772888085 0.06075696846486114 0.061102636051661816
0 0.6081677902719449 0.5360945566765528 0.08117857123840296 0.06638116943775678
0 0.6971211874984032 0.5339985107540457 0.0505104526972918 0.09047188730530316
0 0.5783140232701045 0.39391541686396725 0.06529899810013902 0.05498902837152997