1 0.684340535155585 0.5333729769778536 0.26895132299274815 0.3077317285299777
1 0.5220523968185748 0.6303848532448949 0.21723896567298445 0.23713742739850954
1 0.5351817512428543 0.4491075821676561 0.23271841645877273 0.23410333098930564
1 0.307679527711987 0.6550631872592627 0.29718333085063087 0.27665444535249045
1 0.251733550457066 0.4476324823406067 0.22854033870851378 0.2450135599120669
1 0.08726217390688004 0.591519358607648 0.1349315798171736 0.1804238190854491
1 0.12849714185617608 0.7123403978352595 0.17715762117350248 0.21503516842151918
1 0.06442943041946472 0.816664804352922 0.12885886083892945 0.15710449375348395
1 0.06185556720628901 0.9158699188143025 0.12371113441257801 0.16800563231716553
1 0.6916584596816376 0.8793303715916594 0.31189649420903187 0.22362943930236626
1 0.8862946792835634 0.6579452092202643 0.17748726095825482 0.2556510780624395
1 0.8904856813504782 0.4673474802975033 0.18409682588823212 0.19633062021691713
1 0.7872686360652079 0.4866928988172182 0.13478603060296201 0.17729881908544912
1 0.8096424038478881 0.3584724500468822 0.18136993217453856 0.1713215298578376
1 0.03651102274733364 0.595807403688992 0.07302204549466727 0.13493860226293625
1 0.03096626706106388 0.7043966085094523 0.06193253412212776 0.14423178903121964
1 0.04184708995136804 0.4934500181503726 0.08369417990273607 0.15372496369925487
1 0.6364104191493691 0.27122295580241884 0.12374152274507892 0.20847609621281205
1 0.8606677105056979 0.2355525796335733 0.15004715756743253 0.16957722267624523
1 0.530841123449814 0.1398416664766115 0.210222678245597 0.1871101563212707
1 0.17920369478993226 0.17703415691044588 0.16734166542531542 0.13843630698520065
0 0.6541670758927414 0.7452099016458886 0.12566358767505648 0.1491283672900508
0 0.5846700591435183 0.7784178322658519 0.09546666542531543 0.1380181504675381
0 0.4374846900369305 0.8027052808397961 0.3103339942090317 0.22362034894328664
0 0.477685850914132 0.8954149556060271 0.2610231989237615 0.20458854781181834
0 0.21769657485928406 0.843035885931403 0.27687083085063097 0.2765362706844555
0 0.12338591853019656 0.520234711066976 0.1619350355653606 0.2571226744716434
0 0.08572767659296718 0.39164662363476277 0.17145535318593436 0.1635817527304745
0 0.17301569913315845 0.3434313165513663 0.09579199710451584 0.1114647408266178
0 0.07935774441842873 0.3252312832756831 0.09898977171162171 0.11304542154477701
0 0.11953113420318102 0.2843835694782325 0.08285534946188075 0.10201701795398091
0 0.7050084077768296 0.3747019589256768 0.11250861621110371 0.134993144417414
0 0.9254556867271617 0.5382185165000526 0.10367727171162144 0.11307269262201594
1 0.27808395720043827 0.9215694312091387 0.1611644400324213 0.13996244554888193
1 0.2015556904512153 0.9548182684449603 0.165012877997928 0.08843630698520073
0 0.38543227005899194 0.2266018439733169 0.1963871182780183 0.3260544816532356
0 0.4751603959900053 0.329176877249 0.20306945781510155 0.2682965238077134
0 0.8245116550907424 0.810607121788051 0.29057376592065365 0.3359749031980126
1 0.715524106909988 0.7190786728213233 0.13326207195929066 0.2116556383672897
1 0.35387609326113695 0.46812626864135193 0.13761993217453838 0.17106699980360834
0 0.27534879466609774 0.22568021428842994 0.19467045285270287 0.1885817527304745
0 0.739231512201109 0.1933019680008631 0.18685795285270287 0.18853630093507645