1 0.4453125 0.29140625 0.296875 0.240625
1 0.359375 0.459375 0.228125 0.1953125
1 0.54375 0.4421875 0.2234375 0.2125
1 0.35 0.67890625 0.2625 0.2734375
1 0.56640625 0.73046875 0.234375 0.20625
1 0.4328125 0.90078125 0.175 0.1171875
1 0.30546875 0.86171875 0.209375 0.15625
1 0.20625 0.93671875 0.15 0.1265625
1 0.09453125 0.94140625 0.1828125 0.1171875
1 0.096875 0.29296875 0.19375 0.29375
1 0.30078125 0.0828125 0.246875 0.165625
1 0.49765625 0.08203125 0.1875 0.1625
1 0.48515625 0.1859375 0.171875 0.1171875
1 0.6140625 0.16015625 0.1625 0.1671875
1 0.434375 0.96171875 0.13125 0.0765625
1 0.32265625 0.96875 0.140625 0.0625
1 0.5375 0.95546875 0.15 0.0890625
1 0.7171875 0.33359375 0.20625 0.103125
1 0.73671875 0.1046875 0.1625 0.134375
1 0.86015625 0.4390625 0.178125 0.19375
1 0.84921875 0.79765625 0.1296875 0.15625
0 0.23125 0.32734375 0.14375 0.1125
0 0.20234375 0.4 0.134375 0.08125
0 0.1890625 0.54921875 0.20625 0.2921875
0 0.09375 0.5125 0.1875 0.24375
0 0.16484375 0.77421875 0.2640625 0.2515625
0 0.50234375 0.8625 0.253125 0.1359375
0 0.6390625 0.909375 0.153125 0.18125
0 0.67890625 0.8078125 0.1078125 0.084375
0 0.70546875 0.903125 0.109375 0.0890625
0 0.74375 0.8609375 0.0984375 0.0734375
0 0.60625 0.26640625 0.13125 0.1
0 0.42265625 0.04609375 0.1078125 0.0921875
1 0.0796875 0.71484375 0.13125 0.1484375
1 0.0453125 0.79375 0.090625 0.1578125
0 0.78203125 0.58828125 0.321875 0.1625
0 0.6703125 0.49921875 0.2625 0.175
0 0.15546875 0.1421875 0.3109375 0.284375
1 0.25234375 0.26484375 0.209375 0.1125
1 0.53828125 0.6265625 0.165625 0.121875
0 0.79140625 0.70078125 0.1796875 0.1765625
0 0.78984375 0.228125 0.1796875 0.16875