1 0.44140625 0.2859375 0.2953125 0.2390625
1 0.35546875 0.453125 0.2265625 0.19375
1 0.5390625 0.4359375 0.221875 0.2109375
1 0.346875 0.671875 0.259375 0.271875
1 0.5625 0.7234375 0.2328125 0.20625
1 0.42890625 0.89296875 0.175 0.115625
1 0.30234375 0.8546875 0.20625 0.15625
1 0.203125 0.9328125 0.15 0.134375
1 0.0921875 0.9375 0.18125 0.125
1 0.09609375 0.28671875 0.1921875 0.2921875
1 0.2984375 0.08046875 0.246875 0.1609375
1 0.49375 0.0796875 0.1875 0.159375
1 0.48125 0.18046875 0.171875 0.115625
1 0.609375 0.1546875 0.1609375 0.165625
1 0.43046875 0.9578125 0.1296875 0.084375
1 0.31953125 0.96484375 0.140625 0.0703125
1 0.53359375 0.9515625 0.1484375 0.096875
1 0.71171875 0.328125 0.2046875 0.103125
1 0.73125 0.1 0.1625 0.134375
1 0.8546875 0.4328125 0.175 0.19375
1 0.84375 0.790625 0.128125 0.1546875
0 0.22890625 0.321875 0.14375 0.1109375
0 0.2 0.39375 0.134375 0.08125
0 0.1859375 0.54296875 0.20625 0.290625
0 0.0921875 0.5046875 0.184375 0.24375
0 0.1625 0.76640625 0.2625 0.25
0 0.4984375 0.8546875 0.253125 0.1359375
0 0.634375 0.90546875 0.1515625 0.1890625
0 0.67421875 0.80078125 0.10625 0.084375
0 0.70078125 0.8953125 0.109375 0.0875
0 0.73828125 0.85390625 0.096875 0.0734375
0 0.6015625 0.2609375 0.13125 0.0984375
0 0.41953125 0.04375 0.10625 0.0875
1 0.078125 0.7078125 0.13125 0.1484375
1 0.04453125 0.7859375 0.0890625 0.15625
0 0.7765625 0.58125 0.31875 0.1625
0 0.665625 0.49296875 0.259375 0.175
0 0.15390625 0.1390625 0.3078125 0.278125
1 0.25 0.259375 0.20625 0.1109375
1 0.53359375 0.61953125 0.1640625 0.121875
0 0.7859375 0.69375 0.178125 0.1765625
0 0.78359375 0.22265625 0.178125 0.16875