1 0.70625 0.55234375 0.234375 0.290625
1 0.5421875 0.63671875 0.19140625 0.22265625
1 0.559375 0.45625 0.20703125 0.21875
1 0.32734375 0.6453125 0.2671875 0.25625
1 0.2765625 0.43359375 0.2015625 0.2296875
1 0.109375 0.56484375 0.11484375 0.171875
1 0.14765625 0.6890625 0.15390625 0.20390625
1 0.06875 0.7875 0.13671875 0.146875
1 0.0640625 0.896875 0.128125 0.17890625
1 0.70546875 0.89921875 0.2875 0.2015625
1 0.91484375 0.69296875 0.16953125 0.24296875
1 0.9140625 0.50234375 0.1625 0.184375
1 0.81015625 0.51328125 0.11484375 0.16953125
1 0.83515625 0.38671875 0.16328125 0.15859375
1 0.04375 0.5640625 0.0875 0.128125
1 0.03671875 0.67265625 0.0734375 0.13828125
1 0.05 0.4625 0.1 0.146875
1 0.66484375 0.2859375 0.10078125 0.2015625
1 0.8890625 0.2671875 0.13125 0.16015625
1 0.5625 0.14609375 0.18984375 0.1734375
1 0.2109375 0.15703125 0.15234375 0.1265625
0 0.67109375 0.76171875 0.109375 0.14140625
0 0.60078125 0.78984375 0.0796875 0.13203125
0 0.45390625 0.803125 0.2859375 0.20234375
0 0.49140625 0.90234375 0.2390625 0.19453125
0 0.23359375 0.8265625 0.24609375 0.25859375
0 0.146875 0.49609375 0.13359375 0.24765625
0 0.0953125 0.36328125 0.18984375 0.14921875
0 0.20078125 0.3234375 0.0828125 0.10546875
0 0.1078125 0.29765625 0.0859375 0.10703125
0 0.1484375 0.26015625 0.071875 0.09609375
0 0.73046875 0.39453125 0.096875 0.128125
0 0.95078125 0.575 0.0984375 0.10546875
1 0.2921875 0.91015625 0.14609375 0.1296875
1 0.21484375 0.95 0.15390625 0.1
0 0.415625 0.22265625 0.159375 0.31484375
0 0.50234375 0.33203125 0.17265625 0.25625
0 0.85703125 0.8421875 0.2859375 0.315625
1 0.7328125 0.740625 0.109375 0.20390625
1 0.378125 0.46171875 0.11875 0.16171875
0 0.30546875 0.21328125 0.1734375 0.17578125
0 0.76875 0.215625 0.165625 0.17578125