0 0.8733314468848498 0.7948021533978131 0.14517141066226813 0.15952308320625014
0 0.7404149614663262 0.9667576210096531 0.1586141335443793 0.06648475798069384
0 0.8412500357603634 0.9431395894745143 0.12569398495630502 0.11372082105097156
0 0.6316811559769075 0.8344594929692366 0.1200804824490227 0.1558162017473613
0 0.7828261188298891 0.8504689655181604 0.12146112602253183 0.1496025693385416
0 0.7058748254146643 0.9158199021635423 0.13088159012915454 0.15138327488562525
0 0.8265209798752332 0.6617707946403479 0.1357509465556454 0.15774237765916688
0 0.7202830032321983 0.7670375632577089 0.11672816191590929 0.147930966565
0 0.9493612944045033 0.6997637167524313 0.1012774111909934 0.10385365824437506
0 0.5484328029821361 0.17359342173083378 0.14471676959604132 0.14389808320625014
0 0.4861661351937321 0.23382110049243096 0.1538189849563052 0.1347412887533334
0 0.41838525329870524 0.2923589926848962 0.19494409012915473 0.15287434612402792
0 0.34543113809672593 0.3609258483082295 0.1732509465556454 0.15861519984750014
0 0.28022132673481254 0.42733079188746553 0.16154055674305984 0.1317981267092362
0 0.21266776537289916 0.4936811840799307 0.1823531619159094 0.1494584053945834
0 0.13944086553118376 0.552873039703264 0.14908602084968256 0.1330696859797918
0 0.6889250738318187 0.3064630859591325 0.17596676959604132 0.1446254350298613
0 0.6150078522033485 0.3687617577868755 0.15510870031656906 0.12540265634451409
0 0.5535906305748786 0.43135137034406296 0.16034176959604132 0.14426175911805572
0 0.4719063730530312 0.4950307042159031 0.16806334138279594 0.1413185970739585
0 0.41538123990436315 0.5647606695466323 0.1455973079967011 0.12049695079743081
0 0.3438077682758931 0.6271138927611462 0.14908602084968248 0.1330696859797918
0 0.26692467102060236 0.694808579406528 0.16020537727617326 0.1395742591180557
0 0.8241304511079919 0.44545546361829924 0.1636940901291549 0.15214699430041673
0 0.7480968000126353 0.5155120840592715 0.1650292695960413 0.14437086189159737
0 0.6746198475844951 0.5661101896826046 0.1538189849563052 0.1347412887533334
0 0.6063986964891385 0.6363486480794797 0.1494042695960413 0.14400718597979179
0 0.5390951877136498 0.7112927902719448 0.1508758413827959 0.14091855357097244
0 0.4709960570722642 0.7588931824644101 0.15547241316955063 0.1379026563445141
0 0.41306754829677567 0.8340555302039586 0.16369409012915473 0.1521469943004167