1 0.346875 0.52578125 0.0890625 0.0703125
1 0.409375 0.5265625 0.075 0.078125
1 0.5234375 0.45234375 0.059375 0.10625
1 0.553125 0.4 0.0828125 0.0703125
1 0.60625 0.3921875 0.071875 0.0796875
1 0.6421875 0.46484375 0.078125 0.10625
1 0.6515625 0.5421875 0.06875 0.1125
1 0.65625 0.63125 0.053125 0.11875
1 0.6203125 0.70390625 0.084375 0.0796875
1 0.55390625 0.70078125 0.084375 0.06875
1 0.51875 0.64140625 0.0625 0.1234375
1 0.5421875 0.578125 0.08125 0.065625
1 0.6078125 0.54453125 0.0875 0.059375
1 0.54765625 0.52890625 0.0828125 0.0828125