1 0.6696130529159321 0.5717652837152993 0.10113313206674697 0.08406877461060631
1 0.6074439235627185 0.5613757015037033 0.08896068068726617 0.08995506175762476
1 0.5042979121427578 0.4686677127864744 0.08097776232447185 0.11624477711788864
1 0.48029716813565154 0.4125851973470683 0.09488313206674696 0.08388691818411545
1 0.4286970465843541 0.39548261388183115 0.08748006784239593 0.09147209765100203
1 0.3860425570998037 0.45976642273646195 0.09660276232447185 0.11669941818411544
1 0.36953780981333717 0.5318316393503671 0.09068031094499088 0.12276756175762475
1 0.3552916033454735 0.617223570070895 0.07669969810012063 0.12392088479802066
1 0.38348188036926645 0.6937095137235465 0.09849945499752559 0.09335284639736088
1 0.4479128725673503 0.7026047920950764 0.0963637449116174 0.08236988229073816
1 0.48891965287050365 0.6515340370805116 0.0864841338757694 0.13200616943775678
1 0.4722810295101838 0.5870850921742188 0.09307497060135787 0.07915395407749273
1 0.4122166327441156 0.5424341702291795 0.09743492198083885 0.07304034639736087
1 0.47204533412359667 0.5379345383341528 0.09701884215265544 0.09486988229073816