1 0.1234375 0.28203125 0.109375 0.140625
1 0.41640625 0.653125 0.13125 0.134375
1 0.265625 0.16484375 0.121875 0.14375
1 0.165625 0.653125 0.109375 0.146875
1 0.44765625 0.828125 0.121875 0.1625
1 0.14296875 0.403125 0.115625 0.15
1 0.40390625 0.04296875 0.1234375 0.0859375
1 0.39140625 0.43203125 0.1 0.15625
1 0.49296875 0.5765625 0.1046875 0.15
1 0.5234375 0.68671875 0.10625 0.140625
1 0.73203125 0.4765625 0.10625 0.15625
1 0.66796875 0.56015625 0.1046875 0.15
1 0.32421875 0.84140625 0.1265625 0.159375
1 0.3125 0.36484375 0.103125 0.153125
1 0.4640625 0.93515625 0.1203125 0.1296875
1 0.1859375 0.21640625 0.1125 0.15
1 0.61328125 0.65703125 0.1046875 0.153125
1 0.6890625 0.23984375 0.125 0.1796875
1 0.25546875 0.91796875 0.125 0.159375
1 0.5953125 0.13203125 0.1203125 0.146875
1 0.37421875 0.93828125 0.121875 0.1234375
1 0.66328125 0.4015625 0.128125 0.1703125
1 0.16796875 0.86796875 0.1125 0.159375
1 0.278125 0.26640625 0.1265625 0.146875
1 0.38984375 0.31171875 0.1046875 0.1265625
1 0.4796875 0.74140625 0.103125 0.140625
1 0.54140625 0.88515625 0.128125 0.1765625
1 0.2390625 0.80703125 0.0890625 0.146875
1 0.20703125 0.3484375 0.128125 0.1734375
1 0.0609375 0.36015625 0.1046875 0.1734375
1 0.034375 0.7296875 0.06875 0.153125
1 0.571875 0.76484375 0.096875 0.146875
1 0.215625 0.54296875 0.1 0.146875
1 0.5078125 0.2265625 0.0953125 0.14375
1 0.353125 0.15703125 0.075 0.146875
1 0.02109375 0.29296875 0.0421875 0.159375
1 0.51015625 0.11171875 0.109375 0.153125
1 0.56640625 0.30859375 0.103125 0.140625
1 0.04453125 0.58984375 0.0890625 0.159375
1 0.2046875 0.7484375 0.0890625 0.14375
1 0.5609375 0.53984375 0.065625 0.15
1 0.421875 0.56015625 0.096875 0.14375
1 0.353125 0.553125 0.10625 0.15
1 0.2734375 0.6203125 0.109375 0.15
1 0.2265625 0.48828125 0.0953125 0.10625
1 0.315625 0.48203125 0.090625 0.134375
1 0.0203125 0.48359375 0.040625 0.146875
1 0.065625 0.5046875 0.1046875 0.15625
1 0.14765625 0.53203125 0.115625 0.159375
1 0.084375 0.675 0.0953125 0.1296875
1 0.1 0.746875 0.1046875 0.14375
1 0.6125 0.9796875 0.1125 0.040625
1 0.603125 0.4515625 0.09375 0.1375
1 0.55546875 0.3765625 0.0953125 0.1375
1 0.5078125 0.46640625 0.1 0.1296875
1 0.478125 0.3984375 0.090625 0.1375
1 0.46875 0.31328125 0.0890625 0.103125
1 0.3953125 0.2234375 0.09375 0.10625
1 0.3125 0.04296875 0.103125 0.0859375
1 0.32578125 0.08203125 0.090625 0.1375
1 0.4109375 0.11796875 0.0875 0.14375
1 0.4546875 0.11640625 0.0734375 0.134375
1 0.28984375 0.7046875 0.0875 0.134375
1 0.35078125 0.721875 0.096875 0.1234375
1 0.403125 0.753125 0.08125 0.1265625
1 0.45703125 0.21328125 0.0796875 0.1296875