1 0.10760067795195676 0.3597611815917773 0.11884200135263549 0.14832903663473135
1 0.4188081612428678 0.6887614433504223 0.13911813868554468 0.14626856965141818
1 0.22780518463559235 0.2409846053816384 0.13139654535327183 0.1536716338757694
1 0.18565930657227708 0.7054665072360893 0.12047722668681726 0.15466092378986113
1 0.4669536652212324 0.8507568323145744 0.1347397213558171 0.17258540818602902
1 0.1383410532702302 0.4723773682719372 0.12678177068745358 0.15967597241038015
1 0.3428409333227278 0.0961401741285454 0.13284995735199914 0.14437852103089915
1 0.3727342346037756 0.48309794154139996 0.11277381468808993 0.16362648801421234
1 0.4822444999204582 0.6115681795556124 0.11582608935390812 0.15754026232447185
1 0.5217149852403224 0.7129159955889859 0.1172795013526354 0.1482471494796016
1 0.6953632126034575 0.5023513890756937 0.11902381468808994 0.16395403663473135
1 0.6435910799252307 0.5848463065339768 0.11582608935390812 0.15754026232447202
1 0.35336333255095986 0.8713825135676674 0.13784654002227176 0.17118668249628827
1 0.29210239994432075 0.4257148094746529 0.11429995202099903 0.1605833751693421
1 0.4938968785407785 0.9388898388732951 0.1298158640197263 0.12222032225340981
1 0.15838247529441088 0.29519407055592933 0.12365677068745358 0.15951219810012063
1 0.6026291779121858 0.6788519340781681 0.11586245202099903 0.16066526232447184
1 0.6298943959659561 0.2839455478275495 0.13804653469127165 0.1883741824962884
1 0.2954866505410967 0.9312643673674259 0.13612040802036268 0.1374712652651482
1 0.531730163311592 0.18812071347681028 0.12987040802036276 0.15671474672063965
1 0.41176563120627857 0.9453135792623566 0.1311783693507264 0.10937284147528673
1 0.6226438752785025 0.4367839427845953 0.14108062802354446 0.18072545680654795
1 0.20990368654523284 0.9060773388732951 0.12532835868872622 0.1689690852552502
1 0.2501518046228656 0.3359629127085847 0.13613858935390816 0.15860479534115868
1 0.3591904499522749 0.3706012635676673 0.11244655068427196 0.13550148801421233
1 0.4874667072326865 0.7674054217536962 0.1125920013526354 0.14800148801421234
1 0.5594315192155055 0.8978166180447946 0.14271585335772627 0.1870573439616777
1 0.26925196188736883 0.8443043571906607 0.10170904535327185 0.15211577792830405
1 0.19214785327818434 0.41656778154634877 0.1426794906906353 0.1839323439616777
1 0.05891482664306926 0.43769142978275494 0.11782965328613852 0.17957903663473135
1 0.06277524256050489 0.7857980591359686 0.10021927068745358 0.15828389077317445
1 0.5756206878978684 0.7829695460185272 0.10952154535327185 0.152525213703953
1 0.2205166592536855 0.598633331071379 0.11110222668681721 0.15416960085908257
1 0.46027223929822886 0.2828732914959714 0.10792268268618095 0.14931832654882315
1 0.3084739293045923 0.22801429387082064 0.08919086401972631 0.14989818068726607
1 0.0209108419796373 0.37931236374938143 0.0418216839592746 0.15862472749876283
1 0.4497989106460919 0.1752278878324983 0.12054995202099902 0.1609109237898611
1 0.5227444199554566 0.3557209712787264 0.1125920013526354 0.14800148801421234
1 0.05840065662795633 0.6541795669378847 0.11680131325591266 0.16707903663473136
1 0.23156160522759578 0.7915168718899818 0.10167268268618095 0.14899077792830404
1 0.5421013052594125 0.5732736414505429 0.08139654535327186 0.1510512449116174
1 0.4151388159214127 0.601015781885033 0.10948518268618095 0.14940021370395282
1 0.34949563458786725 0.5991390213695834 0.11738858935390813 0.1576221494796016
1 0.28226213391154953 0.666752567276569 0.12051358935390813 0.15778592378986112
1 0.22503198392745788 0.5464942989592032 0.10285337468172655 0.11626016508343398
1 0.30725413792968503 0.5343871246035153 0.10156359468490823 0.13961577792830404
1 0.030003483967228777 0.5564071302577248 0.060006967934457554 0.1471892605154496
1 0.07697574458945809 0.5731309627994416 0.11589881468808991 0.16379026232447202
1 0.15649052192077637 0.5921509577110591 0.12845335868872626 0.16913285956550989
1 0.11188545190168635 0.7305240609449909 0.10621473201781732 0.13673643939369348
1 0.13378717655955039 0.7965551746943722 0.11575336401972636 0.151290262324472
1 0.6365201832034151 0.9768252691083056 0.11329997867599957 0.04634946178338879
1 0.5720166192711847 0.4880698038204433 0.10472495735199913 0.14290455223856355
1 0.5204273946133207 0.42048283412359666 0.10628745735199914 0.14298643939369332
1 0.48501605860123026 0.507743816710742 0.10935791335136287 0.138462713703953
1 0.44977853994272987 0.4457041621427578 0.10159995735199914 0.14274077792830403
1 0.43271885662000215 0.36663745985876567 0.09654883068109026 0.11124511646291486
1 0.35546656063018345 0.28754310210227807 0.09971019334818117 0.11453389077317437
1 0.2575392326543642 0.10417732417397393 0.11251927601845377 0.1417514880142124
1 0.2748807266470464 0.1590252764579661 0.10159995735199914 0.14274077792830414
1 0.3589648253103192 0.18844718283497267 0.09854768268618094 0.14882700361804463
1 0.3988903913112737 0.18350405529078134 0.08435791335136286 0.13715251922187682
1 0.30636215790105004 0.745406511758645 0.09687609468490824 0.13937011646291478
1 0.3656371605665501 0.7571119736535755 0.10616018801718105 0.1320489393936933
1 0.4169269405633684 0.7832517497728574 0.09209768801718106 0.13131195499752552
1 0.41112621463241067 0.27404384610938426 0.09057155068427196 0.13435506784239584