1 0.13203125 0.3078125 0.10234375 0.13125
1 0.40703125 0.65625 0.12265625 0.125
1 0.265625 0.1984375 0.11484375 0.134375
1 0.171875 0.65625 0.10234375 0.1375
1 0.43671875 0.8203125 0.11484375 0.153125
1 0.15078125 0.421875 0.10859375 0.140625
1 0.39609375 0.0625 0.11640625 0.125
1 0.38359375 0.4484375 0.09375 0.146875
1 0.47890625 0.584375 0.09765625 0.140625
1 0.50703125 0.6875 0.1 0.13125
1 0.703125 0.490625 0.1 0.146875
1 0.64296875 0.56875 0.09765625 0.140625
1 0.32109375 0.8328125 0.11875 0.15
1 0.309375 0.3859375 0.09609375 0.14375
1 0.453125 0.9296875 0.1125 0.140625
1 0.190625 0.246875 0.10625 0.140625
1 0.59140625 0.659375 0.09765625 0.14375
1 0.6625 0.26875 0.11640625 0.16875
1 0.25625 0.9046875 0.11640625 0.15
1 0.575 0.1671875 0.1125 0.1375
1 0.36875 0.9328125 0.11484375 0.134375
1 0.63828125 0.4203125 0.12109375 0.159375
1 0.17421875 0.8578125 0.10625 0.15
1 0.27734375 0.29375 0.11875 0.1375
1 0.38203125 0.3359375 0.09765625 0.11875
1 0.46640625 0.7390625 0.09609375 0.13125
1 0.52421875 0.8734375 0.12109375 0.165625
1 0.240625 0.8 0.08359375 0.1375
1 0.21015625 0.3703125 0.12109375 0.1625
1 0.07421875 0.38125 0.09765625 0.1625
1 0.040625 0.728125 0.08125 0.14375
1 0.553125 0.7609375 0.09140625 0.1375
1 0.21875 0.553125 0.09375 0.1375
1 0.49296875 0.25625 0.08984375 0.134375
1 0.34765625 0.190625 0.07109375 0.1375
1 0.028125 0.3203125 0.05625 0.15
1 0.49453125 0.1484375 0.10234375 0.14375
1 0.54765625 0.3328125 0.09609375 0.13125
1 0.05 0.596875 0.1 0.15
1 0.20859375 0.7453125 0.08359375 0.134375
1 0.54296875 0.55 0.0625 0.140625
1 0.4125 0.56875 0.09140625 0.134375
1 0.34765625 0.5625 0.1 0.140625
1 0.27265625 0.625 0.10234375 0.140625
1 0.22890625 0.5015625 0.08984375 0.1
1 0.3125 0.4953125 0.08515625 0.125
1 0.02734375 0.496875 0.05390625 0.1375
1 0.078125 0.5171875 0.09765625 0.146875
1 0.15546875 0.5421875 0.10859375 0.15
1 0.09609375 0.6765625 0.08984375 0.121875
1 0.11015625 0.74375 0.09765625 0.134375
1 0.590625 0.971875 0.10625 0.05625
1 0.58203125 0.4671875 0.0875 0.128125
1 0.5375 0.396875 0.08984375 0.128125
1 0.49296875 0.48125 0.09375 0.121875
1 0.46484375 0.4171875 0.08515625 0.128125
1 0.45625 0.3375 0.08359375 0.096875
1 0.3875 0.253125 0.0875 0.1
1 0.31015625 0.0640625 0.09609375 0.125
1 0.321875 0.1203125 0.08515625 0.128125
1 0.40234375 0.1546875 0.08125 0.134375
1 0.44296875 0.153125 0.06875 0.125
1 0.28828125 0.7046875 0.08125 0.125
1 0.34609375 0.7203125 0.09140625 0.115625
1 0.39453125 0.75 0.07734375 0.11875
1 0.44453125 0.24375 0.075 0.121875