1 0.0125 0.8375 0.025 0.046875
1 0.0203125 0.7703125 0.040625 0.046875
1 0.028125 0.709375 0.05625 0.053125
1 0.0734375 0.87109375 0.0390625 0.0375
1 0.08984375 0.93828125 0.0484375 0.0453125
1 0.13203125 0.859375 0.0390625 0.040625
1 0.18671875 0.8484375 0.0421875 0.040625
1 0.24453125 0.83671875 0.046875 0.040625
1 0.30625 0.8234375 0.046875 0.0421875
1 0.31875 0.8953125 0.0515625 0.0484375
1 0.26015625 0.90390625 0.0453125 0.0421875
1 0.34140625 0.96875 0.040625 0.05
1 0.27890625 0.978125 0.0453125 0.04375
1 0.21796875 0.98359375 0.05625 0.03125
1 0.1625 0.9921875 0.040625 0.015625
1 0.14609375 0.9265625 0.046875 0.04375
1 0.4890625 0.98046875 0.0453125 0.0375
1 0.41328125 0.97109375 0.04375 0.0484375
1 0.42578125 0.9171875 0.040625 0.0375
1 0.45 0.7421875 0.046875 0.05
1 0.509375 0.87578125 0.0359375 0.04375
1 0.29609375 0.759375 0.0640625 0.0484375
1 0.296875 0.69140625 0.078125 0.053125
1 0.296875 0.6234375 0.084375 0.0625
1 0.30234375 0.559375 0.06875 0.0515625
1 0.3734375 0.5609375 0.065625 0.059375
1 0.36015625 0.628125 0.0390625 0.05
1 0.45 0.59140625 0.053125 0.05625
1 0.54609375 0.60546875 0.0484375 0.053125
1 0.5546875 0.5484375 0.046875 0.0515625
1 0.57421875 0.490625 0.05625 0.0515625
1 0.46171875 0.5328125 0.0515625 0.053125
1 0.475 0.4765625 0.053125 0.053125
1 0.48515625 0.41796875 0.0546875 0.053125
1 0.59375 0.37890625 0.053125 0.0546875
1 0.6609375 0.73515625 0.0625 0.05
1 0.6765625 0.790625 0.0546875 0.0390625
1 0.62734375 0.8609375 0.0625 0.0453125
1 0.70390625 0.90546875 0.0640625 0.0484375
1 0.71796875 0.9640625 0.05625 0.0484375
1 0.7671875 0.65390625 0.06875 0.065625
1 0.73125 0.734375 0.0796875 0.071875
1 0.85546875 0.5921875 0.053125 0.05
1 0.8296875 0.5203125 0.05 0.0453125
1 0.89375 0.5046875 0.046875 0.04375
1 0.91171875 0.5734375 0.0453125 0.046875
1 0.97421875 0.5546875 0.0484375 0.046875
1 0.93359375 0.40859375 0.04375 0.04375
1 0.98515625 0.39140625 0.0296875 0.0515625
1 0.86640625 0.4296875 0.0546875 0.046875
1 0.80859375 0.44765625 0.053125 0.0578125
1 0.940625 0.30546875 0.053125 0.071875
1 0.8875 0.13984375 0.059375 0.078125
1 0.8765625 0.32734375 0.05625 0.0703125
1 0.81875 0.1640625 0.05625 0.071875
1 0.8125 0.353125 0.0515625 0.0734375
1 0.70546875 0.2125 0.0515625 0.0734375
1 0.64609375 0.234375 0.05 0.078125
1 0.6953125 0.38984375 0.0625 0.071875
1 0.8328125 0.0828125 0.05625 0.053125
1 0.73203125 0.078125 0.053125 0.05625
1 0.63515625 0.07734375 0.0515625 0.065625
1 0.63046875 0.15546875 0.053125 0.05625
1 0.56796875 0.1671875 0.0515625 0.0546875
1 0.5578125 0.23671875 0.0546875 0.065625
1 0.48828125 0.1515625 0.05 0.059375
1 0.475 0.2265625 0.059375 0.059375
1 0.3828125 0.43984375 0.05 0.059375
1 0.39609375 0.36328125 0.053125 0.059375
1 0.4046875 0.29296875 0.059375 0.059375
1 0.4140625 0.21640625 0.053125 0.0625
1 0.42265625 0.13984375 0.0640625 0.0625
1 0.3359375 0.20859375 0.059375 0.05625
1 0.34296875 0.128125 0.06875 0.071875
1 0.30546875 0.428125 0.0546875 0.059375
1 0.32265625 0.36015625 0.0453125 0.0421875
1 0.31953125 0.28828125 0.0625 0.0578125
1 0.26328125 0.23984375 0.0671875 0.059375
1 0.2171875 0.29609375 0.0625 0.0546875
1 0.27265625 0.34296875 0.05625 0.053125
1 0.234375 0.4 0.0640625 0.0515625
1 0.18515625 0.45234375 0.059375 0.0484375
1 0.140625 0.51171875 0.05625 0.046875
1 0.08203125 0.46796875 0.0625 0.0453125
1 0.08984375 0.38984375 0.0484375 0.0578125
1 0.16171875 0.3375 0.0515625 0.059375
1 0.1015625 0.2984375 0.053125 0.0515625
1 0.2546875 0.13125 0.059375 0.065625
1 0.19609375 0.21484375 0.0546875 0.06875
1 0.17421875 0.1171875 0.059375 0.078125
1 0.125 0.1953125 0.05 0.071875
1 0.09921875 0.09765625 0.0546875 0.078125
1 0.04296875 0.17734375 0.0515625 0.0671875
1 0.2171875 0.47890625 0.04375 0.06875
1 0.5953125 0.7421875 0.0625 0.053125