1 0.003012323080792817 0.9105244427758297 0.006024646161585634 0.046048885551659424
1 0.037722973728183784 0.9161528798696164 0.04741351087441492 0.052353432629559646
1 0.09475422372818379 0.9171483640413036 0.05599001482874759 0.07123980032431163
1 0.15816280772057256 0.9151279423687925 0.05605368182494201 0.07280230032431163
1 0.21597530772057255 0.9161370633099551 0.06274935079830275 0.08384889448011279
1 0.07928307403219495 0.8363523315738997 0.04228034190105419 0.04133411201270896
1 0.023847417206159138 0.811124460632737 0.047694834412318275 0.05084547970746058
1 0.10091533490660987 0.7851307508107789 0.04384284190105418 0.041361385551659066
1 0.1200446782905388 0.7377745097392326 0.04559634288963736 0.04607615909060954
1 0.14167693916495372 0.6865529289761119 0.045723676882026165 0.049201159090609535
1 0.16421778403175744 0.6322199849824663 0.04734984387822054 0.050790932629560005
1 0.10257728848038172 0.6100352934244527 0.05379084486680369 0.05558752678536116
1 0.0832887776059668 0.661297784495999 0.047222509885831744 0.04766593262955983
1 0.03978812840426954 0.5776670783274888 0.05184634288963734 0.04618525324641087
1 0.022382394240190857 0.6327949090906095 0.04476478848038171 0.049337526785361165
1 0.011661764297274984 0.6848113766232055 0.023323528594549968 0.06024775324641087
1 0.042463506351428544 0.7614381063306659 0.048912343878220535 0.05081820616851011
1 0.04929707406937599 0.4402352621748646 0.05666117688202614 0.04939207386326192
1 0.05030647574253118 0.5113971960222405 0.05191000988583174 0.047747753246410875
1 0.10199630973491995 0.5091722228076017 0.04078150889724856 0.04286933847375849
1 0.2643689757425312 0.5151336708584371 0.05516234387822046 0.05092730032431163
1 0.1540800745636676 0.43971883928453737 0.046904174904859805 0.03985343262955983
1 0.22045319657932755 0.6527467191541538 0.05579901384016441 0.06655230032431163
1 0.2826030281002584 0.6624314107121674 0.06262201680591399 0.08072389448011297
1 0.3439079426249948 0.6736649655007059 0.07218801779449713 0.08557503571381489
1 0.40234252513450885 0.6785939732113435 0.05911501482874759 0.07129434740221222
1 0.41439153897467335 0.6131326144450455 0.06530134783255317 0.06984094155801372
1 0.3509829549822845 0.6151530361175567 0.053281508897248565 0.043087526785361166
1 0.40019638779580974 0.5393951055165918 0.061667011862998014 0.05728639448011279
1 0.40460665657889 0.450346242286067 0.056788510874414964 0.05251707386326192
1 0.45773165657889 0.45127354261037855 0.05672484387822045 0.05095457386326192
1 0.5143954920541536 0.44209914001259076 0.057106845855386903 0.06032957386326192
1 0.45576063829010127 0.5380195661493289 0.05691584486680377 0.05564207386326174
1 0.5082953892786846 0.5342457297041653 0.05691584486680377 0.05564207386326174
1 0.5629828892786846 0.5352003035674271 0.058605678859192524 0.05879434740221221
1 0.6191466590503479 0.4423639671222636 0.060104511862997964 0.05725912094116268
1 0.3081056827763441 0.32435471225429485 0.05723417984777566 0.06345457386326192
1 0.2613407707230656 0.3016478693163095 0.045978344866803765 0.055451159090609534
1 0.1888145133086918 0.33556317329406904 0.052610346843970035 0.06493525324641088
1 0.163027946122217 0.2584961128234878 0.05579901384016441 0.06655230032431163
1 0.11232495057084128 0.2365023360381265 0.05398184585538689 0.06027502678536125
1 0.40138745057084135 0.24154794074393943 0.07167868182494205 0.07307503571381498
1 0.321621696122217 0.26126437702694727 0.07993685079830275 0.08414890340856669
1 0.48442407954376454 0.026437183844080565 0.06552684091247088 0.03705571509696394
1 0.47303429889768617 0.17165422645775438 0.053790844866803765 0.05558752678536125
1 0.5326029584795067 0.2063116444768176 0.050538510874414834 0.05240797970746056
1 0.5591137203425047 0.1504843843305479 0.04728617688202626 0.04922843262955982
1 0.5000398092778094 0.1228718530809598 0.0503475098858317 0.04772047970746054
1 0.528798820646516 0.0694292532431156 0.052037343878220454 0.05087275324641087
1 0.6180032420913346 0.0483139581938098 0.0534725098858317 0.04777502678536122
1 0.5548639135361533 0.02453949309684586 0.043397172927693364 0.03042388555165918
1 0.6529738082892262 0.13023215989809314 0.048721342889637496 0.046130706168510206
1 0.6793890696579327 0.0767486497518234 0.05691584486680377 0.0556420738632619
1 0.6224931294300338 0.187553736196987 0.053854511862998146 0.057150026785361255
1 0.5946745355518133 0.2371037228043064 0.06322951186299815 0.057313668019063256
1 0.7479679733082543 0.13970834577406385 0.0758568458553869 0.06065685633066602
1 0.8872267914833124 0.2140652378185448 0.08236151384016424 0.06701595048646736
1 0.7152390449433533 0.19464526176453223 0.07435801285158128 0.06219208279171564
1 0.8527443621298282 0.27366238027006284 0.07592051285158127 0.06221935633066593
1 0.6817925335746469 0.24800604098552545 0.07735567885919252 0.05912162986961631
1 0.7887362588600675 0.3671435990204747 0.07735567885919252 0.0591216298696164
1 0.7577608314837498 0.4174202885498935 0.08197951186299815 0.057640950486467266
1 0.6268729288220115 0.3486821509696394 0.0761115138401646 0.06690685633066602
1 0.9293705291260226 0.27343628367862954 0.058605678859192524 0.05879434740221221
1 0.9146766763505536 0.3654328689059771 0.060104511862998325 0.05725912094116259
1 0.8986113245636677 0.45271468059437436 0.06791701186299832 0.0573954886359143
1 0.8269909925484452 0.44521009780265874 0.061667011862997965 0.05728639448011297
1 0.8051995641835441 0.5003379285657795 0.05847834486680377 0.05566934740221221
1 0.7396063976816414 0.4984111899298652 0.0711693458553869 0.06057503571381488
1 0.8044872983662135 0.575378838874205 0.0631021778706092 0.05418866801906326
1 0.7341429648681163 0.5749327796214396 0.06504667984777565 0.06359094155801373
1 0.524947036997507 0.6244440357105197 0.06472834486680376 0.055778441558013724
1 0.5968857039937013 0.6241361185022354 0.06322951186299815 0.057313668019063256
1 0.6616339534994098 0.6276117203686744 0.06342051285158128 0.06200116801906326
1 0.7318509530051183 0.6311827796214396 0.06641817885919252 0.058930715096963834
1 0.8027855355146322 0.6363299756436802 0.06992518083635879 0.0683602621748646
1 0.7257654376820789 0.7037844825435391 0.06029551285158128 0.061946620941162676
1 0.7997613531953986 0.7105487256436802 0.0779923488211363 0.0747466298696164
1 0.5212052716744677 0.6970866489410444 0.06329317885919253 0.05887616801906326
1 0.5863036896592453 0.6919685008074836 0.047222509885831696 0.04766593262955983
1 0.6506381036896902 0.7056003526739227 0.06361151384016442 0.06668866801906326
1 0.6841880913324004 0.7648213940697806 0.06530134783255334 0.06984094155801372
1 0.6250067509142211 0.797406023128618 0.060486513840164416 0.06663412094116268
1 0.5921743462753164 0.7397611185022354 0.0586693458553869 0.06035684740221221
1 0.5340607573400117 0.7653281343305479 0.058924013840164415 0.0666068474022122
1 0.4786264994313463 0.8018871972367612 0.055608012851581276 0.06186480032431163
1 0.41638382600936125 0.832854779217698 0.0524193458553869 0.0602477532464107
1 0.44521448015397447 0.8927752499967045 0.052546679847775654 0.0633727532464107
1 0.5168984791653912 0.8987173327884204 0.06147601087441501 0.05259889448011279
1 0.5778479080245837 0.8419275904990581 0.06322951186299815 0.057313668019063256
1 0.6019592286710996 0.9025474906612139 0.05697951186299814 0.05720457386326174
1 0.7801080863894846 0.7899498534847016 0.06973417984777583 0.06367276217486477
1 0.6940459109903332 0.8298833323813832 0.0727318458553869 0.06060230925276535
1 0.7793958205721538 0.8649907637931271 0.08079901384016441 0.06698867694751698
1 0.6990888966558773 0.8979884500761349 0.07572951186299796 0.05753185633066593
1 0.7835302222453089 0.9362072447184037 0.08060801285158128 0.06230117694751698
1 0.699875463842352 0.9729470580333016 0.07104201186299815 0.05410588393339673
1 0.4596510063514286 0.7687201412304068 0.07234984387822045 0.05122730925276535
1 0.29009317041905447 0.38267572686479145 0.058860346843970034 0.0650443474022123