1 0.0875 0.9799596898915415 0.04375 0.039317030054229464
1 0.1453125 0.9757170966055956 0.0375 0.047093168617910665
1 0.2015625 0.9660148436787293 0.04375 0.06587953005422946
1 0.26328125 0.9531557744950845 0.04375 0.06587953005422946
1 0.3203125 0.9434489763886784 0.0484375 0.07528180113146803
1 0.1703125 0.8896341508603216 0.034375 0.036137487899751616
1 0.109375 0.8751449248644267 0.040625 0.04398634933607006
1 0.18125 0.8356642683467644 0.0375 0.03615566861791066
1 0.19140625 0.7856051810127468 0.0375 0.03928066861791102
1 0.20234375 0.7316352984991895 0.0375 0.04396816861791084
1 0.2140625 0.6745358708060923 0.0390625 0.04397725897699054
1 0.1484375 0.6639801658874364 0.04375 0.047129530054229284
1 0.13984375 0.7179364128623742 0.0390625 0.04085225897699054
1 0.08046875 0.6432818465073996 0.0453125 0.03776362041330898
1 0.0703125 0.7011534338414173 0.0453125 0.040888620413308985
1 0.0578125 0.7574761567140541 0.05 0.051853391490547726
1 0.0484375 0.8090931988685319 0.0375 0.037718168617910754
1 0.0375 0.8607193313820893 0.04375 0.04556703005422946
1 0.11953125 0.8227420875304092 0.040625 0.04398634933607006
1 0.06328125 0.5074443404572755 0.05 0.040915891490547904
1 0.078125 0.576889232046019 0.04375 0.040879530054229285
1 0.128125 0.5656608405554714 0.034375 0.03769998789975162
1 0.2890625 0.5420682835702707 0.046875 0.04402271077238851
1 0.16640625 0.4880943767580207 0.040625 0.03461134933607006
1 0.2734375 0.684346687161067 0.04375 0.05962953005422929
1 0.3359375 0.6832018227978821 0.05 0.0721658914905479
1 0.3984375 0.6828382084346976 0.0578125 0.07689884328594587
1 0.45703125 0.6770285699692118 0.046875 0.06277271077238851
1 0.45625 0.6114081151487516 0.053125 0.061246572208706954
1 0.39453125 0.6242671843323965 0.046875 0.03621021077238851
1 0.428125 0.5412592416121847 0.0515625 0.05029998184962743
1 0.41484375 0.45305525966436144 0.0484375 0.044031801131468026
1 0.4671875 0.4449382326351943 0.046875 0.04402271077238851
1 0.52109375 0.4258746152469475 0.046875 0.05339771077238851
1 0.48203125 0.530008124223938 0.0484375 0.04715680113146821
1 0.53359375 0.5172081423743105 0.0484375 0.04871930113146803
1 0.5875 0.5083007749860637 0.05 0.050290891490547905
1 0.62421875 0.4073059015476927 0.05 0.05029089149054773
1 0.2953125 0.3475006721339523 0.046875 0.056522710772388504
1 0.24453125 0.3337336088040398 0.0359375 0.05020907825883123
1 0.1796875 0.3794233587058439 0.040625 0.05804884933607006
1 0.1390625 0.308565958041914 0.04375 0.05962953005422929
1 0.08515625 0.29637957543016086 0.04375 0.05337953005422928
1 0.3703125 0.2494080848981306 0.059375 0.06284543364502548
1 0.29609375 0.2826523769544124 0.065625 0.07381929508134392
1 0.409375 0.019208021371826447 0.059375 0.038416042743652894
1 0.42734375 0.16782628679172454 0.0453125 0.048701120413308895
1 0.49296875 0.1916632417103806 0.040625 0.04554884933607006
1 0.5078125 0.13220188329912425 0.040625 0.04398634933607006
1 0.44453125 0.11538254284184876 0.04375 0.040879530054229285
1 0.46171875 0.05825129889197296 0.04375 0.04400453005422929
1 0.5453125 0.021046214681213413 0.0453125 0.040888620413308915
1 0.47890625 0.011163717215296194 0.0390625 0.02232743443059239
1 0.59609375 0.09496952801112583 0.040625 0.040861349336070066
1 0.61171875 0.03784737442032966 0.046875 0.04714771077238853
1 0.57734375 0.15679736232008126 0.04375 0.050254530054229286
1 0.56015625 0.21002235626995702 0.053125 0.05030907220870697
1 0.69140625 0.08738376610726915 0.065625 0.05038179508134395
1 0.84296875 0.13572075127654623 0.071875 0.05666815651766242
1 0.6703125 0.14688148595484402 0.065625 0.051944295081343926
1 0.82109375 0.19991051630366088 0.065625 0.051944295081343926
1 0.64765625 0.20560704616149844 0.06875 0.04727497579950315
1 0.7765625 0.30329459153743 0.06875 0.04727497579950324
1 0.75625 0.358100266205465 0.071875 0.04729315651766246
1 0.61328125 0.3136195340612501 0.065625 0.056631795081344014
1 0.89609375 0.18619292906783924 0.05 0.05029089149054773
1 0.9 0.2783577031701402 0.05 0.05029089149054773
1 0.9015625 0.36741111281106054 0.059375 0.047220433645025484
1 0.8296875 0.372516769328723 0.0515625 0.05029998184962743
1 0.81875 0.4303929018422803 0.05 0.04716589149054773
1 0.75390625 0.4401451517440845 0.0609375 0.050354524004105096
1 0.8328125 0.5037485886105637 0.0546875 0.04563066256778647
1 0.76328125 0.5166531095896068 0.0546875 0.055005662567786474
1 0.5671875 0.6021689496540988 0.05625 0.04720225292686635
1 0.63828125 0.5892553383159761 0.053125 0.04874657220870695
1 0.70234375 0.5810701335937118 0.053125 0.053434072208706954
1 0.77265625 0.5720673174351291 0.0578125 0.05033634328594587
1 0.84296875 0.5638457512765462 0.059375 0.0597204336450254
1 0.78046875 0.6438968656397309 0.05 0.05341589149054791
1 0.8546875 0.6372150735834492 0.065625 0.06288179508134384
1 0.578125 0.6739803171405414 0.053125 0.05030907220870695
1 0.640625 0.6572104527773567 0.0390625 0.04085225897699054
1 0.70703125 0.659167862516473 0.053125 0.05968407220870695
1 0.7515625 0.7112525372827039 0.053125 0.06280907220870695
1 0.7 0.7537400191323312 0.05 0.059665891490547726
1 0.65625 0.7032132991865605 0.05 0.051853391490547726
1 0.60390625 0.7386740762157278 0.046875 0.05964771077238851
1 0.55625 0.784263832167656 0.04375 0.054942030054229284
1 0.5015625 0.8259882447354429 0.04375 0.05337953005422937
1 0.54140625 0.8796626905789126 0.040625 0.056486349336070066
1 0.61328125 0.8722132840612501 0.053125 0.04405907220870695
1 0.66171875 0.8055252329297818 0.0546875 0.04719316256778683
1 0.69765625 0.8607849046709507 0.046875 0.050272710772388506
1 0.85078125 0.7184877994811482 0.059375 0.05347043364502539
1 0.77421875 0.7728394770760494 0.0625 0.050363614363184796
1 0.86484375 0.7926247362494316 0.071875 0.05510565651766246
1 0.7921875 0.839141187946634 0.065625 0.04725679508134419
1 0.8828125 0.861270197120016 0.071875 0.05041815651766228
1 0.80859375 0.9140457391762979 0.0625 0.04723861436318444
1 0.53125 0.75550302791293 0.0640625 0.040997704722264314
1 0.2890625 0.40769328357027074 0.0484375 0.058094301131468205