1 0.01796875 0.93046875 0.0359375 0.046875
1 0.02265625 0.8671875 0.0453125 0.0421875
1 0.0328125 0.80546875 0.065625 0.046875
1 0.04375 0.73671875 0.071875 0.0484375
1 0.0546875 0.6734375 0.084375 0.053125
1 0.11484375 0.8390625 0.040625 0.0390625
1 0.13125 0.90703125 0.05 0.046875
1 0.17421875 0.82734375 0.040625 0.040625
1 0.2296875 0.81640625 0.04375 0.0421875
1 0.2890625 0.8046875 0.046875 0.040625
1 0.3515625 0.790625 0.0484375 0.04375
1 0.3640625 0.8640625 0.053125 0.05
1 0.3046875 0.87265625 0.046875 0.04375
1 0.3875 0.93828125 0.0421875 0.05
1 0.3234375 0.95 0.046875 0.05
1 0.26171875 0.9640625 0.05625 0.0546875
1 0.2046875 0.97421875 0.040625 0.040625
1 0.1484375 0.98125 0.05 0.0375
1 0.1890625 0.89609375 0.0484375 0.0453125
1 0.53828125 0.9578125 0.046875 0.0546875
1 0.4609375 0.94140625 0.0453125 0.0484375
1 0.4734375 0.8859375 0.040625 0.0375
1 0.4984375 0.70859375 0.0484375 0.0515625
1 0.55859375 0.84375 0.0375 0.0453125
1 0.34140625 0.72578125 0.065625 0.05
1 0.3421875 0.65625 0.0796875 0.0546875
1 0.3421875 0.5875 0.084375 0.0625
1 0.34765625 0.52265625 0.06875 0.053125
1 0.4203125 0.52421875 0.06875 0.059375
1 0.40703125 0.5921875 0.040625 0.0515625
1 0.49765625 0.5546875 0.0546875 0.05625
1 0.59609375 0.56953125 0.05 0.053125
1 0.6046875 0.5109375 0.0484375 0.053125
1 0.625 0.45234375 0.059375 0.053125
1 0.51015625 0.4953125 0.053125 0.053125
1 0.52421875 0.43828125 0.053125 0.053125
1 0.53359375 0.37890625 0.05625 0.0546875
1 0.6453125 0.33828125 0.0546875 0.05625
1 0.71328125 0.7015625 0.0625 0.0515625
1 0.72890625 0.75703125 0.05625 0.040625
1 0.67890625 0.82890625 0.0625 0.046875
1 0.75703125 0.87421875 0.065625 0.05
1 0.77109375 0.93359375 0.059375 0.0484375
1 0.82109375 0.61875 0.06875 0.065625
1 0.78515625 0.7 0.08125 0.071875
1 0.9109375 0.55546875 0.053125 0.05
1 0.884375 0.4828125 0.05 0.046875
1 0.95 0.46640625 0.046875 0.04375
1 0.96875 0.53671875 0.046875 0.046875
1 0.984375 0.36953125 0.03125 0.0453125
1 0.92265625 0.390625 0.05625 0.0484375
1 0.8640625 0.40859375 0.0546875 0.059375
1 0.9859375 0.26484375 0.028125 0.0734375
1 0.94375 0.09609375 0.0625 0.0796875
1 0.9328125 0.28671875 0.05625 0.071875
1 0.8734375 0.1203125 0.05625 0.071875
1 0.86796875 0.3125 0.053125 0.075
1 0.75859375 0.16953125 0.053125 0.075
1 0.6984375 0.1921875 0.0515625 0.0796875
1 0.7484375 0.35078125 0.0625 0.071875
1 0.8875 0.03828125 0.05625 0.0546875
1 0.7859375 0.03359375 0.0546875 0.05625
1 0.68671875 0.0328125 0.053125 0.065625
1 0.68203125 0.11171875 0.0546875 0.05625
1 0.61796875 0.1234375 0.053125 0.05625
1 0.6078125 0.19453125 0.05625 0.06875
1 0.53671875 0.1078125 0.05 0.059375
1 0.5234375 0.184375 0.059375 0.059375
1 0.4296875 0.40078125 0.0515625 0.0625
1 0.44375 0.32265625 0.053125 0.059375
1 0.45234375 0.2515625 0.059375 0.059375
1 0.46171875 0.17421875 0.0546875 0.0625
1 0.47109375 0.09609375 0.065625 0.065625
1 0.38203125 0.165625 0.059375 0.05625
1 0.3890625 0.084375 0.06875 0.071875
1 0.35078125 0.3890625 0.05625 0.059375
1 0.36796875 0.3203125 0.046875 0.04375
1 0.365625 0.246875 0.065625 0.059375
1 0.3078125 0.19765625 0.06875 0.059375
1 0.2609375 0.2546875 0.065625 0.05625
1 0.31796875 0.303125 0.05625 0.0546875
1 0.27890625 0.3609375 0.065625 0.053125
1 0.228125 0.41328125 0.059375 0.05
1 0.1828125 0.47421875 0.059375 0.046875
1 0.1234375 0.4296875 0.0625 0.046875
1 0.13125 0.35078125 0.05 0.059375
1 0.2046875 0.296875 0.053125 0.059375
1 0.14375 0.25703125 0.0546875 0.053125
1 0.29921875 0.0875 0.059375 0.065625
1 0.23984375 0.17265625 0.05625 0.06875
1 0.2171875 0.07265625 0.059375 0.078125
1 0.1671875 0.15234375 0.0515625 0.0734375
1 0.14140625 0.053125 0.05625 0.078125
1 0.08359375 0.134375 0.053125 0.06875
1 0.2609375 0.440625 0.0453125 0.0703125
1 0.646875 0.7078125 0.0625 0.053125