1 0.8629120937553548 0.8024334686522924 0.20140240746575638 0.26395731648875015
1 0.6119108810940229 0.9351251080918752 0.18998189204448082 0.12974978381624958
1 0.10054014772981909 0.8573605179517709 0.20108029545963818 0.2264936840799308
1 0.6320201984611676 0.5078794623840283 0.1899467102256999 0.23401524335048624
0 0.4136079875 0.9720934578125 0.461532346875 0.958573975 0.49028107500000007 0.9310470093750001 0.6742019640625 0.737690546875 0.6891223859375 0.6316022515624999 0.6575818375 0.5728494609375 0.5917004984374999 0.5725399796875 0.3743455109375 0.8002047343750001 0.3552669453125 0.8739492999999999 0.3708285046875 0.9490307984375 0.4136079875 0.9720934578125
0 0.376551053125 0.731457546875 0.4145481328125 0.673549278125 0.424066315625 0.6058723984375 0.4012469125 0.5558632218749999 0.37072275625 0.5252606156249999 0.3331936484375 0.532121640625 0.0639331609375 0.6016943312499999 0.026260859375 0.648449246875 0.017257165625 0.712467971875 0.032371721874999995 0.7818837000000001 0.07286117812500001 0.7504750703124999 0.134057159375 0.7575658078124999 0.17093243593750002 0.78723131875 0.376551053125 0.731457546875
0 0 0.5990754359375 0.0082364828125 0.643944221875 0.027926628125000002 0.6542933390625 0.061495646875 0.6013375437499999 0.219894103125 0.5629196515625 0.330435665625 0.5286974546875001 0.3767743453125 0.46454331875 0.3683356453125 0.3830374171875 0.3332610078125 0.340568203125 0.2759111453125 0.3415075046875 0.219063184375 0.37425514843749996 0.05210796875 0.48235737968750003 0.01572186875 0.51996704375 0 0.5724393140624999 0 0.5990754359375
0 0.3542922765625 0.36791450000000003 0.37474165312499996 0.40824296093749995 0.51134968125 0.31249958125 0.5377958609375 0.2659680484375 0.5417346625 0.19374099218750002 0.51551615625 0.1413674390625 0.46971726406250003 0.13093019374999998 0.26775131406249997 0.25660826718749996 0.2362862234375 0.2871716421875 0.1936164078125 0.3163943953125 0.15599896875000002 0.3892921640625 0.1589383828125 0.4214572921875 0.2621799125 0.3506981546875 0.3149793875 0.3378922578125 0.3542922765625 0.36791450000000003
0 0.35065299687499996 0.49992179062500003 0.3226085359375 0.5312853078125 0.362381034375 0.531506678125 0.39111715937499997 0.5394463515625 0.40912893125 0.5794180140625 0.42734306718750004 0.591417884375 0.5482969296875 0.50085021875 0.5810392531249999 0.42723886406249995 0.57419893125 0.360900996875 0.5420762953125 0.31513041249999996 0.5006380265625 0.309064946875 0.3694195234375 0.401863675 0.3668343515625 0.45562129375 0.35065299687499996 0.49992179062500003
0 0.5396639953125 0.24384034843750002 0.5313646515625 0.3116957078125 0.55951878125 0.33261760156250003 0.5819585640625 0.3676371390625 0.5783570921875001 0.3932445875 0.599337359375 0.3867901984375 0.75758443125 0.4101449203125 0.8001993562499999 0.354779528125 0.8104892906250001 0.281615271875 0.788441728125 0.226118771875 0.76176350625 0.20354617656250001 0.5928682890625 0.1750908875 0.5503883359375 0.21180843125 0.5396639953125 0.24384034843750002
0 0.1589170046875 0.1209057109375 0.1511321625 0.185102840625 0.1611143484375 0.25563413125 0.1999127375 0.2893146015625 0.2400099796875 0.27838289843749997 0.48537152343749995 0.1257544921875 0.5187381046875 0.100770334375 0.5299895453125 0.0296135859375 0.51620341875 0.0126616234375 0.5114159015624999 0.0119033375 0.322203071875 0.007499359375 0.20113971562500002 0.0860172484375 0.1589170046875 0.1209057109375