1 0.08515625 0.7375 0.1703125 0.2421875
1 0.3140625 0.92734375 0.171875 0.14375
1 0.8390625 0.9015625 0.1765625 0.196875
1 0.35625 0.4765625 0.1625 0.2125
0 0.32195768125 0.5380951031250001 0.2821509546875 0.592316853125 0.2821509546875 0.700760425 0.43889007500000005 0.9213865859375 0.46376930312500003 0.9531718171874999 0.5097958375 0.9737386499999999 0.5558224671875001 0.9569111906250001 0.5819456375 0.8839922937500001 0.5732379453124999 0.807334025 0.387887675 0.547443675 0.32195768125 0.5380951031250001
0 0.94269445 0.771809421875 0.94269445 0.7063694125 0.9115954140625 0.6540175625 0.6520995625 0.544859815625 0.6155325578124999 0.5324859734375 0.5807016953125 0.55866200625 0.5508466015625 0.60540486875 0.5508466015625 0.67458425 0.5807016953125 0.738154715625 0.7784915796874999 0.8241614859374999 0.8195422499999999 0.7998551390624999 0.881740321875 0.8017248265625 0.917815221875 0.8391191171875001 0.94269445 0.771809421875
0 0.981257234375 0.6446689890624999 0.9713056 0.5792289796875 0.9402065640625 0.5362254171874999 0.7884432140625 0.40347564062499996 0.736196871875 0.362341978125 0.6789746671875 0.35299340468749996 0.6379239015625 0.390387696875 0.6180205375 0.4707854078125 0.6553393796875 0.5418345453125 0.7610761015625 0.592316853125 0.9140833 0.6540175625 0.9402065640625 0.711978540625 0.9613538703125 0.704499725 0.981257234375 0.6446689890624999
0 0.8220302296875 0.3492539609375 0.78346735 0.31372935625 0.7562986296875 0.278504675 0.5719939078125 0.12301849375 0.52472343125 0.1267579015625 0.49113641562500004 0.1753705578125 0.48491660937500003 0.2482893484375 0.5048200671874999 0.2987716546875 0.627972171875 0.4146939703125 0.6540954375 0.3772996796875 0.6976340875 0.35299340468749996 0.7486364875 0.3735602375 0.84193359375 0.4595670765625 0.8493973421875 0.42778198749999996 0.8220302296875 0.3492539609375
0 0.435158153125 0.33803563125 0.4189867109375 0.40347564062499996 0.441377959375 0.482003665625 0.549602659375 0.5904470953125001 0.5695060234375 0.5810985234375 0.593141309375 0.5437042328125 0.6229964031249999 0.539964859375 0.6628031296875 0.5455739890625 0.63916784375 0.510049384375 0.629216209375 0.46330652031249997 0.6341919796875 0.409084840625 0.5160156453125 0.29690196874999997 0.47372103125000004 0.29690196874999997 0.435158153125 0.33803563125
0 0.21000115468749997 0.223983071875 0.21000115468749997 0.2987716546875 0.2448321125 0.36047222031250004 0.4063763890625 0.3602803765625 0.4264504609375 0.36982079375 0.4264504609375 0.3436448328125 0.45381757343749995 0.3118596703125 0.48491660937500003 0.2950322109375 0.486160646875 0.225852759375 0.47994083906249996 0.1921979109375 0.442621996875 0.149194490625 0.2697113390625 0.1529338984375 0.239856153125 0.17163104375 0.21000115468749997 0.223983071875
0 0.539703803125 0 0.5259673734375 0.01270534375 0.5272113171874999 0.08562420312499999 0.557066409375 0.11553960781249999 0.780979465625 0.304380784375 0.8195422499999999 0.32120824375 0.8630808999999999 0.293162525 0.8829842640625 0.223983071875 0.8842283015625 0.1585430625 0.8469094578125 0.1174093296875 0.71288778125 0 0.539703803125 0