1 0.74140625 0.91640625 0.2453125 0.1671875
1 0.9296875 0.6859375 0.140625 0.175
1 0.90390625 0.153125 0.1921875 0.1796875
1 0.47578125 0.64375 0.215625 0.165625
0 0.5386367390625 0.678485325 0.5936294140625 0.7189209109375 0.7036148390625 0.7189209109375 0.9273778640625 0.5597056593749999 0.9596150187499999 0.53443339375 0.9804742703124999 0.4876797421875 0.9634075578125 0.44092599374999997 0.8894519000000001 0.41439013437499994 0.811703703125 0.4232353890625 0.5481182296875 0.6115137828125 0.5386367390625 0.678485325
0 0.7756740109375 0.0479422890625 0.7093035750000001 0.0479422890625 0.656207384375 0.0795326203125 0.5454976328125001 0.3431279328125 0.532947859375 0.3802726140625 0.5594960625 0.415653728125 0.6069035171875 0.44598046562500004 0.677066490625 0.44598046562500004 0.7415408015625 0.415653728125 0.8287704171874999 0.2147392 0.8041184828124999 0.17304002031250001 0.8060147531249999 0.1098593578125 0.8439407156250001 0.073214553125 0.7756740109375 0.0479422890625
0 0.64672589375 0.008770296875 0.5803554578125001 0.0188791453125 0.5367404703124999 0.050469476562500004 0.4021032578125 0.2046303515625 0.3603847546875 0.25770207031250003 0.3509032640625 0.3158282609375 0.388829228125 0.3575275375 0.47037003437499997 0.3777453296875 0.54242935 0.3398369328125 0.5936294140625 0.23242980625 0.656207384375 0.0770054328125 0.714992453125 0.050469476562500004 0.7074073046875 0.028988090625 0.64672589375 0.008770296875
0 0.347110653125 0.1705127359375 0.3110809578125 0.209684825 0.275355453125 0.2372827515625 0.11765856718750001 0.4244990796875 0.1214511421875 0.47251632499999996 0.17075497343749999 0.506633940625 0.2447105234375 0.5129520078125 0.2959105875 0.4927341171875 0.41348108906250003 0.36763648125000004 0.375555125 0.3411005265625 0.3509032640625 0.29687406250000004 0.371762515625 0.2450659390625 0.4589922015625 0.15029494375000002 0.42675519062499995 0.1427132828125 0.347110653125 0.1705127359375
0 0.33573282031249996 0.5634965375000001 0.4021032578125 0.5799234515625 0.48174779375 0.5571784703125 0.5917330734374999 0.447244059375 0.5822515828125 0.4270262671875 0.5443256203125 0.40301759531250003 0.54053308125 0.3726908578125 0.5462219609375001 0.332255271875 0.5101922671875 0.35626394375000003 0.4627848125 0.3663727921875 0.4077922078125 0.361318415625 0.29401431875 0.48136167500000004 0.29401431875 0.52432445 0.33573282031249996 0.5634965375000001
0 0.2200586609375 0.7922105187499999 0.2959105875 0.7922105187499999 0.3584884140625 0.7568293078125 0.35829384062499997 0.5927329875 0.3679699046875 0.5723417921875 0.3414217734375 0.5723417921875 0.30918468906249996 0.5445423390624999 0.292117978125 0.5129520078125 0.22195493125 0.5116883171875 0.187821578125 0.5180063828125 0.144206734375 0.5559147796875 0.147999309375 0.73155704375 0.1669622921875 0.7618838765625 0.2200586609375 0.7922105187499999
0 0 0.4649971953125 0.0057769828124999995 0.47125273125 0.0797326046875 0.4699891359375 0.11007334531249999 0.4396624 0.30159946875 0.2122120125 0.31866618125 0.17304002031250001 0.2902217078125 0.12881355625 0.2200586609375 0.1085957640625 0.15368822499999998 0.1073320734375 0.11196965156250001 0.145240471875 0 0.273251890625 0 0.4649971953125