1 0.8189293894184372 0.8015625 0.22173331637205784 0.265625
1 0.5559236991202328 0.93046875 0.20103795680654796 0.1390625
1 0.0811250107425922 0.834375 0.1622500214851844 0.228125
1 0.6152023603584794 0.5 0.20767746042459265 0.2359375
0 0.35611711874999996 0.9577999765625 0.405121296875 0.9456858374999999 0.43621197343749996 0.9190186578124999 0.636620828125 0.7311775984375 0.6607667234375 0.625614740625 0.634418225 0.5659954203125 0.56870108125 0.563770325 0.33193424375 0.7849177859375 0.3064609609375 0.8580439 0.31543901406249997 0.9335131562500001 0.35611711874999996 0.9577999765625
0 0 0.7512571296874999 0.0354168046875 0.72646363125 0.095866659375 0.735327878125 0.130076734375 0.7660401546875 0.3401336046875 0.71629405625 0.383104240625 0.6595407390625 0.39850762500000003 0.59219905 0.380099203125 0.5415694203125 0.3523087875 0.5101055515625 0.314259184375 0.51586928125 0.039488974999999996 0.577551634375 0 0.62077945625 0 0.7512571296874999
0 0 0.6276521609375 0.037087668750000004 0.5771242703125 0.1985083515625 0.543345878125 0.3118057171875 0.5123678453125 0.3636455515625 0.4496166296875 0.362336075 0.367935653125 0.3310400546875 0.32448308593749997 0.27372766249999997 0.3237538 0.21414074843750003 0.354820003125 0.0381009390625 0.45797376874999995 0 0.49311760781249997 0 0.6276521609375
0 0.349641475 0.3524173921875 0.3665294796875 0.393305740625 0.5112069453125 0.301617640625 0.5416580765625 0.2558953328125 0.55189071875 0.1838451421875 0.530296571875 0.1307543265625 0.48550373437500005 0.1189942203125 0.2729925515625 0.238690521875 0.2389262328125 0.26831249687500003 0.1937954953125 0.2962691625 0.14989582968749998 0.3680100859375 0.15002261249999999 0.40023294062500003 0.25922310937500004 0.3325372015625 0.3130299875 0.32127780625 0.349641475 0.3524173921875
0 0.334491715625 0.484204946875 0.3037690875 0.5147258453125 0.343439446875 0.5161036421875 0.3714229703125 0.5248721328125 0.38590957656249997 0.5653331015624999 0.40303875624999996 0.5778523 0.531643059375 0.4908802125 0.5707400265625 0.418284546875 0.5697021375 0.351804996875 0.541640025 0.3051397546875 0.50081728125 0.297874465625 0.36177504531250004 0.3867771875 0.3545047328125 0.440413240625 0.334491715625 0.484204946875
0 0.5454530328125 0.2338410546875 0.5312503765625001 0.3013965125 0.557520375 0.3231190984375 0.5768578625 0.3587609859375 0.5710295609375 0.384241603125 0.5925293 0.37840290625 0.7484090609375 0.406339425 0.79576605 0.3522610796875 0.812418371875 0.27945919375 0.79525896875 0.22336941875 0.770605834375 0.20004047812499998 0.60454514375 0.1666981359375 0.5589499296875 0.202148646875 0.5454530328125 0.2338410546875
0 0.334380128125 0 0.22140428124999997 0.06630958125 0.176225365625 0.09994007187500001 0.1628553296875 0.1638554203125 0.1666626484375 0.23461614062499997 0.2024415140625 0.2693958359375 0.24340908125 0.2596396265625 0.5015769921875 0.11427822031249998 0.5370540359375 0.090285946875 0.5544907015625 0.019517796875 0.5422123953125 0.0021795515625 0.530762725 0 0.334380128125 0