0 0.90390625 0.94296875 0.1921875 0.1125
0 0.9171875 0.85234375 0.165625 0.1765625
0 0.86953125 0.70625 0.203125 0.3
0 0.765625 0.93984375 0.103125 0.1203125
0 0.6828125 0.95390625 0.1 0.0921875
0 0.57578125 0.9078125 0.14375 0.184375
0 0.3828125 0.93671875 0.259375 0.1265625
0 0.2109375 0.790625 0.14375 0.36875
0 0.43828125 0.83671875 0.209375 0.2125
0 0.703125 0.77421875 0.2375 0.284375
0 0.571875 0.75546875 0.1234375 0.25
0 0.45625 0.72421875 0.21875 0.2125
0 0.9640625 0.746875 0.071875 0.15625
0 0.96796875 0.653125 0.0640625 0.134375
0 0.9609375 0.3515625 0.078125 0.3828125
0 0.90078125 0.41875 0.125 0.390625
0 0.71796875 0.63203125 0.2140625 0.2625
0 0.64296875 0.5578125 0.228125 0.24375
0 0.48515625 0.5796875 0.225 0.265625
0 0.434375 0.50234375 0.16875 0.1921875
0 0.33515625 0.48828125 0.159375 0.2375
0 0.275 0.70390625 0.109375 0.3421875
0 0.22421875 0.5078125 0.221875 0.26875
0 0.08828125 0.52421875 0.1375 0.3875
0 0.05 0.43046875 0.1 0.178125
0 0.025 0.53125 0.05 0.215625
0 0.0609375 0.81640625 0.121875 0.3453125
0 0.15625 0.83671875 0.06875 0.215625
0 0.1046875 0.884375 0.0671875 0.146875
0 0.02421875 0.9046875 0.0484375 0.190625
0 0.21875 0.9421875 0.2015625 0.115625
0 0.1390625 0.9140625 0.15 0.171875
0 0.83203125 0.8625 0.109375 0.16875
0 0.80625 0.7171875 0.14375 0.3453125
0 0.21640625 0.35625 0.209375 0.265625
0 0.09765625 0.2765625 0.1953125 0.2375
0 0.07265625 0.1625 0.1453125 0.21875
0 0.15078125 0.10625 0.1484375 0.2125
0 0.36328125 0.20078125 0.24375 0.2
0 0.2703125 0.14453125 0.1375 0.2875
0 0.428125 0.17890625 0.1375 0.35625
0 0.54765625 0.25390625 0.14375 0.2609375
0 0.48515625 0.10625 0.1390625 0.2125
0 0.58046875 0.1359375 0.1953125 0.271875
0 0.5859375 0.40625 0.2734375 0.215625
0 0.7 0.32890625 0.2578125 0.1890625
0 0.76484375 0.43671875 0.20625 0.2046875
0 0.7640625 0.20859375 0.2390625 0.2234375
0 0.78203125 0.12421875 0.2484375 0.1734375
0 0.671875 0.03125 0.240625 0.0625
0 0.82109375 0.04453125 0.128125 0.0890625
0 0.87421875 0.0546875 0.1921875 0.109375
0 0.9359375 0.121875 0.128125 0.228125
0 0.03828125 0.0828125 0.0765625 0.165625
0 0.078125 0.05703125 0.08125 0.1125
0 0.34375 0.7203125 0.134375 0.36875
0 0.39453125 0.3546875 0.209375 0.253125
0 0.965625 0.55859375 0.06875 0.1203125
0 0.33828125 0.09453125 0.0515625 0.1390625
0 0.125 0.70078125 0.103125 0.30625