0 0.8474189673023933 0.9298484034151573 0.20445668973360753 0.1128660129856435
0 0.8679808181006958 0.8467358944867035 0.1808228715585493 0.18427736282348767
0 0.829497932739163 0.6990756903467882 0.22485139726171183 0.30683420129724637
0 0.7085793017890735 0.9268069983817375 0.111152358706968 0.12216710064862327
0 0.6260068823214212 0.9415201091766303 0.1053825197716634 0.09552278003177221
0 0.5224799757053502 0.8957048230557783 0.15770370653952134 0.19168075973923243
0 0.33008688726433705 0.9232645815771949 0.26823002965749526 0.14520695454365723
0 0.1699836698875818 0.7714817134754062 0.17140274509426517 0.37460235389503393
0 0.3920059085188753 0.8214742106360322 0.22447471247102052 0.22095124837514674
0 0.6597955863894847 0.7637127090144745 0.25709089429596244 0.29334444561520334
0 0.5310630913324005 0.7425389127473527 0.14156405338349137 0.25541597727182863
0 0.41840126524867716 0.7101548810907277 0.23384971247102052 0.22111488960884884
0 0.9222465068457201 0.7411756412402927 0.08768036661563343 0.15923072402541755
0 0.9338153596211892 0.6488517735455409 0.07735036167271758 0.13562958279171564
0 0.9429780898867068 0.3473438206234416 0.10003708106382021 0.3858477711033183
0 0.8817103260465423 0.41399157833407935 0.1534804160447923 0.39458757142762996
0 0.6850250325488827 0.6235280397775953 0.23282572334543533 0.27262284253094826
0 0.6155202988605051 0.5474525093387861 0.24612421939110263 0.2541183043815014
0 0.458601795400464 0.5665861132338201 0.24226439034162972 0.27434898376465033
0 0.4133476452101835 0.48930659294128065 0.18145954152049343 0.19990236282348767
0 0.316423565666419 0.47304243912567695 0.17699221741393628 0.24354326866768633
0 0.24060918768207898 0.6859339513005415 0.1358817391627661 0.34587733603812654
0 0.20484939570447508 0.49060386039115106 0.23933039133021286 0.2789819366867496
0 0.07608700887865805 0.5046954082798306 0.1521740177573161 0.3932705332781829
0 0.04694200764292908 0.4115590629062133 0.09388401528585816 0.18154210064862308
0 0.019162540989020694 0.509678963068369 0.03832508197804139 0.21814207386326193
0 0.046705267757316093 0.794276105519887 0.09341053551463219 0.34894778896022594
0 0.11195099399413885 0.8162135608776184 0.08541221247102042 0.2185239034085665
0 0.05776090110450151 0.8624397244324549 0.07785969764227281 0.1481295827917158
0 0.0035508339552077356 0.8832528307631208 0.007101667910415471 0.19911933847375848
0 0.16683747076243427 0.9253334163975054 0.20990819368794006 0.13169783360249454
0 0.0899539771882249 0.8962283433450224 0.1621365385547438 0.18551258035608384
0 0.7802579836140155 0.8537319626679224 0.12256470258518863 0.17233074188232536
0 0.765866514260094 0.708774018674277 0.16888524015134934 0.35113758035608367
0 0.20864951083723388 0.3398635206995766 0.2282655573378241 0.2756660219140972
0 0.10144777692030098 0.25908289935137685 0.20289555384060196 0.24576033360249455
0 0.0805019127947159 0.14616984212720646 0.1610038255894318 0.22457508035608362
0 0.16229972874546175 0.10000395413991532 0.1629005425090765 0.20000790827983064
0 0.36626037547570106 0.18878048742139358 0.25840404349765966 0.2106137662320544
0 0.277114303840602 0.13801642289032723 0.15827139231879608 0.27603284578065446
0 0.43183629593193656 0.1741663827122854 0.16445240813612685 0.3483327654245708
0 0.5443416131184113 0.2442241436726293 0.1623222223568522 0.266708033278183
0 0.4933268942587814 0.10254079870275376 0.1539712114824372 0.20508159740550752
0 0.5849904708367963 0.13401294115427181 0.21439405832640723 0.26802588230854363
0 0.5709147474913611 0.3967763993546721 0.2887282134596035 0.22675696347211086
0 0.6895320963124973 0.321320657472347 0.2705220415204934 0.20145695454365703
0 0.74601290657889 0.42963198945328374 0.221095044486243 0.21464670129724617
0 0.7630571210270768 0.20293312175853204 0.25467154844057555 0.23396944561520341
0 0.7867439718253795 0.11976606575217763 0.2605103715585493 0.1856683133099551
0 0.6836600755894318 0.030624001219463636 0.24498884783255317 0.06124800243892727
0 0.831301738137002 0.04485320941821637 0.1335075197716634 0.08970641883643274
0 0.883949235665544 0.055997238030301565 0.19846135771838505 0.11199447606060313
0 0.9334598043348936 0.12110860309084566 0.1312977154367701 0.23337733603812652
0 0.05006898418266921 0.07490454261367381 0.09048703163466158 0.14980908522734762
0 0.09327515612177947 0.04953634983784422 0.08844968775644105 0.09907269967568844
0 0.3078139337277463 0.7034975523562018 0.16190041110187642 0.37131371266133184
0 0.3858022598486507 0.34145547402871296 0.2276925543720746 0.2616035219140973
0 0.9376353793928527 0.5551017735455409 0.08152852570316256 0.12321140340856669
0 0.34874656471501686 0.08213106696669834 0.06198002965749527 0.14160684740221224
0 0.09170877266305091 0.680726074270299 0.12660489825029514 0.3098034683433749