0 0.9136624362638182 0.8023925984329328 0.12802937476889084 0.16356169396136275
0 0.917103336501245 0.7109499611293797 0.127876262074194 0.211926419354257
0 0.8663030176174843 0.5799033223780847 0.24093385471063086 0.3435831418516669
0 0.8230457964512325 0.8331396383415195 0.13079066191590946 0.15120724317557438
0 0.7440342463720903 0.8672471186968125 0.12059730799670128 0.12264559553293922
0 0.6313894938648078 0.850648277711987 0.18591608260730724 0.22243157981717365
0 0.44875283861281606 0.9067463821362665 0.28382473370266403 0.15521415467194827
0 0.2526483799164697 0.8089938945422632 0.22599081630997125 0.3662928957806084
0 0.4834664709035542 0.8130670026905964 0.2541037929530063 0.2599358879227253
0 0.7313620647936327 0.6860527766785297 0.2984735700708949 0.33690080231458364
0 0.5998620122072079 0.7007595936754217 0.17969482633910125 0.2767552067816442
0 0.4812711365803873 0.7008217138154669 0.263524257059629 0.2619350355653605
0 0.955601198338012 0.5944687824694979 0.05642715940862715 0.1695890620344933
0 0.9543545985754388 0.5032444689872626 0.0635576978092864 0.14651543507002263
0 0.9097313865138803 0.2135313056288617 0.17230352665567034 0.3981207845319033
0 0.8605604491294349 0.29462079384203743 0.21333770361527443 0.41407542431665556
0 0.7206100843896739 0.5461191354460353 0.2712291084715547 0.3122261339937841
0 0.6332070242814017 0.49323603805106925 0.28171196740532806 0.2971105562435251
0 0.4839822626029194 0.5540194884225726 0.2806950366848001 0.31578778163641913
0 0.42022129097444927 0.49301352192101866 0.20958090314042083 0.23133569892376152
0 0.32006216660126985 0.5031398467757936 0.21232546991261048 0.2720334735308674
0 0.30032501346084917 0.7256334309361934 0.18844535220334863 0.3629838052100677
0 0.21570963572245744 0.5501304708447802 0.2792689290046681 0.3204025070293133
0 0.09884536229898547 0.5998116013239075 0.19769072459797093 0.41600179735218495
0 0.05004414944600403 0.5200363641441891 0.10008829889200806 0.1974272717116218
0 0.037075136513880294 0.6213634236974831 0.07415027302776059 0.22602315260503386
0 0.11019645546414807 0.8515174964853433 0.20046196740532793 0.29332627667402056
0 0.20687522717176043 0.8805628335412272 0.11881951082055267 0.2224272717116218
0 0.16571301807970268 0.9277310860224265 0.09899509263643713 0.1310017510334575
0 0.09046296549327792 0.9398180171635078 0.0922449874635877 0.11352315260503403
0 0.28865041290685317 0.9391693920610639 0.22299488229073824 0.10244871960192584
0 0.20633801807970267 0.9258389462376744 0.18649509263643713 0.1350771290313851
0 0.8725804466886595 0.7395501501283437 0.14759772868809903 0.19255998924663303
0 0.821871056018144 0.6053785113770488 0.2215761009497072 0.37544957195929063
0 0.1808752976383668 0.4066373360224266 0.2665870725781775 0.31357031017246656
0 0.08730612021654428 0.35906032278786026 0.17461224043308857 0.2787543544242794
0 0.05112457930860202 0.2561194133584008 0.10224915861720404 0.24713617328319834
0 0.08496002170761235 0.18193489660917783 0.1699200434152247 0.24550520678164434
0 0.29706390195328647 0.22100158891791075 0.2852174006331382 0.25670388006484257
0 0.1950073084589195 0.18908596298689734 0.2027064290046682 0.3168365512811263
0 0.35670332640560815 0.18733727626199032 0.2187238855894435 0.37467455252398063
0 0.4865212070469937 0.22544072415454908 0.20197900329870536 0.29183655128112634
0 0.3989339420032989 0.10989184563763779 0.1849446159934022 0.21978369127527558
0 0.4959536945105814 0.13029315984374418 0.2549676109788372 0.26058631968748835
0 0.5512021695042637 0.36208239144189136 0.31866639812585584 0.28010714681406557
0 0.6478391402748039 0.2584971650155399 0.2959275801000249 0.24940080231458364
0 0.7311169900373772 0.3459008116247177 0.2507514724198927 0.25197783870851376
0 0.6906751611244865 0.1331398699351574 0.2858538981258558 0.2662797398703148
0 0.6910903497625732 0.07848875723871032 0.2834443004748536 0.15697751447742064
0 0.5655424319741691 0.019389893094521177 0.2501651360516618 0.038779786189042355
0 0.7149657704539711 0.007664680936193377 0.14506845909205773 0.015329361872386755
0 0.7694259499208578 0.014967758686452374 0.21114810015828453 0.029935517372904747
0 0.8429256344023092 0.06438340777682958 0.17977373119538162 0.12876681555365915
0 0.02292302296125359 0.1512157435898592 0.04584604592250718 0.1288185128202816
0 0.37056931730091514 0.7247023236164298 0.21899667022917962 0.3940540227450791
0 0.3554266682506225 0.36027810463367643 0.263098359725196 0.3009247609582547
0 0.9452727667595543 0.4131652785405565 0.08663148495630538 0.13510705417661054
0 0.25307587272382676 0.12396607713108647 0.08235316191590938 0.1489512303552929
0 0.15260892748832955 0.761380494004144 0.17333717775102694 0.32639133374611495