0 0.4265625 0.68125 0.2 0.1875
0 0.2734375 0.7765625 0.221875 0.1953125
0 0.10703125 0.865625 0.2140625 0.19375
0 0.621875 0.928125 0.1890625 0.14375
0 0.41484375 0.33046875 0.23125 0.19375
0 0.559375 0.24921875 0.209375 0.1875
0 0.7140625 0.16328125 0.2125 0.178125
0 0.86640625 0.0875 0.190625 0.175
0 0.1875 0.0765625 0.221875 0.153125
1 0.271875 0.45 0.14375 0.1
1 0.06953125 0.56015625 0.1390625 0.1
1 0.15234375 0.30546875 0.140625 0.09375
1 0.0546875 0.146875 0.109375 0.1
1 0.55 0.53515625 0.153125 0.1125
1 0.64765625 0.68203125 0.1546875 0.1078125
1 0.7421875 0.83046875 0.15625 0.11875
1 0.82734375 0.9515625 0.1515625 0.096875
1 0.72109375 0.446875 0.153125 0.1078125
1 0.815625 0.59453125 0.165625 0.1125
1 0.903125 0.7328125 0.153125 0.10625
1 0.92421875 0.36640625 0.14375 0.1078125