0 0.31953125 0.575 0.1859375 0.196875
0 0.22421875 0.7265625 0.19296875 0.21875
0 0.1375 0.89296875 0.190625 0.2140625
0 0.0734375 0.3828125 0.14609375 0.1875
0 0.66640625 0.5859375 0.190625 0.2296875
0 0.746875 0.44375 0.18515625 0.2078125
0 0.83125 0.290625 0.17578125 0.2109375
0 0.91015625 0.140625 0.1796875 0.18828125
0 0.92109375 0.81171875 0.1578125 0.21875
1 0.54765625 0.72734375 0.09765625 0.14296875
1 0.4390625 0.9296875 0.09921875 0.140625
1 0.690625 0.84609375 0.0921875 0.1390625
1 0.8484375 0.94453125 0.09921875 0.11015625
1 0.46328125 0.453125 0.1109375 0.15234375
1 0.31796875 0.35625 0.10625 0.153125
1 0.17109375 0.26328125 0.1171875 0.15546875
1 0.05 0.17890625 0.1 0.15078125
1 0.55078125 0.28359375 0.10703125 0.15078125
1 0.4046875 0.190625 0.1109375 0.16328125
1 0.26875 0.10390625 0.10546875 0.1515625
1 0.63046875 0.0828125 0.10703125 0.1421875