0 0.30539854095183966 0.5845808088081894 0.2167258794672148 0.22600697241000384
0 0.22299592334762294 0.7497271483712359 0.22855471741393626 0.24826391832631992
0 0.15050947521105856 0.9012648557202972 0.2231377055509382 0.19190479092165802
0 0.06587571490529731 0.4326190378416152 0.13175142981059462 0.20976192431676957
0 0.6527656308757275 0.5412449487419049 0.22743788638729717 0.25914685462398895
0 0.7214094960084863 0.38828115064867064 0.21867038144438133 0.23543653611233478
0 0.792874613612703 0.22351675700194013 0.20942271543676974 0.23823415389834954
0 0.8592702292397533 0.08512395663127117 0.2095845415204934 0.17024791326254235
0 0.9011845903438174 0.7244840015596445 0.14555121642535304 0.24068454210278462
1 0.5456813482524827 0.6994518075422451 0.12030186562705047 0.15710815027015243
1 0.45433747076243425 0.9117186837657805 0.12141869665368965 0.1462252139724832
1 0.6978248269979445 0.7947766873091595 0.11392453163466154 0.153764895460829
1 0.863391477188225 0.867008807457427 0.11746602570316256 0.12580358656782167
1 0.4391580701150433 0.44182533521705925 0.13481003460041113 0.16853672359113023
1 0.2860914199247629 0.36915670545014484 0.1301862015966055 0.16993553248413767
1 0.13208435224399645 0.30042160753439584 0.14281353558899426 0.17349704210278444
1 0.03278598368837762 0.2346825348463903 0.06557196737675525 0.1650099303072194
1 0.5128541911793011 0.26060012786799786 0.13162136760421675 0.16686509618646853
1 0.3596283734985347 0.19183774810108345 0.13681820357377186 0.17952878729346106
1 0.21636780482918513 0.1274082042690185 0.13012253460041112 0.16837303248413762
1 0.5759139011788637 0.06440720726424336 0.12942219764227278 0.12881441452848671