1 0.3041957215960907 0.8415324127392283 0.20101812021691715 0.1843151497095498
1 0.3325100564942213 0.4698008079006641 0.1790249455488821 0.1629838052100677
1 0.2105497398446592 0.7294562518620269 0.17598175878059868 0.17690075599585614
1 0.3131828186926656 0.37145535318593437 0.18213176483072288 0.16000435442427943
1 0.33071627321853814 0.5644412198113229 0.18836358411256365 0.15717045285270287
1 0.6581953368430382 0.3038096650155399 0.182059041958086 0.14750435442427942
1 0.5748742976154266 0.35457810649570326 0.15873971662612085 0.16672523531769165
1 0.4454514597904299 0.6747536734925953 0.1868283551898026 0.16178517824559702
1 0.5148311562230748 0.24249979156572582 0.1868283551898024 0.16178517824559702
1 0.6153054175377564 0.7223263786216098 0.2025533491396784 0.17970042431665548
1 0.7290174178323439 0.5224461949993293 0.1791340298578376 0.1817338052100677
1 0.42584800779864007 0.7975747433849714 0.1743465359079618 0.1643279813887503
1 0.8223270562978297 0.5767098558765307 0.16656130698520064 0.1686516083532208
1 0.31862079419758116 0.6345546666681697 0.17896131303532492 0.1520463052100677
1 0.5585099959929792 0.6311962644774207 0.18218630698520072 0.16937935442427943
1 0.5905361799325923 0.49451174772819756 0.17123062626704133 0.16574493217453856
1 0.39166636699546337 0.2951239855270886 0.18686471662612103 0.16803517824559702
1 0.31990655912649996 0.7212370293646168 0.18061471662612102 0.16774407981717357
1 0.8388918667008758 0.4688780851983664 0.1775260780624393 0.17384853060296196
1 0.45104695393669747 0.5619625750641719 0.1759544877033598 0.17221325599585596
1 0.7790987101832133 0.3997685202683889 0.18053290339440445 0.15368157981717356
1 0.5282725292686624 0.538047732012432 0.15715903590796182 0.1635274607105858
1 0.6732901134794219 0.6149098308551401 0.1900442587805987 0.17755572745980874
1 0.4574373336215844 0.45147883933219546 0.18859084308955407 0.19623295285270287
1 0.5161048482559156 0.7300725661728317 0.16489881303532491 0.1513913337461151
1 0.7214998336215843 0.43917993073130557 0.18208631303532474 0.15219185442427943
1 0.709217481358648 0.3428507402845995 0.16328177088084708 0.14194355913900916