1 0.45282139171296143 0.9162185223011795 0.2071307035737718 0.16756295539764104
1 0.3198894638795331 0.5763856214036785 0.18442803262324475 0.15987040815498563
1 0.3185219875683482 0.8594936380967259 0.18187603558899426 0.1738419799417401
1 0.25979156368925266 0.49641932508545994 0.18742569863085595 0.15683633636823108
1 0.3578576960850359 0.6619654202291796 0.19354836463846717 0.15389319279472174
1 0.5487280241831067 0.2967676322242312 0.1869163626613009 0.14433633636823107
1 0.49310542387909556 0.37571333465237133 0.16430653361182798 0.16396687476889085
1 0.5113209357049125 0.7157078488381363 0.19217686562705047 0.15853522868809905
1 0.390629022700232 0.2992070074553404 0.19217686562705039 0.15853522868809905
1 0.6883436921307032 0.6903538108331879 0.2085022025851888 0.17617736975432585
1 0.7076998230807928 0.4648680775262354 0.18519203657757738 0.17862040815498564
1 0.5456084109903333 0.8340319515037032 0.17980419961943922 0.16129651583511767
1 0.816756488099821 0.47586306498982306 0.17218270060802246 0.16575669530200426
1 0.37696318175057997 0.730570667721897 0.18398236364988402 0.14893290815498564
1 0.5976987874917985 0.6306174464891384 0.18780770060802238 0.16621133636823088
1 0.5680178991645162 0.4952195040901281 0.17674286661563343 0.16276808762187223
1 0.2990861684418881 0.39587976748447024 0.192431533611828 0.16478522868809903
1 0.4152815824351519 0.807556716547398 0.186181533611828 0.16460337226160826
1 0.7865516763505536 0.3725191046441241 0.1833112015966055 0.1707624440483629
1 0.4686161239556452 0.612000175639456 0.18168503460041113 0.16915447994174038
1 0.7012654337649273 0.33483959672656527 0.1856085306460784 0.15054087226160834
1 0.5286251353243518 0.5597760975844951 0.16261669961943923 0.16079641066226813
1 0.6963710508376714 0.5701322390464333 0.19593853558899427 0.17425115690134446
1 0.4266288952101835 0.5098777344940868 0.19514003954332698 0.19295569279472174
1 0.6004006817505799 0.7370720349689405 0.16991986364988404 0.14852373119538137
1 0.6652841714076376 0.3924558684341776 0.18710736364988403 0.14902383636823108
1 0.6130624382135516 0.3111543926490724 0.1679753616727176 0.1391032670887588