1 0.39140625 0.89375 0.171875 0.13828125
1 0.33125 0.5265625 0.15390625 0.12109375
1 0.27265625 0.803125 0.146875 0.1375
1 0.2890625 0.43515625 0.15703125 0.1171875
1 0.3515625 0.61875 0.16484375 0.1125
1 0.61171875 0.3015625 0.16015625 0.10390625
1 0.54140625 0.3671875 0.12890625 0.1328125
1 0.490625 0.70390625 0.16171875 0.11796875
1 0.45625 0.2703125 0.16171875 0.1171875
1 0.66796875 0.71640625 0.175 0.13203125
1 0.7328125 0.5 0.14765625 0.14140625
1 0.5 0.8265625 0.14765625 0.125
1 0.83671875 0.534375 0.1375 0.13125
1 0.35625 0.68984375 0.15546875 0.11015625
1 0.59140625 0.6390625 0.15546875 0.12734375
1 0.58984375 0.5 0.14375 0.1265625
1 0.34765625 0.3453125 0.16015625 0.12421875
1 0.378125 0.7734375 0.153125 0.12578125
1 0.828125 0.4265625 0.14921875 0.1328125
1 0.46953125 0.59296875 0.146875 0.13203125
1 0.753125 0.37109375 0.15703125 0.11015625
1 0.5390625 0.5546875 0.12890625 0.128125
1 0.7 0.60078125 0.16171875 0.134375
1 0.44921875 0.484375 0.15390625 0.1546875
1 0.57265625 0.74375 0.13984375 0.1140625
1 0.70546875 0.4203125 0.159375 0.1078125
1 0.67109375 0.3296875 0.14140625 0.103125