0 0.39609375 0.471875 0.075 0.09375
0 0.4515625 0.2234375 0.096875 0.140625
0 0.06328125 0.0671875 0.103125 0.134375
0 0.16328125 0.06796875 0.078125 0.134375
0 0.0609375 0.2234375 0.09375 0.1453125
0 0.1609375 0.22578125 0.090625 0.14375
0 0.3609375 0.06796875 0.103125 0.134375
0 0.3671875 0.36953125 0.103125 0.090625
0 0.26796875 0.0703125 0.103125 0.140625
0 0.35546875 0.2265625 0.096875 0.15
0 0.45625 0.37109375 0.084375 0.090625
0 0.45859375 0.06796875 0.115625 0.134375
0 0.17421875 0.371875 0.0890625 0.096875
0 0.26953125 0.36953125 0.096875 0.0921875
0 0.2140625 0.475 0.075 0.0875
0 0.30703125 0.475 0.0734375 0.0875
0 0.25546875 0.2296875 0.1 0.1578125
0 0.49921875 0.46875 0.0734375 0.090625
0 0.078125 0.36171875 0.0859375 0.10625
0 0.12109375 0.4703125 0.065625 0.1