0 0.484375 0.59296875 0.0890625 0.071875
0 0.24765625 0.540625 0.1328125 0.0921875
0 0.084375 0.9109375 0.15703125 0.0984375
0 0.08671875 0.81484375 0.1546875 0.07578125
0 0.24765625 0.9125 0.13828125 0.08984375
0 0.25 0.8171875 0.1359375 0.08515625
0 0.08984375 0.6265625 0.14921875 0.09765625
0 0.38671875 0.62109375 0.0859375 0.09765625
0 0.090625 0.71640625 0.15625 0.09765625
0 0.25078125 0.63203125 0.14296875 0.09296875
0 0.38828125 0.5359375 0.0859375 0.08125
0 0.0890625 0.534375 0.15 0.11015625
0 0.3890625 0.8046875 0.09296875 0.084375
0 0.38671875 0.7140625 0.08828125 0.09296875
0 0.48671875 0.7671875 0.0828125 0.07109375
0 0.48671875 0.678125 0.084375 0.0703125
0 0.253125 0.72734375 0.15 0.09453125
0 0.48125 0.4953125 0.08671875 0.0703125
0 0.3796875 0.896875 0.10234375 0.08203125
0 0.4828125 0.85546875 0.09609375 0.06171875