0 0.37421875 0.540625 0.0765625 0.09375
0 0.4296875 0.790625 0.096875 0.140625
0 0.04453125 0.940625 0.0890625 0.11875
0 0.13828125 0.93984375 0.08125 0.1203125
0 0.04140625 0.790625 0.0828125 0.146875
0 0.1359375 0.7890625 0.090625 0.1453125
0 0.33828125 0.93984375 0.103125 0.1203125
0 0.34375 0.64296875 0.103125 0.090625
0 0.24375 0.9375 0.103125 0.125
0 0.3328125 0.78828125 0.0984375 0.1515625
0 0.43515625 0.64140625 0.0859375 0.090625
0 0.43671875 0.93984375 0.115625 0.1203125
0 0.14921875 0.64140625 0.090625 0.0984375
0 0.2453125 0.64296875 0.0984375 0.09375
0 0.1890625 0.5375 0.075 0.0875
0 0.28359375 0.5375 0.075 0.0890625
0 0.23125 0.78515625 0.1 0.159375
0 0.478125 0.54375 0.075 0.0921875
0 0.0515625 0.6515625 0.0875 0.1078125
0 0.0953125 0.5421875 0.065625 0.1015625