1 0.43608622278852194 0.6231719028144308 0.13074405771188108 0.08096751778268044
1 0.6987772288637897 0.359783529159729 0.10530754809323425 0.06730312406898661
1 0.43756193195168186 0.5139060647250896 0.10240080290255768 0.07340757485477489
1 0.34354654792359823 0.5705435165443353 0.11802580290255768 0.07413532092583353
1 0.6144096633473604 0.40817183333633944 0.10223711179556502 0.0687200748547749
1 0.5220113430216076 0.46317401054847923 0.10525298439090332 0.06574062406898662
1 0.5190549794119439 0.5701688732449263 0.12100695916315996 0.11483309553293922
1 0.6954488430216076 0.455096029159729 0.11010417549789597 0.0706464478903042
1 0.6124255226958548 0.5096615587292336 0.10708830290255769 0.0736258986760923
1 0.6543997131698751 0.6254834578196109 0.10201885698624161 0.06247007485477489
1 0.7699056951985258 0.40014950992930665 0.08935516587924912 0.05720037799792799
1 0.7853570472906259 0.672422616215613 0.08924603847458741 0.054075377997927984
1 0.8774478327699885 0.5815557136105791 0.08584821996293321 0.04611732878371626
1 0.7503149030957413 0.5367783686968123 0.08590278366526398 0.04767982878371626
1 0.8423238430216076 0.44825521609177843 0.08902778366526398 0.047825377997927986
1 0.948898736035366 0.5010098808979213 0.06602679328391084 0.059233758891340214
1 0.9303719692451429 0.3614765000045092 0.09393353847458741 0.054293701819245574
1 0.5259052132546931 0.3069967851555851 0.10815972958157989 0.05963617328319835
1 0.37834073249198685 0.28891037283064147 0.10654266587924913 0.05800089867609248
1 0.42096723131086045 0.20736712034944213 0.0938244110699257 0.05116870181924558
1 0.5530158394782285 0.2230562787454443 0.09226191106992569 0.051095927212139736
1 0.5852579098039813 0.17085592390688004 0.08913691106992569 0.05095037799792799
0 0.27743548612018387 0.20781238420318102 0.1345585384745874 0.056185841603997845
0 0.2499627613479274 0.2574506652204277 0.12976191106992568 0.05284251778268025
0 0.21774797287333997 0.3088697700589919 0.1551438569862417 0.06494441149637406
0 0.17901036588709832 0.3683924733259795 0.1755109206885725 0.06745298138875011
1 0.6479166225105203 0.2974141158013282 0.08121528366526398 0.04746150496239867
1 0.7061681213293939 0.21514311724907023 0.07798115626060227 0.04419095574818703
1 0.310731624957591 0.1477631420610639 0.07016865626060227 0.043827082712657714