1 0.45590093742040505 0.6518437486688198 0.13379429201145396 0.08746624525034719
1 0.7242765780553612 0.42455977573864645 0.1086306600095451 0.07282186379145839
1 0.460096994072224 0.5425960352379517 0.10556020401018137 0.07743662860909736
1 0.3653208434118146 0.5864713621759379 0.12120338534372674 0.07936280452090294
1 0.6387936113939972 0.4616220582237158 0.10394316000954511 0.07271276101791671
1 0.5455617794000424 0.5039712527528823 0.10861247867599957 0.07125936379145834
1 0.5397668600811325 0.6100575985925699 0.12638178134945371 0.12165940729444458
1 0.7183543894016332 0.519708621578334 0.11335452267663584 0.07605596656500016
1 0.6345066480744512 0.5630572716545839 0.11026588534372692 0.079108231382639
1 0.6734066107574505 0.6842425938429172 0.1054329346753633 0.06649912860909737
1 0.7943805400620426 0.4753968835461812 0.09131589067472685 0.06148432028847228
1 0.8030401140992682 0.7497429201153132 0.0912613466740904 0.056796820288472286
1 0.8974162754216778 0.6714925931773271 0.08650112133990859 0.05043771751493065
1 0.771725384746951 0.6092081858828825 0.08808180267345414 0.05203658510611113
1 0.8653475680696786 0.5332834251493063 0.08964430267345413 0.0520729526972918
1 0.9680345740372257 0.6013268699628134 0.06393085192554863 0.06250130642076393
1 0.9535490843610669 0.45883024543777856 0.09290183127786626 0.05846842306201392
1 0.5531186460454979 0.34793945829996575 0.11010225334181775 0.065045731382639
1 0.40661581604072533 0.3093828385245837 0.10852157200827225 0.06344686379145843
1 0.4510374306969986 0.23387499866881983 0.09593066534054522 0.05534342306201401
1 0.5818607167011348 0.26738044253239635 0.09434998400699968 0.053744555470833434
1 0.6156720953612259 0.21974302953836858 0.09124316534054522 0.055234320288472284
0 0.30787777669477145 0.2141411140757989 0.13662839067472693 0.06253898043270849
0 0.27872662603436205 0.2595438798433683 0.13032384667409058 0.057706010067986216
0 0.2456874067074981 0.3064182266329863 0.15704997867599957 0.07238675911805573
0 0.20570784404836143 0.36094141926229184 0.17739884134309047 0.07598453780340293
1 0.6750481900461343 0.3554636304120492 0.08337612133990877 0.050364982332569495
1 0.7351038953691802 0.28110071646809087 0.08021475867281787 0.04716724715020835
1 0.34237949868713546 0.1587093848773614 0.07240225867281787 0.046985409194305605