1 0.5109375 0.69453125 0.1390625 0.0828125
1 0.23359375 0.421875 0.1125 0.06875
1 0.5125 0.5765625 0.109375 0.075
1 0.61328125 0.63359375 0.125 0.075
1 0.32421875 0.46953125 0.1078125 0.06875
1 0.42265625 0.525 0.1125 0.065625
1 0.421875 0.64140625 0.128125 0.11875
1 0.23359375 0.52578125 0.11875 0.071875
1 0.32265625 0.58046875 0.1140625 0.075
1 0.271875 0.70859375 0.109375 0.0625
1 0.1546875 0.46875 0.09375 0.0578125
1 0.12734375 0.76640625 0.09375 0.053125
1 0.0390625 0.67109375 0.078125 0.0453125
1 0.17109375 0.6171875 0.09375 0.046875
1 0.07421875 0.525 0.09375 0.0484375
1 0.01640625 0.43515625 0.0328125 0.053125
1 0.425 0.35546875 0.115625 0.059375
1 0.5859375 0.328125 0.1140625 0.059375
1 0.5421875 0.2421875 0.1 0.05
1 0.39765625 0.26484375 0.0984375 0.05
1 0.36484375 0.21015625 0.096875 0.053125
0 0.69921875 0.23515625 0.14375 0.05625
0 0.7265625 0.2875 0.1390625 0.05
0 0.7609375 0.34140625 0.165625 0.0625
0 0.8 0.4046875 0.1890625 0.065625
1 0.29140625 0.3515625 0.0875 0.046875
1 0.23203125 0.26484375 0.0828125 0.04375
1 0.66484375 0.17109375 0.075 0.04375