0 0.9040107674686254 0.7870073469851906 0.19197846506274913 0.22766704342324343
0 0.9378219838303409 0.5552821579862266 0.12435603233931829 0.3443408130679506
0 0.800267667908509 0.7897407028572121 0.19484991180407363 0.2382021290313853
0 0.5189081252808838 0.7409758329220547 0.14968789800926352 0.29844611621110373
0 0.4125729160994867 0.7592421435088059 0.20900094301173802 0.21080487510244375
0 0.24582250734763086 0.8351433256833445 0.24609815128862395 0.1751242402800904
0 0.7283440010160527 0.6427244617485522 0.2490460888732951 0.23137424028009032
0 0.8592664523955339 0.6303613947516602 0.1591580732694627 0.24121581306795062
0 0.5434290111928182 0.49157299235151414 0.23151775214770662 0.2835531703877141
0 0.34861555743848793 0.6596274412752756 0.14796826775153882 0.2656336162111037
0 0.14281369402779082 0.8720504743594368 0.16606317051050082 0.2540069114963739
0 0.7129933972162942 0.8877844046764576 0.13113489258219674 0.15262419396136268
0 0.11084224050060323 0.6056998823411541 0.16591268430531075 0.19165246071058561
0 0.43221711499257676 0.2524077925991831 0.2060264292169281 0.2730137766740205
0 0.36612512550802634 0.32127126261539385 0.2376039778374471 0.28071926881613757
0 0.25147172602842477 0.21070409780925087 0.23315549525030166 0.3148031703877142
0 0.2340927962456698 0.1480778192732036 0.13621854025277597 0.2198844685684686
0 0.17800657055592933 0.15382270512901447 0.12378713930283629 0.28009422249741
0 0.045907800768225586 0.2782320078578829 0.07986007688750739 0.33416098428423424
0 0.5538763517635938 0.12271394623767432 0.1733777035271876 0.24542789247534863
0 0.7149167503386844 0.19225142680236415 0.22378049525030158 0.31436652274507904
0 0.7666684373575284 0.44749969892827063 0.2294019742194024 0.18369871960192588
0 0.9314912180571664 0.2711618691110971 0.13701756388566722 0.16904971463952717
1 0.8766244549975255 0.07210386249155928 0.1626239099950511 0.14420772498311857
1 0.7669119402982045 0.11344164599000531 0.20569888059640906 0.22688329198001062
1 0.6244920669378847 0.05214458106002788 0.15835913387576941 0.10428916212005576
1 0.8474536906368888 0.31529932093034263 0.1456621393028364 0.281113066996892
1 0.8979427708037566 0.5165685684491432 0.16484150723608906 0.20095468610347994
1 0.9377124412027158 0.3754491087720148 0.12457511759456849 0.23154971463952717
1 0.9696429932719373 0.3294623666298977 0.06071401345612557 0.17685790653397532
1 0.9655502965285834 0.16725346505832112 0.06889940694283325 0.19339043507002257
1 0.9081001843053109 0.142529600914132 0.15579405585660808 0.20676803846084474
1 0.9465308412481441 0.04664579011798378 0.06181168249628825 0.09329158023596756
1 0.48923067559888345 0.14480930831494884 0.1267550090451115 0.24750004631872763
1 0.42214167288535 0.08687172260210851 0.18647084577069997 0.17374344520421703
1 0.4301312353006789 0.02971204001328529 0.12432497060135787 0.05942408002657058
1 0.3073831320667471 0.07023218620817837 0.1370573439616777 0.14046437241635673
1 0.11649586047002106 0.14572341480614293 0.1686149604245925 0.24321496071058574
1 0.04466180404758593 0.14985229673301234 0.08555679895920328 0.2346704065339753
1 0.15005414744343673 0.4871831687350843 0.15052005766563056 0.25484166542531544
1 0.22566830110690983 0.4954087375940032 0.22566389981828597 0.350304022745079
1 0.2605733248513425 0.6981869811838625 0.15702900723608923 0.20059081306795043
1 0.1563837918346557 0.6826776052528489 0.2445157191310198 0.26389564185166686
1 0.40310830562946565 0.6085336681159118 0.16130042740790568 0.22261136228216216
1 0.43557224558898583 0.5106933275453712 0.24015576775153882 0.2699273180303493
1 0.2938207575747735 0.40608721836358075 0.15760221732199753 0.2115283130679506
1 0.5226451204196437 0.3938632384225727 0.1346693283578455 0.1605822431755744
1 0.6366600327895442 0.41752971671095096 0.17322721732199753 0.21225605913900908
1 0.5720885204650722 0.3061962644774206 0.16121854025277607 0.22104886228216233
1 0.6117574508136541 0.16651302626424488 0.11172315128862387 0.1688656240689866
1 0.6984020369734157 0.3104941586053991 0.1728111374938141 0.2340582845319033
1 0.8048168905460317 0.488013382964836 0.16574226594251656 0.21814218610347993
1 0.7025893272261916 0.5248841443373754 0.1704430540475858 0.15913105913900907
1 0.8220784701470727 0.8921015694826007 0.15589587516934209 0.11948636228216217
1 0.6254524536387291 0.8910785326743857 0.16328565128862388 0.17126718610347993
1 0.49510653437142393 0.8994989623677249 0.21460248982323474 0.16898124813797324
1 0.36775614031888915 0.9351903674539581 0.11305327792830414 0.10502144789030439
1 0.27869364031888916 0.9393385200589919 0.18805327792830412 0.10851462903138512
1 0.4317157417437986 0.8405820347413002 0.2039106512886239 0.1731593258882321
1 0.6037401486866322 0.7158794795312324 0.18471135119776694 0.34216188296032685
1 0.714834778944357 0.7435977570338226 0.17026599163225703 0.21523550992479734
1 0.8195709458368132 0.8890857313932592 0.14676653663473127 0.12373721463952733
1 0.9606364433504222 0.8664550984329328 0.0787271132991556 0.11981169396136267
1 0.9969999892574078 0.7880368459517333 0.006000021485184348 0.228600188998964
1 0.9921343475797222 0.5926515713446274 0.015731304840555536 0.32845463978475226
1 0.08570172037421522 0.4995783149299774 0.12669305404758593 0.15709337014004526
1 0.12390000395672889 0.3168899394132488 0.17018410447712728 0.21367300992479743
1 0.8059567509045111 0.0070439427230176545 0.13691350180902226 0.014087885446035309
0 0.9072789857509049 0.8740364660917784 0.09372342378986112 0.12282537799792799
1 0.7145062353006789 0.023107744418428732 0.12588747060135788 0.046215488836857464