0 0.915625 0.1375 0.16875 0.23125
0 0.69296875 0.06640625 0.3625 0.13125
0 0.903125 0.2765625 0.19375 0.18125
0 0.83203125 0.57890625 0.315625 0.121875
0 0.8359375 0.6984375 0.20625 0.203125
0 0.89453125 0.884375 0.1625 0.23125
0 0.7546875 0.33359375 0.225 0.24375
0 0.7609375 0.1875 0.2484375 0.1421875
0 0.56171875 0.5140625 0.2875 0.215625
0 0.7171875 0.753125 0.278125 0.125
0 0.89453125 0.97109375 0.2109375 0.0578125
0 0.9734375 0.3875 0.053125 0.125
0 0.62265625 0.9640625 0.190625 0.071875
0 0.28203125 0.5984375 0.278125 0.1890625
0 0.3484375 0.68203125 0.28125 0.225
0 0.209375 0.79140625 0.321875 0.2140625
0 0.1375 0.80078125 0.228125 0.1203125
0 0.1421875 0.86328125 0.284375 0.0953125
0 0.14140625 0.44296875 0.2828125 0.1515625
0 0.2578125 0.278125 0.3234375 0.203125
0 0.54609375 0.2609375 0.1734375 0.2296875
0 0.37734375 0.05859375 0.16875 0.115625
1 0.11171875 0.07734375 0.215625 0.153125
1 0.15703125 0.20546875 0.2734375 0.190625
1 0.06953125 0.353125 0.1375 0.15625
1 0.4125 0.15078125 0.296875 0.1203125
1 0.64140625 0.12734375 0.203125 0.15625
1 0.4953125 0.05625 0.240625 0.1125
1 0.44765625 0.0203125 0.1875 0.040625
1 0.2671875 0.01171875 0.209375 0.0234375
1 0.23203125 0.065625 0.209375 0.13125
1 0.09453125 0.01015625 0.171875 0.0203125
1 0.171875 0.5203125 0.2625 0.1046875
1 0.09140625 0.58203125 0.1828125 0.1796875
1 0.03046875 0.56484375 0.0609375 0.1296875
1 0.06640625 0.7078125 0.1328125 0.13125
1 0.12109375 0.9265625 0.240625 0.146875
1 0.11796875 0.98984375 0.2359375 0.0203125
1 0.4984375 0.93984375 0.265625 0.1203125
1 0.51796875 0.86328125 0.3625 0.2
1 0.746875 0.85703125 0.203125 0.146875
1 0.71328125 0.92578125 0.2609375 0.1484375
1 0.66953125 0.6859375 0.228125 0.146875
1 0.56640625 0.63515625 0.2703125 0.228125
1 0.43046875 0.77421875 0.215625 0.14375
1 0.45078125 0.521875 0.1625 0.1265625
1 0.49453125 0.39921875 0.2125 0.1625
1 0.36171875 0.453125 0.2265625 0.146875
1 0.2140625 0.3875 0.175 0.1
1 0.38515625 0.31484375 0.240625 0.1578125
1 0.596875 0.225 0.221875 0.153125
1 0.621875 0.34296875 0.1546875 0.16875
1 0.96484375 0.484375 0.0703125 0.1578125
1 0.96171875 0.6296875 0.0765625 0.215625
1 0.9859375 0.77578125 0.028125 0.109375
1 0.9828125 0.87578125 0.034375 0.1921875
1 0.9234375 0.6890625 0.153125 0.203125
1 0.81640625 0.48125 0.359375 0.1546875
1 0.8640625 0.3640625 0.21875 0.1578125
1 0.91796875 0.02421875 0.1625 0.046875
1 0.74296875 0.009375 0.359375 0.01875
1 0.5015625 0.9796875 0.159375 0.040625
1 0.30703125 0.934375 0.215625 0.13125
1 0.03359375 0.1453125 0.065625 0.1421875
0 0.98671875 0.171875 0.0265625 0.0875
1 0.0453125 0.24765625 0.090625 0.1265625