0 0.8166588134547672 0.8898406247149172 0.23370448002863498 0.2122828731437835
0 0.9123840107017711 0.6829906610156625 0.1752319785964577 0.3432419816532356
0 0.6945110934515855 0.8671121727231274 0.19178970003181667 0.23547493344863363
0 0.43376340276890435 0.7506524223303439 0.14718627204008908 0.29614881303532475
0 0.32584181476763174 0.7419046571068376 0.2070874360279987 0.20744083703942984
0 0.1457366914385406 0.7742045935805335 0.24262494668999893 0.17327491529826097
0 0.6606253474299502 0.7079235250842595 0.24640447469763488 0.22954309601642037
0 0.7905492047660408 0.7274815252806512 0.15745106269890757 0.2383999455488821
0 0.5185362027370877 0.5157683622218854 0.22825445870463454 0.28099651170746504
0 0.2885952587523597 0.6296137353656688 0.14524196403563475 0.2633272226762452
0 0.06170713677590406 0.8043829729708328 0.10806922803945274 0.29123405405833436
0 0.585872437460176 0.9310297478587006 0.12965223201781734 0.13199540944452864
0 0.0794827934038604 0.519104003123258 0.14907494135899882 0.18991699375348398
0 0.4702146920353165 0.2574382326351943 0.2031271893698165 0.26991356596219107
0 0.38953740404199805 0.3071296813073344 0.23446809603754382 0.2779078731437835
0 0.3051431280235444 0.1716739703385542 0.23018058537554342 0.31225560206654457
0 0.30360735268140837 0.10790742788948886 0.13533970536281678 0.21581485577897772
0 0.24826587201622652 0.11898582845522294 0.12153174403245304 0.2379716569104459
0 0.07244880669158976 0.1831846838414172 0.11324762404517974 0.3334488251355732
0 0.6243562046864991 0.14247124190677235 0.17046014003818008 0.2822226684215191
0 0.7594317333704528 0.269037766205465 0.22080558537554343 0.3122010599120669
0 0.7460435847389967 0.5285082149758009 0.22709085335772627 0.18099651170746506
0 0.9409351773551808 0.3992241941931497 0.11812964528963832 0.1663340480082102
1 0.9362829453373636 0.15861737491130898 0.12743410932527297 0.21012040944452864
1 0.834258463359317 0.18656563379010355 0.20309082670272574 0.2667885659621911
1 0.7120101986791812 0.08805138661877394 0.1564510893539081 0.15246244554888216
1 0.8572890727243611 0.42004120912206855 0.14229877737108926 0.278934041958086
1 0.8565821900859053 0.6278718898402278 0.16324652936027145 0.19937380698520074
1 0.9343402793602715 0.506296350809008 0.13131944127945694 0.23047836123992677
1 0.9709863040260898 0.466238977370637 0.05802739194782056 0.17536361436318462
1 0.9871920120146356 0.3059827334207612 0.025615975970728753 0.19235112646343316
1 0.9408437233449994 0.26796964901361 0.11831255331000108 0.2038249576491305
1 0.5519817653564536 0.16711269360397457 0.12472946936663476 0.24602154800821013
1 0.5041886080124085 0.09020632260149046 0.183377216024817 0.18041264520298092
1 0.5262085113383179 0.035368831676676774 0.12429202267663583 0.07073766335335355
1 0.39445907200827235 0.05998755747617994 0.1357931440165447 0.11997511495235988
1 0.190207924013363 0.09812388261175319 0.16479084802672603 0.19624776522350637
1 0.10884883601209036 0.08889887353656688 0.10519767202418073 0.17779774707313376
1 0.1392021440563156 0.4140619791191528 0.14823969470081658 0.25240790339440444
1 0.20982372672658817 0.4402154129605701 0.2227680747135433 0.34658515027114645
1 0.1934554814210414 0.6450119972695255 0.1554158480267261 0.19776585518980258
1 0.11094242608208713 0.6040829911212053 0.21083060136854384 0.2605840177575892
1 0.3545924287475872 0.594071145104785 0.1588135680299077 0.2212215359079618
1 0.4090612054025877 0.5078109373574586 0.23746582670272556 0.2669885538619427
1 0.2980953387173613 0.37172851249303185 0.1555612986950896 0.2102658551898025
1 0.5228413473901792 0.4157365459651068 0.13308631468808993 0.15857609016268798
1 0.6273566720639516 0.46747578708631216 0.1711862986950896 0.2103567587805987
1 0.5923175060470888 0.34345247980652394 0.15879538669636234 0.21965903590796182
1 0.6658720900302258 0.21879739257070224 0.10975790268936265 0.1678147347764936
1 0.7138385173854067 0.37946672697785355 0.16987833736472596 0.2322226684215191
1 0.7731697060789054 0.5767911788714475 0.16342834269572606 0.21499880698520074
1 0.6646941347469509 0.5875792088274809 0.16900563335454458 0.15722266842151916
1 0.6892701574633577 0.9538672841594458 0.1541067920114539 0.08526585518980241
1 0.49978039612503966 0.9182484676080798 0.16121131468808994 0.1587397166261212
1 0.3699292641231307 0.9049404674116879 0.2130283533577261 0.1809146984757483
1 0.23718039879053973 0.9111818979334554 0.11239200668363561 0.12564541549465283
1 0.14796335745540348 0.8984187984009937 0.1875556386855446 0.1401442527304745
1 0.324470766112313 0.8255120426454571 0.20198176535645346 0.171476065962191
1 0.5220082901018135 0.7470138170423455 0.18207034937936156 0.34009880093507655
1 0.6218724774426768 0.8019053292407898 0.16809766136218052 0.21346357806243965
1 0.6876803854630394 0.9515326245185255 0.14478633601209037 0.08989881303532492
1 0.859700836131403 0.9630326850197676 0.1382454346753633 0.06486245159900647
1 0.9285321047899033 0.9024719140407246 0.09433289735836255 0.1849113311856975
1 0.9603766153723619 0.7327315857818933 0.07924676925527621 0.32702610831306045
1 0.06961635005567926 0.40977900009819584 0.13148745202099904 0.15544199980360834
1 0.1559612880330894 0.24285914481019746 0.16651698002863508 0.21189198770335987
1 0.9009454293443632 0.07601395317014019 0.13695565467854465 0.08829086123992673
0 0.776788338796903 0.9549207240509873 0.09157042934436319 0.08177724082661797
1 0.8079675886775904 0.07577357953537744 0.12621814934754488 0.10541472872636941