1 0.24831791233372508 0.588878302404957 0.1737023271096728 0.11469807878390341
1 0.2924418335991993 0.7022729444700969 0.1960682508107789 0.1440971524473092
1 0.6241809829505762 0.6154525678370366 0.2608398628234877 0.18845336817585512
1 0.4967263644450455 0.4675471469032888 0.2226034772718286 0.1440817418957307
1 0.41754915340527143 0.5815648732963525 0.2370478068171334 0.16677578925077724
1 0.16845490868027713 0.7083192761671849 0.12658186525911974 0.09790542093374803
1 0.7203275056787476 0.48993589932236314 0.24491485389503395 0.17035581555913665
1 0.2948735381461517 0.48388696551678423 0.1564875535707225 0.11213452090551321
1 0.8063586887153444 0.36617144660682266 0.2320330243497292 0.14775277346576185
1 0.6180638019458694 0.35442406257536485 0.2193693831160271 0.13764973137238706
1 0.35342064934808165 0.39520316809115047 0.1579136858759707 0.10441302616718495
1 0.5368912629823482 0.7118277679217413 0.2163807508107789 0.1452802208490434