1 0.22890625 0.5234375 0.1609375 0.07578125
1 0.24921875 0.640625 0.178125 0.10078125
1 0.596875 0.6 0.23671875 0.13046875
1 0.50078125 0.43828125 0.20546875 0.09453125
1 0.3984375 0.5390625 0.21640625 0.11328125
1 0.125 0.6296875 0.11328125 0.06953125
1 0.71875 0.48984375 0.22421875 0.11484375
1 0.296875 0.42734375 0.14296875 0.07734375
1 0.8296875 0.38046875 0.21640625 0.09453125
1 0.6453125 0.34375 0.20390625 0.08828125
1 0.3734375 0.3484375 0.14609375 0.06796875
1 0.48984375 0.6828125 0.2 0.09609375