1 0.21293395418420044 0.538772290203868 0.17029763103285883 0.09490081614940156
1 0.23939227206288258 0.6525520480084162 0.18997521397248335 0.12211808057737183
1 0.5848163886677711 0.5702628153467935 0.25211311542376225 0.15862106496827516
1 0.480007381496195 0.42098455636111876 0.21642858656782163 0.11992066351699644
1 0.38321917233303504 0.5336060966498046 0.22958335099579194 0.13910717313564333
1 0.11439227206288256 0.6569171441948847 0.12153274881887363 0.0838343413771451
1 0.700736543747247 0.44604901063013713 0.23750497840045365 0.14250499164729752
1 0.2758555948357061 0.4351363695152954 0.15154763103285873 0.09424605172143127
1 0.805664635124392 0.32377965182979696 0.22736608656782167 0.12030260943331239
1 0.6196552132546931 0.30998751425833426 0.21464783175849825 0.11361609981466554
1 0.34836056661273773 0.3475520347615723 0.15434524881887368 0.08498017912609299
1 0.481624412081416 0.6651611422959681 0.21174108656782167 0.11975697241000383