0 0.5876821681114025 0.5938071191367772 0.2322774607105856 0.16410717313564332
0 0.42581571484441494 0.5514955896478645 0.13343754631872767 0.11853672359113006
0 0.37990605541495553 0.5873313967267734 0.15578342721213972 0.09591767912609299
0 0.33610470553879 0.6349405175080132 0.11192641935425689 0.12558533175849823
0 0.40811029218038913 0.6904936022617363 0.16614303846084474 0.15087799763774717
0 0.32293907960777657 0.7374380349312084 0.19499147642635145 0.10040677168436432
0 0.40099561310622256 0.8056820926430894 0.17958480024766904 0.10454863466105584
0 0.5317383449092576 0.8328671299365504 0.1435017510334573 0.10016866950744614
0 0.6297049640158454 0.8596875794810636 0.12438787799792798 0.09170140507947622
0 0.6312096519813521 0.8082614887368905 0.13361732878371627 0.0889037872934609
0 0.5390735018575177 0.7559053258528664 0.1251883986760925 0.10888890507947586
0 0.49461071835907156 0.6888343877410987 0.13387419396136266 0.12791172359113007
0 0.5071235268789083 0.6058135566155727 0.1288570541766104 0.08717759618646852
0 0.6413787105011888 0.7251588120578683 0.12126287799792798 0.09159227767481433
0 0.5839985500382721 0.6654365824762885 0.10818068114108108 0.0786557680561673
0 0.6667640082676585 0.7845437357416658 0.08179796360606986 0.048095248818873594
0 0.559510126340789 0.7090402495366639 0.08979455417661039 0.08581350362819702
0 0.0873761071103666 0.6200148888374071 0.12119010339082215 0.09002977767481415
0 0.05235044375196576 0.6718303599814666 0.047063398676092445 0.10616071996293322
0 0.07025276550636873 0.48682044292109106 0.09946065260503387 0.09239088584218216
0 0.045486051900298856 0.4407167692372937 0.05269266046291673 0.059558538474587405
0 0.07399215735803562 0.7178249062606022 0.08510705417661044 0.08564981252120454
0 0.07667835566262453 0.6750198473675948 0.09455482878371631 0.08753969473518967