0 0.57578125 0.55859375 0.20546875 0.1125
0 0.41171875 0.55859375 0.1109375 0.09140625
0 0.3734375 0.60625 0.1421875 0.0609375
0 0.33984375 0.6640625 0.08515625 0.1046875
0 0.41953125 0.70078125 0.1359375 0.11796875
0 0.3453125 0.76875 0.18359375 0.053125
0 0.43359375 0.815625 0.16484375 0.0625
0 0.56484375 0.80859375 0.1265625 0.06875
0 0.66484375 0.81015625 0.1078125 0.06484375
0 0.65703125 0.75859375 0.1203125 0.05859375
0 0.55859375 0.73125 0.1046875 0.08359375
0 0.503125 0.6765625 0.1078125 0.10234375
0 0.5 0.59140625 0.1140625 0.05859375
0 0.6515625 0.67421875 0.1046875 0.06640625
0 0.58515625 0.63046875 0.0953125 0.05546875
0 0.68671875 0.7265625 0.07578125 0.02890625
0 0.56953125 0.6796875 0.07265625 0.06875
0 0.07578125 0.71953125 0.1515625 0.053125
0 0.04296875 0.78125 0.08515625 0.0875
0 0.05078125 0.5890625 0.0953125 0.06875
0 0.021875 0.54921875 0.04375 0.0484375
0 0.06953125 0.82109375 0.1390625 0.053125
0 0.08359375 0.775 0.1078125 0.0609375