0 0.56953125 0.42421875 0.1171875 0.215625
0 0.56953125 0.59609375 0.0953125 0.115625
0 0.61875 0.6359375 0.0625 0.15
0 0.6796875 0.6703125 0.109375 0.0890625
0 0.7171875 0.5875 0.121875 0.1421875
0 0.7890625 0.665625 0.05625 0.1921875
0 0.8375 0.57265625 0.065625 0.171875
0 0.83046875 0.43515625 0.071875 0.1328125
0 0.83125 0.33125 0.0671875 0.1125
0 0.778125 0.3390625 0.0625 0.125
0 0.74921875 0.4421875 0.0875 0.109375
0 0.6921875 0.5 0.10625 0.1125
0 0.603125 0.503125 0.0625 0.11875
0 0.68984375 0.34453125 0.06875 0.109375
0 0.64375 0.4140625 0.0578125 0.1
0 0.74375 0.3078125 0.0296875 0.0796875
0 0.6953125 0.43046875 0.071875 0.075
0 0.7359375 0.93359375 0.05625 0.1328125
0 0.80078125 0.96875 0.0921875 0.0625
0 0.6015625 0.96171875 0.071875 0.0765625
0 0.559375 0.98984375 0.0515625 0.0203125
0 0.8421875 0.940625 0.05625 0.11875
0 0.79453125 0.9390625 0.0625 0.1125