0 0.60703125 0.58359375 0.125 0.228125
0 0.60703125 0.40234375 0.1 0.121875
0 0.659375 0.36015625 0.0671875 0.15625
0 0.7234375 0.3234375 0.115625 0.09375
0 0.76328125 0.4109375 0.13125 0.15
0 0.8390625 0.32890625 0.059375 0.203125
0 0.890625 0.4265625 0.06875 0.18125
0 0.88359375 0.571875 0.075 0.140625
0 0.884375 0.68203125 0.071875 0.11875
0 0.82734375 0.6734375 0.065625 0.1328125
0 0.79765625 0.56484375 0.0921875 0.115625
0 0.7375 0.503125 0.1125 0.11875
0 0.64296875 0.5 0.065625 0.125
0 0.734375 0.66796875 0.0734375 0.115625
0 0.6859375 0.59453125 0.0609375 0.1046875
0 0.7921875 0.70625 0.03125 0.084375
0 0.740625 0.5765625 0.075 0.08125
0 0.78359375 0.0578125 0.059375 0.115625
0 0.853125 0.02109375 0.096875 0.0421875
0 0.640625 0.028125 0.075 0.05625
0 0.896875 0.05078125 0.059375 0.1015625
0 0.84453125 0.04921875 0.0671875 0.096875