0 0.5505877216073956 0.5747985917168741 0.218591287293461 0.13342397483619664
0 0.3877975449283733 0.5578860068965635 0.12224207694917481 0.10207278896022594
0 0.34408226126310937 0.6008996213449043 0.14943949400955026 0.07600121266133186
0 0.30311003168152945 0.6549052828711459 0.09762402286549073 0.11257391233702041
0 0.37814474801626546 0.6999916862797125 0.149841287293461 0.13222393912238176
0 0.29632926362536205 0.7595382357932452 0.18990080290255767 0.07202282467404082
0 0.3780132840437821 0.8156848701270883 0.17298612141421196 0.0795353157455871
0 0.5090995929367896 0.8226633473989169 0.13559524881887378 0.08200575081077907
0 0.608744928871639 0.8345651038917387 0.11506449400955017 0.07540119480442442
0 0.6066665628997227 0.7821531700443629 0.12740080290255767 0.07093188311602709
0 0.5126090280533323 0.7445519841683922 0.11415675843752045 0.09412392126547431
0 0.4639011987419049 0.684290594152506 0.11949902286549072 0.11295574188232518
0 0.471535138667771 0.5999974147693571 0.12115080290255768 0.07082278896022594
0 0.6119567528255889 0.6978190803527884 0.11199405771188112 0.07690914772652384
0 0.5511755094490108 0.6475093887947747 0.10223711179556502 0.06580800649282174
0 0.6404884913928435 0.7538196643623201 0.07937996515360979 0.03730117694751698
0 0.5299800665279197 0.6948247195578955 0.08074405771188112 0.07636367694751697
0 0.05664678176634742 0.6824363989443398 0.11329356353269485 0.06799779788867966
0 0.020726639933715436 0.7404164943179572 0.04145327986743087 0.0964579886359143
0 0.03873508466890507 0.5500505929379853 0.07747016933781015 0.0782261858759707
0 0.013472189841048202 0.5074130795453048 0.026944379682096405 0.05232615909060954
0 0.04396324329176003 0.7822454841716875 0.08792648658352006 0.06761596834337488
0 0.04633055790114015 0.7385636680190633 0.0926611158022803 0.07227619480442442