0 0.80546875 0.5296875 0.109375 0.2328125
0 0.6171875 0.8671875 0.178125 0.153125
0 0.51484375 0.72421875 0.1546875 0.1
0 0.5984375 0.671875 0.16875 0.11875
0 0.6203125 0.3515625 0.1671875 0.06875
0 0.6265625 0.2421875 0.1625 0.153125
0 0.4625 0.353125 0.128125 0.0734375
0 0.52890625 0.43828125 0.165625 0.109375
0 0.6 0.475 0.14375 0.1546875
0 0.61328125 0.55625 0.159375 0.115625
0 0.434375 0.59453125 0.0984375 0.115625
0 0.5046875 0.56484375 0.084375 0.171875
0 0.43984375 0.40390625 0.140625 0.0734375