1 0.12061832940739806 0.6175356049577432 0.11966614474715102 0.12296733415618064
1 0.1310207901179838 0.46135834014010424 0.1343108416039979 0.13579464247680556
1 0.20482420140947002 0.7070903738594446 0.1404152923897862 0.13281511284152786
1 0.5636299288692788 0.5261742142838893 0.13140416542531544 0.14040940729444457
1 0.5016756226257537 0.7984661351617018 0.14910108767505648 0.15174695079743064
1 0.30454591150088317 0.7993525686729516 0.1359461162111037 0.13739351006798622
1 0.40651932630702614 0.9104374986688197 0.14717471463952717 0.14389808320625014
1 0.29861716666816973 0.32213545203170163 0.11966614474715094 0.12296733415618064
1 0.2158816335840085 0.5368506090418057 0.13260279238978612 0.13263327488562524
1 0.4013182117485522 0.7030607565526046 0.14099748924663302 0.14531511284152784
1 0.29935341315351305 0.45745535619201416 0.12471751778268034 0.13088893692972228
1 0.48079385008556247 0.6087126509292713 0.13445639081820956 0.13891964247680572
1 0.3890836931373024 0.5291504778672573 0.1346019400324213 0.14204464247680554
1 0.055063046630568456 0.5398268726251736 0.11012609326113691 0.1389923776591669
1 0.5886555459089521 0.6941254336986811 0.14426803846084474 0.148512848023889
1 0.4684672861890423 0.4535705560395143 0.1279152923897861 0.13252417211208342
1 0.21796217204485324 0.3914290062682641 0.12984166542531544 0.140373039703264
1 0.6655327231210918 0.605191526688577 0.1392894400324213 0.14215374525034735
1 0.29858066356779783 0.6083820765567364 0.11654114474715102 0.12289459897381967
1 0.3856227069910413 0.38516408852458367 0.11675946856846853 0.12758209897381959