1 0.13359375 0.5453125 0.0953125 0.10390625
1 0.16640625 0.3921875 0.1078125 0.11484375
1 0.20390625 0.64765625 0.11484375 0.109375
1 0.58359375 0.52890625 0.1046875 0.1203125
1 0.4828125 0.78828125 0.1203125 0.128125
1 0.2890625 0.75546875 0.11015625 0.11484375
1 0.3734375 0.8828125 0.1203125 0.1203125
1 0.35234375 0.2828125 0.0953125 0.10390625
1 0.2390625 0.48125 0.1078125 0.11171875
1 0.39765625 0.6765625 0.1125 0.12265625
1 0.3328125 0.41640625 0.1 0.11171875
1 0.48984375 0.596875 0.1078125 0.1171875
1 0.4109375 0.50234375 0.1078125 0.1203125
1 0.0671875 0.4546875 0.11015625 0.1171875
1 0.58359375 0.69921875 0.11484375 0.12578125
1 0.5 0.44140625 0.10234375 0.11171875
1 0.2625 0.3375 0.10234375 0.1203125
1 0.67265625 0.62421875 0.1125 0.1203125
1 0.3109375 0.565625 0.0921875 0.10390625
1 0.42890625 0.359375 0.0921875 0.109375