1 0.11008072376536485 0.5210584820178173 0.10608285672980182 0.11211928668045382
1 0.1599427554000264 0.37156755935708985 0.12059102570316252 0.12322041868236297
1 0.169000784526049 0.6288260760264078 0.12665002471457934 0.11860564401654479
1 0.5594758873015181 0.5411384560789054 0.11765702669174587 0.1278715560152719
1 0.4304436674161239 0.7921004247294516 0.13522652866891213 0.13744655068427197
1 0.24172867730195563 0.7430073020369073 0.12215352570316255 0.12323860001590851
1 0.3112851491273352 0.8774737560470888 0.13334569368794008 0.1296158693507266
1 0.3568588591640787 0.27693795404995225 0.10608285672980174 0.11211928668045398
1 0.2217477356283629 0.46608117536599847 0.1204636917107738 0.12009541868236298
1 0.3586880256288004 0.6732407893857248 0.12559686068413453 0.13108746268299926
1 0.3225727479856526 0.40863284937936156 0.1126511917107738 0.12000451201463562
1 0.45852354095183967 0.6017117820655424 0.12071835969555131 0.126345418682363
1 0.3907232287082807 0.500875440722452 0.12084569368794007 0.12947041868236298
1 0.05786492019049918 0.4250460006763177 0.11572984038099836 0.12638178134945371
1 0.5408174347163295 0.7113145960773146 0.1288491946765232 0.13424882535008997
1 0.48592032357508436 0.4472697300684059 0.11421369171077381 0.12002269334818116
1 0.26113518228205257 0.3242845740372256 0.11609452669174569 0.12785337468172653
1 0.6373687825488826 0.6436554760900413 0.12553319368794008 0.12952496268299923
1 0.2845249668452826 0.5559163820416799 0.10289418973360735 0.11052042401336308
1 0.42461009186387316 0.35979645472627003 0.10471135771838505 0.11678860534690845