1 0.5875 0.86640625 0.1125 0.103125
1 0.421875 0.83125 0.125 0.115625
1 0.6984375 0.790625 0.11875 0.125
1 0.56953125 0.3796875 0.13125 0.1125
1 0.85078125 0.4890625 0.1390625 0.1296875
1 0.81484375 0.6984375 0.125 0.11875
1 0.94375 0.6078125 0.1125 0.1296875
1 0.303125 0.6296875 0.1125 0.103125
1 0.51796875 0.75234375 0.121875 0.115625
1 0.72890625 0.58125 0.1328125 0.121875
1 0.4484375 0.6515625 0.121875 0.1078125
1 0.64375 0.48125 0.128125 0.115625
1 0.54140625 0.56640625 0.13125 0.115625
1 0.48984375 0.9375 0.128125 0.11875
1 0.7546875 0.3796875 0.1359375 0.125
1 0.475 0.4703125 0.121875 0.1109375
1 0.3625 0.72734375 0.13125 0.1109375
1 0.6734375 0.28359375 0.13125 0.121875
1 0.609375 0.67421875 0.1125 0.1
1 0.3859375 0.54765625 0.11875 0.1