1 0.43359375 0.10625 0.1125 0.103125
1 0.5984375 0.14140625 0.1234375 0.115625
1 0.3234375 0.18125 0.11875 0.1234375
1 0.4515625 0.58984375 0.1296875 0.1125
1 0.171875 0.48125 0.1375 0.128125
1 0.20703125 0.27265625 0.1234375 0.11875
1 0.0703125 0.3640625 0.1296875 0.128125
1 0.71640625 0.34140625 0.1125 0.103125
1 0.503125 0.21875 0.1203125 0.115625
1 0.29296875 0.38984375 0.13125 0.121875
1 0.571875 0.31953125 0.1203125 0.1078125
1 0.378125 0.4890625 0.1265625 0.115625
1 0.4796875 0.4046875 0.1296875 0.115625
1 0.53125 0.046875 0.1265625 0.09375
1 0.26796875 0.58984375 0.134375 0.1234375
1 0.5453125 0.5 0.1203125 0.109375
1 0.65703125 0.24453125 0.1296875 0.109375
1 0.3484375 0.68515625 0.1296875 0.121875
1 0.41171875 0.296875 0.1125 0.1
1 0.63359375 0.4234375 0.11875 0.1