1 0.3859375 0.11328125 0.0796875 0.08828125
1 0.3546875 0.1734375 0.08359375 0.084375
1 0.0796875 0.3984375 0.0640625 0.0734375
1 0.4203125 0.2484375 0.0828125 0.08984375
1 0.4765625 0.4671875 0.1109375 0.08984375
1 0.5109375 0.2609375 0.09140625 0.084375
0 0.7921875 0.490625 0.125 0.08984375
1 0.32890625 0.22890625 0.0859375 0.0953125
1 0.5546875 0.14453125 0.07890625 0.0859375
1 0.36953125 0.58359375 0.08515625 0.121875
1 0.4671875 0.13359375 0.0828125 0.08828125
0 0.76640625 0.3828125 0.1171875 0.08046875
1 0.41171875 0.78203125 0.14609375 0.14296875
1 0.53046875 0.2015625 0.07734375 0.0828125
1 0.44453125 0.18671875 0.0828125 0.084375
1 0.4984375 0.54296875 0.14609375 0.09765625
1 0.46484375 0.40234375 0.08984375 0.0859375
0 0.64140625 0.4421875 0.1171875 0.07109375
1 0.14609375 0.56640625 0.06640625 0.08046875
1 0.178125 0.41171875 0.0625 0.08046875
1 0.103125 0.4546875 0.05859375 0.08046875
0 0.6765625 0.61171875 0.125 0.084375
0 0.77734375 0.43359375 0.11640625 0.08046875
1 0.59921875 0.28046875 0.0828125 0.0859375
1 0.15390625 0.36328125 0.0578125 0.075
1 0.63671875 0.15078125 0.07734375 0.084375
1 0.26171875 0.8 0.1296875 0.1203125
1 0.7125 0.2203125 0.07734375 0.09765625
1 0.4109375 0.5359375 0.0671875 0.15546875
1 0.72421875 0.153125 0.075 0.0859375
1 0.12421875 0.5109375 0.0703125 0.084375
0 0.6609375 0.56015625 0.125 0.0765625
1 0.1703125 0.63515625 0.0703125 0.0921875
1 0.690625 0.2890625 0.08515625 0.0921875
0 0.653125 0.5015625 0.1296875 0.09375
1 0.50390625 0.7484375 0.0921875 0.15390625
1 0.61953125 0.215625 0.08359375 0.0859375
1 0.225 0.5328125 0.0625 0.084375
1 0.54609375 0.66171875 0.09140625 0.12734375
1 0.36796875 0.396875 0.1203125 0.1015625
0 0.63046875 0.39140625 0.1171875 0.07890625
0 0.6875 0.68515625 0.14609375 0.09375
1 0.23125 0.72578125 0.13359375 0.10859375
1 0.52421875 0.3453125 0.04609375 0.08984375
1 0.45390625 0.65859375 0.14765625 0.13125
0 0.81796875 0.6109375 0.12890625 0.0765625
0 0.80078125 0.5484375 0.1171875 0.084375
1 0.1984375 0.46328125 0.0609375 0.0734375
1 0.56953125 0.74140625 0.0859375 0.15390625
1 0.41484375 0.31953125 0.1234375 0.10703125
1 0.3265625 0.503125 0.1171875 0.11640625
1 0.33515625 0.709375 0.11640625 0.14453125
1 0.3421875 0.66640625 0.13359375 0.10859375
0 0.83125 0.66875 0.13125 0.0859375
1 0.25 0.59296875 0.06640625 0.08828125
1 0.1796875 0.5046875 0.06484375 0.08828125
1 0.3921875 0.43984375 0.07890625 0.09921875