1 0.4160468112549758 0.11936513592700022 0.09138368676785777 0.09836806733052791
1 0.3770042158938805 0.1751141389222251 0.09431768577927473 0.09378969473518968
1 0.07507300688290117 0.3656374128840242 0.07349584980971957 0.08058036660488846
1 0.43231911558986924 0.2576290277596322 0.0945723537640522 0.10003969473518967
1 0.46071473513407135 0.4823760566155727 0.12276102076024671 0.10258434137714509
1 0.5213351946393422 0.2810789406436564 0.10219385277546919 0.09562501324684387
0 0.7711455577577536 0.5440700470817439 0.1368871877564411 0.10463791469812271
1 0.34437078802327115 0.22717514672677339 0.09795202174882985 0.10639882213985137
1 0.5790123848672412 0.1712153565229055 0.0896938527754692 0.09518850362819706
1 0.33919787939285273 0.5845337789407585 0.10053319368794007 0.13145338584218216
1 0.4938388888215739 0.14946435289470844 0.09450868676785795 0.09847719473518968
0 0.7592278309894582 0.43334087820726996 0.12713018577927482 0.09493553248413758
1 0.35598483688377625 0.7869692981780523 0.16411553262324477 0.1601984339354164
1 0.5478777900004375 0.22489342802978465 0.08800401878308026 0.09200893992586623
1 0.46442596144525616 0.19929073810391845 0.09431768577927464 0.09378969473518964
1 0.472406968822449 0.5602381617877159 0.15914418973360736 0.1147768065307547
1 0.45713874897423584 0.41653280180624924 0.1006950197716634 0.09713294954451297
0 0.6275666541074321 0.47724959091380886 0.12674818380210837 0.08556053248413775
1 0.11960030380342093 0.5400942650609425 0.07693918479069152 0.08850199400955035
1 0.1710566689361797 0.3908953624285373 0.07225168479069151 0.08833830290255759
1 0.09146732802370869 0.42410467731199447 0.06912668479069153 0.08822917549789597
0 0.6408757845260491 0.64983391904411 0.13513368676785795 0.09989585099579194
0 0.7633768201150433 0.4851216330165934 0.12713018577927465 0.09493553248413758
1 0.6061585222059404 0.31142369427185346 0.09438135277546902 0.09535219473518967
1 0.15359459631249744 0.3394320661494016 0.06730951680591399 0.08192461179556502
1 0.6597212153995888 0.18733391904411 0.08806768577927464 0.09357143992586621
1 0.20501258589519306 0.7863914009031246 0.14441052768032892 0.13610616950744614
1 0.7261646160841609 0.2655432537978331 0.09020318874502423 0.10768850362819711
1 0.38629305528629565 0.5423661263083533 0.08780770060802237 0.16377481252120454
1 0.7468073799243253 0.20054573637463796 0.08656885277546919 0.09507937622353532
1 0.10551789916451622 0.48249009618646854 0.08181768577927472 0.09335318511654264
0 0.6320711288985612 0.597108223127794 0.1348153517868859 0.09208335099579194
1 0.1354534554765761 0.6118427794889127 0.08213602076024666 0.10116568511654282
1 0.6961150187458992 0.3309946390070431 0.09626218775644091 0.10321925843752044
0 0.631365474753948 0.5376240957231323 0.1417656887450242 0.10948910580511537
1 0.4515665923209837 0.764489152169069 0.11124520060802237 0.16459326805616747
1 0.6344864520537161 0.2498239953603126 0.09438135277546919 0.09535219473518967
1 0.2027138927387256 0.5163963594333124 0.07394151878308027 0.09151786660488845
1 0.5049409431192864 0.6834226906436565 0.10703786167271759 0.13792164065150558
1 0.36161800193998533 0.39911463411290166 0.13264535672980174 0.11541172359113014
0 0.622636414981847 0.42544155425332003 0.12706651878308026 0.09337303248413757
0 0.6417578522068155 0.7241890782999372 0.15745435574121877 0.11159724282842376
1 0.18391351870871822 0.7089831635169964 0.14708985870696814 0.12527779691210786
1 0.523334093346748 0.36642616360181435 0.0569450197716634 0.09560516587924912
1 0.41398036209264716 0.6692932140573014 0.16366986364988403 0.14926093393541642
0 0.7810232820545912 0.666463402253887 0.13794035178688588 0.09219247840045348
0 0.7719148788985611 0.6019916744864056 0.12725751977166339 0.09806053248413757
1 0.18529824106557038 0.44459328130301123 0.07037084980971957 0.08047123920022674
1 0.5180046758190808 0.7660268595181303 0.10499520060802237 0.16437501324684406
1 0.41851660076112174 0.32755958184331624 0.1375875247145794 0.12182541469812272
1 0.30666656368925266 0.49968506378714894 0.1317195266917457 0.1309821598887993
1 0.288887520191593 0.7056076815731638 0.13442803262324476 0.15916172359113007
1 0.30154402908884154 0.6638021274894796 0.14708985870696817 0.12527779691210802
0 0.7872295196973014 0.7253572526167067 0.14144735376405232 0.10167660580511537
1 0.2196984628909499 0.579578405712448 0.07725751977166348 0.09631449400955035
1 0.16105031616071058 0.4828646076192138 0.07569501977166349 0.09625993030721922
1 0.3801159925484452 0.44435521224320274 0.0918293557412186 0.10930556733052792