1 0.4587303542583438 0.12570128114650808 0.0978246877564409 0.10546031570031093
1 0.4195206156270503 0.17719589171220407 0.1008223537640522 0.10251732622365468
1 0.11724448570272501 0.33339559990117795 0.07993685079830275 0.08727175782192056
1 0.4745529669196447 0.26535531534737505 0.10107702174882985 0.10876732622365459
1 0.5016897643716371 0.4914018758566014 0.129393022737413 0.11509292093374804
1 0.5631989728511437 0.29857661000099867 0.1086985207602467 0.10453485253201392
0 0.8111231141813567 0.5873639071442838 0.14358285672980173 0.1190369682887944
1 0.38718295950527093 0.2251937759554234 0.10601918973360736 0.11529034200867017
1 0.622119033611828 0.19523107309870852 0.09619852076024671 0.10380681043863911
1 0.3798240346375922 0.5801697022920175 0.11016286167271758 0.140472352532014
1 0.5366935281746205 0.16453553896842868 0.10101335475263547 0.10720482622365464
0 0.8003527574515548 0.4760623860975963 0.133762187756441 0.1075534367187636
1 0.3951319941428631 0.7837042259695408 0.1754987015966055 0.17545356826055958
1 0.5906581279843401 0.2456182099727638 0.09450868676785795 0.10059080517696728
1 0.5074172050566466 0.2111529337349917 0.10082235376405216 0.10251732622365461
1 0.5127174476794538 0.5707631521649607 0.16590352570316255 0.13124854195220054
1 0.49823450053147267 0.42573137322576543 0.10719968775644091 0.10600634727034208
0 0.6682870153602203 0.5057814362246533 0.13181768577927463 0.09808743145709169
1 0.16037635627269126 0.5120512209196304 0.08338018577927472 0.09526626834526439
1 0.21298540863041845 0.3685889182323248 0.07869268577927473 0.09499325256024874
1 0.13294508155811188 0.39354414462538867 0.0755040187830803 0.09324874203690507
0 0.6807909684397006 0.6787562046405048 0.1417656887450242 0.11269596302712266
0 0.8040481018240669 0.5284971413592683 0.132199687756441 0.10746243145709151
1 0.6481933967674204 0.33782039150044263 0.1008860207602467 0.1040798262236546
1 0.19525939775600354 0.3161163656156063 0.07375051779449712 0.08847023677523325
1 0.702634204562355 0.22018484144397282 0.09457235376405215 0.10215330517696727
1 0.2440005756637939 0.7663284682182074 0.15416752965749525 0.14927049985882573
1 0.7684767218625606 0.3058563019108468 0.09820668973360754 0.11483531570031094
1 0.42745110973273237 0.5439738680346807 0.10043503460041112 0.16952281570031094
1 0.7893038750185906 0.24315888083592455 0.09300985376405216 0.10206229991529536
1 0.14627009391540158 0.4527749314570917 0.08825868676785786 0.10022678413027997
0 0.6715950405690911 0.6252216809629815 0.13988485376405216 0.10479245776545092
1 0.17502378809763325 0.5846087603821694 0.09013952174882985 0.10813028939195171
1 0.7374614852084334 0.36718093878490204 0.1043293557412186 0.11207433674699833
0 0.6723006947137043 0.5660286914863251 0.14846135771838503 0.12399748407380998
1 0.49130665718472477 0.7721590521931955 0.12399986859279988 0.17401289462538863
1 0.6769922174139362 0.2794842467338795 0.1008860207602467 0.1040798262236546
1 0.24317426882026139 0.4973887524190744 0.08038251977166358 0.09820925782192055
1 0.5443733073750051 0.697310241613382 0.1182300296574951 0.14717737884037305
1 0.40281191258475113 0.39835055489461857 0.1408398587069682 0.12822995776545093
0 0.6645916709877081 0.4533466809629815 0.13369852076024671 0.10599093671876343
0 0.6814714007589341 0.752838446747997 0.16415002471457943 0.12647003669052842
1 0.2236297258540743 0.6872024103398171 0.15528436068413448 0.13842400512049746
1 0.5651063241437381 0.38364185473932677 0.06488485376405233 0.1004242052052021
1 0.45376555342067243 0.6733274390672508 0.17505303262324473 0.1645160682605596
0 0.8208403068807135 0.7110744229292993 0.1446360207602467 0.10662797355046649
0 0.8119481265386463 0.6458666518826119 0.13388952174882968 0.11067843671876361
1 0.22615125349722215 0.4239134550640277 0.07681185079830274 0.08708974729857691
1 0.5571226581733079 0.7806687731834131 0.11774986859279987 0.17364887357870132
1 0.46019864825029516 0.3338855074689847 0.1457820266917457 0.1347529735504664
1 0.34816551634880344 0.4918128575819242 0.14141286167271766 0.1422924577654509
1 0.3291621428502687 0.6949077655026669 0.14568386760421675 0.17059946828879458
1 0.34156930094921456 0.6551018128577135 0.15528436068413454 0.13842400512049763
0 0.8263528192380033 0.769850183452643 0.14814302273741298 0.11618498407380998
1 0.2598471156642314 0.5622702997741211 0.0852610207602467 0.10316977360693613
1 0.20189801140588753 0.45991186824644237 0.08369852076024668 0.10307876834526439
1 0.4210963389724857 0.445399860142173 0.09983285672980173 0.11648882096198285