1 0.3796875 0.36328125 0.2 0.2171875
1 0.8265625 0.5171875 0.165625 0.19375
1 0.1984375 0.48828125 0.190625 0.215625
1 0.53671875 0.46015625 0.1875 0.20625
1 0.63046875 0.32109375 0.16875 0.175
1 0.08359375 0.59765625 0.1671875 0.234375
1 0.92734375 0.45703125 0.14375 0.184375
0 0.36640625 0.20390625 0.2125 0.1796875
1 0.91171875 0.10234375 0.13125 0.1625
1 0.24296875 0.61640625 0.165625 0.184375
1 0.69296875 0.44296875 0.19375 0.196875
1 0.94609375 0.3078125 0.1078125 0.15625
1 0.15 0.34609375 0.1484375 0.171875
1 0.60859375 0.17578125 0.1828125 0.2046875
1 0.815625 0.37421875 0.159375 0.165625
1 0.07734375 0.4203125 0.1546875 0.203125
1 0.80546875 0.228125 0.2125 0.215625
1 0.79921875 0.03046875 0.153125 0.059375
1 0.48046875 0.1671875 0.1640625 0.16875
1 0.365625 0.034375 0.15625 0.06875
1 0.73671875 0.10390625 0.18125 0.196875
1 0.16796875 0.21796875 0.1375 0.1640625
1 0.23359375 0.25859375 0.16875 0.1515625
1 0.059375 0.178125 0.11875 0.35625
1 0.98359375 0.18984375 0.03125 0.221875
1 0.33359375 0.49296875 0.184375 0.221875
1 0.9421875 0.19765625 0.115625 0.134375
1 0.49921875 0.29609375 0.196875 0.165625
1 0.96796875 0.071875 0.0640625 0.14375
1 0.90546875 0.0375 0.10625 0.075
1 0.5953125 0.0796875 0.115625 0.1015625
1 0.63515625 0.0390625 0.14375 0.078125
1 0.50859375 0.06484375 0.14375 0.1296875
1 0.29921875 0.12578125 0.165625 0.171875
1 0.1453125 0.11640625 0.1375 0.1140625
1 0.22109375 0.06875 0.0828125 0.1296875
1 0.1828125 0.0265625 0.1546875 0.053125
1 0.6859375 0.23046875 0.075 0.134375