1 0.37053576632688684 0.38671875 0.19621034500534212 0.2046875
1 0.7859028498994836 0.5359375 0.16263395317271012 0.1828125
1 0.20415185289470844 0.49921875 0.1867262176006804 0.2015625
1 0.5167237747644073 0.47890625 0.1833283990890262 0.19375
1 0.6013393330244425 0.3515625 0.16510418874473984 0.1640625
1 0.0998314298438832 0.59921875 0.1655059820286507 0.2203125
1 0.9036062158714 0.48359375 0.19204863466105593 0.175
0 0.35522324645662096 0.2390625 0.20438494355406328 0.1703125
1 0.8584995246795893 0.15390625 0.130292679126093 0.1515625
1 0.2473884761230189 0.61875 0.16225200725639413 0.171875
1 0.6615724832945951 0.465625 0.1892510168750409 0.184375
1 0.9183085782151192 0.3453125 0.15674605172143147 0.1484375
1 0.15657247004775113 0.3671875 0.14624506134007817 0.1609375
1 0.5786781046239889 0.2171875 0.18014883538669527 0.1921875
1 0.7742609670525262 0.40390625 0.15701887023308564 0.15625
1 0.9629960682799862 0.64296875 0.07400786344002767 0.2
1 0.08938745924797792 0.434375 0.15509427168436443 0.190625
1 0.7624826749497418 0.26796875 0.20709328130301116 0.203125
1 0.7528546706885725 0.059375 0.14606152286549073 0.1109375
1 0.46035469055883843 0.20703125 0.16025299763774722 0.159375
1 0.35280010698624165 0.0578125 0.1493502139724833 0.115625
1 0.6967262109772584 0.15234375 0.17831351687504088 0.184375
1 0.1719568786706061 0.2484375 0.13503474282842384 0.153125
1 0.2334772212288775 0.2875 0.16434029691210789 0.1421875
1 0.07042909500534211 0.2046875 0.12908238710812658 0.340625
1 0.953072925497896 0.23515625 0.09385414900420805 0.2078125
1 0.32939738955519726 0.50625 0.1823115361123347 0.209375
1 0.8897073738612826 0.2421875 0.11535715988879928 0.1265625
1 0.48015381378714894 0.3265625 0.1898313702330856 0.15625
1 0.9829018131541767 0.49609375 0.03419637369164654 0.1765625
1 0.9682738287632734 0.36640625 0.06345234247345317 0.1609375
1 0.9376091274046617 0.1 0.12478174519067657 0.1875
1 0.8515649892002267 0.0671875 0.10431053248413776 0.1234375
1 0.5653844417399647 0.12734375 0.11270338584218216 0.0953125
1 0.600674611795565 0.0640625 0.1387946598887993 0.1265625
1 0.4827157854793625 0.08671875 0.14355657095872498 0.1734375
1 0.2916939705959053 0.16484375 0.16192462504240906 0.1625
1 0.14993305653075473 0.1546875 0.13345239546082904 0.1078125
1 0.2187450547166562 0.11171875 0.08238096878180672 0.121875
1 0.18059772477225652 0.0484375 0.14869544954451305 0.096875
1 0.6515724568009071 0.26875 0.07624009618646851 0.125