0 0.23581898631673176 0.7248389182323248 0.3152110786965297 0.39688749445597954
0 0.9076387596109384 0.32930004913883654 0.1847224807781231 0.3985116366622937
0 0.684900538216611 0.6294919520096688 0.38056384102100155 0.5144081943995097
0 0.8494350528601613 0.7313638071019314 0.3011298942796774 0.4731615681193855
0 0.24706750904511154 0.25583828925077734 0.2904500961093842 0.429715405007558
0 0.6538231151041185 0.9369440760824803 0.23779432835784534 0.12611184783503937
0 0.45106669154139994 0.40324245222143035 0.30130570895425457 0.42878994183926106
0 0.4141630715719821 0.8431801235787013 0.31398941542211817 0.3136397528425974
0 0.5182321008590826 0.13922472582836648 0.2614642017181652 0.2333108418674959
0 0.0890624157608024 0.5550662025743662 0.13963786861062144 0.3757574051487324
0 0.7264816921072269 0.21911516510737875 0.2692567695605611 0.32255535239083954
0 0.3009793238352897 0.0510212576101591 0.19570864767057933 0.07838114718563745
0 0.15798731965141816 0.14628200775133343 0.21909963930283632 0.2869216892790122