0 0.3007326729195191 0.8087305231352084 0.27243964402463056 0.3703433222384088
0 0.8295824399897374 0.14622084050564868 0.25958512002052536 0.29244168101129736
0 0.6742939345287883 0.5123956708650276 0.32310324023744263 0.48527857548481973
0 0.8648371212970718 0.5231307991130861 0.26663507161953176 0.4467967280826075
0 0.15255581079582964 0.36370616964391633 0.24141690300162097 0.40886035145940197
0 0.7683468989154141 0.8614995982195817 0.21835106596219092 0.2037910219140972
0 0.38664900966436144 0.4080526388013654 0.2539078126425414 0.40751603977100465
0 0.5091037091220685 0.8433707556853381 0.2798430778660478 0.3001671899331605
0 0.3532017471713297 0.11747209780924935 0.23731014422102223 0.2349441956184987
0 0.08081969921221738 0.7321209788966817 0.16163939842443475 0.368434174511885
0 0.5726648194782324 0.12883056331325035 0.23592036104353512 0.2576611266265007
0 0.11731424414626754 0.11044084780924934 0.18671018052176752 0.13605805113509045
0 0.057471611534514334 0.2771158790588374 0.11494322306902867 0.32389324188232516