0 0.25859375 0.7796875 0.2203125 0.3359375
0 0.88671875 0.17421875 0.20625 0.34765625
0 0.67109375 0.5515625 0.25390625 0.44609375
0 0.86796875 0.596875 0.2234375 0.4125
0 0.1796875 0.3140625 0.18203125 0.38125
0 0.71171875 0.91328125 0.19296875 0.17265625
0 0.40390625 0.3984375 0.19453125 0.3765625
0 0.45703125 0.859375 0.23671875 0.28046875
0 0.41484375 0.103125 0.20625 0.20625
0 0.053125 0.665625 0.10625 0.353125
0 0.6328125 0.134375 0.19453125 0.26875
0 0.18359375 0.0578125 0.17109375 0.1078125
0 0.0671875 0.2078125 0.134375 0.3046875