0 0.73984375 0.7671875 0.240625 0.365625
0 0.08359375 0.14765625 0.1671875 0.2953125
0 0.28828125 0.51796875 0.278125 0.4875
0 0.0984375 0.5671875 0.196875 0.45
0 0.82578125 0.259375 0.2 0.415625
0 0.24375 0.909375 0.2125 0.18125
0 0.58046875 0.35078125 0.2125 0.4109375
0 0.52265625 0.85078125 0.259375 0.2984375
0 0.56953125 0.0703125 0.2265625 0.140625
0 0.953125 0.6421875 0.09375 0.384375
0 0.33046875 0.1046875 0.2125 0.209375
0 0.8234375 0.01796875 0.1875 0.0359375
0 0.93828125 0.15390625 0.1234375 0.3078125