1 0.91796875 0.8578125 0.1625 0.2125
1 0.084375 0.096875 0.16875 0.19375
1 0.134375 0.57265625 0.21875 0.2
1 0.090625 0.78203125 0.18125 0.2015625
1 0.24453125 0.14921875 0.215625 0.19375
1 0.1953125 0.35859375 0.21875 0.203125
1 0.4890625 0.73515625 0.203125 0.2
1 0.61328125 0.565625 0.2234375 0.209375
1 0.7671875 0.4140625 0.225 0.1890625
1 0.8765625 0.2375 0.203125 0.1984375
1 0.59375 0.2796875 0.1984375 0.19375
1 0.70234375 0.10703125 0.20625 0.1890625
1 0.9171875 0.5453125 0.165625 0.1875
1 0.64765625 0.88046875 0.196875 0.19375
1 0.778125 0.7109375 0.203125 0.2
1 0.0625 0.3046875 0.125 0.196875
0 0.21875 0.9453125 0.1796875 0.109375
1 0.2765625 0.01484375 0.20625 0.0296875
1 0.8125 0.96328125 0.215625 0.0734375
1 0.96328125 0.36328125 0.071875 0.171875
1 0.034375 0.5109375 0.06875 0.190625
0 0.35390625 0.909375 0.2078125 0.18125