1 0.90234375 0.8671875 0.1953125 0.2046875
1 0.0828125 0.134375 0.165625 0.19375
1 0.13203125 0.5953125 0.209375 0.1921875
1 0.0890625 0.79375 0.178125 0.19375
1 0.2375 0.1890625 0.20625 0.184375
1 0.190625 0.38984375 0.209375 0.1953125
1 0.471875 0.75 0.1953125 0.190625
1 0.59140625 0.5875 0.2140625 0.2
1 0.7390625 0.44296875 0.215625 0.18125
1 0.84296875 0.27421875 0.1953125 0.190625
1 0.57265625 0.31484375 0.190625 0.1875
1 0.6765625 0.1484375 0.1984375 0.18125
1 0.89375 0.5671875 0.18125 0.178125
1 0.6234375 0.8890625 0.1875 0.184375
1 0.74921875 0.7265625 0.1953125 0.190625
1 0.06171875 0.3375 0.1234375 0.1875
0 0.21328125 0.95 0.171875 0.1
1 0.26796875 0.0375 0.1984375 0.075
1 0.78125 0.9671875 0.20625 0.065625
1 0.94609375 0.39453125 0.1078125 0.165625
1 0.03515625 0.5359375 0.06875 0.1828125
0 0.34296875 0.91484375 0.1984375 0.1703125
1 0.97890625 0.69296875 0.0421875 0.1703125