0 0.4215529952657759 0.48273307741251087 0.08230451734563574 0.09346231252120454
0 0.47298822593095774 0.4918699752355927 0.07912497334499946 0.08866568511654283
0 0.4213717292727755 0.4311978592636764 0.05083634134309047 0.07362103847458741
0 0.5494870912635487 0.49466510382138074 0.044349984006999674 0.053090283665263985
0 0.5475984219446389 0.38852423122604246 0.07463746801399936 0.10568949400955016
0 0.4994790952816842 0.362871955998299 0.07763519867918127 0.09486112141421188
0 0.502450101289002 0.3088838604448027 0.07440111067790856 0.08537699400955026
0 0.4526313672820024 0.3621651170682247 0.0746556493475449 0.10725199400955017
1 0.5464450019494114 0.35342254492837333 0.07283861067790856 0.0853224303072194
1 0.5257319652689575 0.455667091207509 0.07287497334499946 0.08844743030721922
1 0.5324092266072754 0.41873008639818554 0.0364102146721816 0.04187996515360979
1 0.4993598219287305 0.5073486422959681 0.042842028007635945 0.05772321996293304
1 0.5113785639322304 0.48115816452848675 0.0364102146721816 0.04187996515360979
1 0.4845802539385938 0.4352380293192767 0.065080654678545 0.08973711179556502
1 0.4419387679424117 0.40861353113337523 0.07158519334818117 0.11183036660488846