0 0.4068111437273087 0.49147181683869673 0.07850168479069164 0.08811977711788863
0 0.4596814757425312 0.4961760372135256 0.07518568380210837 0.0833413489046432
0 0.40344340460172373 0.44006844121187605 0.046551347832553304 0.070022994985435
0 0.5362758092406283 0.49316704598901423 0.04259867688202608 0.04961956677218957
0 0.5272920814837498 0.388084740895307 0.0696360207602467 0.10034699247815251
0 0.47743400292856847 0.3669060743605441 0.0738141847906915 0.08798338479802066
0 0.4780998477953721 0.31226403846716677 0.07037084980971961 0.08007995658477532
0 0.4304953359323741 0.36983249755922454 0.06969968775644109 0.10190949247815259
1 0.5248183388981236 0.35304215116186366 0.06874468281352505 0.07847199247815259
1 0.509710650647391 0.45570414990822244 0.06893568380210838 0.08315949247815269
1 0.5143318250579592 0.41889447169497707 0.03440417490485981 0.04001724623907634
1 0.48645222277678163 0.5094429153476285 0.03966467787060921 0.05421613855894449
1 0.49690956171208633 0.48260763070789253 0.03440417490485981 0.04001724623907634
1 0.46747407110362643 0.4389856628403462 0.05962435079830275 0.08444920783841656
1 0.42314840954463956 0.41608537193240397 0.06520318874502422 0.10646060015828458