0 0.728125 0.58125 0.09375 0.20625
0 0.79375 0.66328125 0.13125 0.184375
0 0.77421875 0.5890625 0.11875 0.1
0 0.79609375 0.53203125 0.134375 0.0984375
0 0.721875 0.49765625 0.165625 0.1046875
0 0.7484375 0.42890625 0.20625 0.1140625
0 0.70546875 0.34453125 0.2 0.1140625
0 0.70546875 0.28515625 0.2 0.1109375
0 0.7234375 0.23125 0.134375 0.096875
0 0.57890625 0.225 0.175 0.1546875
0 0.54609375 0.209375 0.1421875 0.1296875
0 0.5125 0.2 0.075 0.140625
0 0.4640625 0.21171875 0.0984375 0.203125
0 0.4046875 0.2640625 0.1125 0.18125
0 0.35078125 0.2796875 0.1171875 0.153125
0 0.321875 0.3203125 0.1015625 0.075
0 0.30703125 0.3625 0.18125 0.078125
0 0.2640625 0.31953125 0.059375 0.0625
0 0.26796875 0.40859375 0.11875 0.1203125
0 0.259375 0.44765625 0.1359375 0.090625
0 0.24765625 0.49765625 0.1484375 0.09375
0 0.228125 0.584375 0.11875 0.15625
0 0.30546875 0.60703125 0.096875 0.18125
0 0.35078125 0.75390625 0.1015625 0.121875
0 0.2984375 0.684375 0.075 0.078125
0 0.43046875 0.6890625 0.1625 0.09375
0 0.475 0.77109375 0.09375 0.190625
0 0.38046875 0.7234375 0.13125 0.1546875
0 0.521875 0.81328125 0.096875 0.0984375
0 0.53984375 0.72265625 0.115625 0.1484375
0 0.52265625 0.6171875 0.140625 0.16875
0 0.6234375 0.7609375 0.1265625 0.1421875
0 0.57734375 0.78828125 0.096875 0.1546875
0 0.68828125 0.68984375 0.184375 0.096875
0 0.61953125 0.61640625 0.084375 0.18125
0 0.61015625 0.475 0.1109375 0.196875
0 0.68515625 0.7578125 0.1109375 0.103125
0 0.57421875 0.40703125 0.10625 0.184375
0 0.51796875 0.4 0.1015625 0.184375
0 0.478125 0.37890625 0.10625 0.196875
0 0.478125 0.5078125 0.190625 0.1015625
0 0.4 0.4703125 0.084375 0.209375
0 0.42578125 0.58515625 0.10625 0.15625
0 0.3546875 0.43828125 0.096875 0.18125
0 0.3625 0.58828125 0.084375 0.1515625
0 0.6671875 0.58046875 0.078125 0.196875
0 0.78671875 0.4546875 0.084375 0.084375