0 0.46757424715403567 0.7144520878572422 0.21777960957707682 0.13473792740790563
0 0.3993794005626023 0.7946585662605161 0.20272735389503405 0.16673155585660826
0 0.4676112033225458 0.7613680314348071 0.1179159772718286 0.13730964947960161
0 0.5279720048646734 0.7699341259623116 0.11975121266133186 0.15301653663473153
0 0.5477020779171564 0.6907036493680601 0.12964440990138842 0.1831953595655099
0 0.6198498133066599 0.7025618402320915 0.14600579545304768 0.22620173111680728
0 0.6946764894433979 0.6439028132082985 0.14592397483619662 0.22151423111680746
0 0.752338984979171 0.6322792384684977 0.14274442775829588 0.21822545680654795
0 0.8079577394433979 0.6379659944613915 0.11816143912238167 0.1513721494796016
0 0.7890832341683921 0.4974195595902538 0.18150691882984216 0.2030851356847918
0 0.7978445795420095 0.4617719866594753 0.15121940097293454 0.16715427973732636
0 0.8011644484545772 0.42797351877165096 0.15007391233702033 0.10152927973732635
0 0.7816235158250173 0.3836436646332079 0.21627165665497755 0.13778104025277607
0 0.7205945125786064 0.3367963201057034 0.19771257142763013 0.14773589439121898
0 0.6962706225627204 0.28724337743264966 0.16958757142762995 0.14626192559888346
0 0.6521524297868908 0.2684424677762827 0.09099892126547413 0.11560506784239592
0 0.6082524253226639 0.2621415581199158 0.10639782467404083 0.19290455223856356
0 0.6425631956152034 0.21186159712949637 0.07148526217486477 0.07087242198083885
0 0.5569393413131323 0.2343341406616327 0.1382830243497292 0.14149918249628843
0 0.5170546810047068 0.23407851311744138 0.11350121266133187 0.15268898801421232
0 0.4669864971573309 0.23279265208159344 0.11684440097293472 0.16535276232447185
0 0.37859615300152955 0.23116927634642442 0.1743296185055306 0.14963258706427274
0 0.3705984667185217 0.31056684927720296 0.19431483603812652 0.1319471200809595
0 0.23505247889338637 0.3849194753510562 0.13642051542127548 0.12422979534115867
0 0.29413142410484794 0.32004806987856077 0.09053527110331831 0.08904256784239584
0 0.31202012783772615 0.44891669832726333 0.11865236282348776 0.1794971494796016
0 0.2395508384704632 0.5082341446183616 0.20366256249917614 0.13087594301173802
0 0.27063146874711663 0.40729576436063686 0.174520533278183 0.16057008706427278
0 0.20688438879477475 0.5631197184536513 0.11284664772652382 0.11518898801421233
0 0.29834518587267544 0.5614543198785608 0.16487279788867956 0.14445376413349412
0 0.3977724415547183 0.5234010419502566 0.19036372158978568 0.17388895861557022
0 0.2748725040538945 0.6502645143606369 0.16034893912238157 0.15358310266810485
0 0.24056964204118564 0.6114000881959265 0.16769778896022586 0.1274300384437538
0 0.3554736676087309 0.6984320194490194 0.12684669236879245 0.2017815852552504
0 0.4150338538917387 0.6163321703989592 0.19253414772652383 0.11936523292582972
0 0.551220769882207 0.5786982943251059 0.21180234496658024 0.1500353787873868
0 0.28840889853400736 0.7089844171195988 0.1193421095770768 0.12957903663473153
0 0.6113673372526472 0.5301921952750456 0.19760347727182861 0.141485894391219
0 0.608041739850435 0.4740650260077402 0.19911143019392802 0.13844278154634876
0 0.6213678542987757 0.4311405416115724 0.2101580243497292 0.14526599163225704
0 0.495927523535655 0.4572637075995174 0.13164328652459395 0.20827724672063966
0 0.5195092995102374 0.3747035131174414 0.2191784683433749 0.12544481456303558
0 0.4116519350618965 0.4225821703989592 0.17098643019392784 0.13696881275401326
0 0.5428552962638264 0.32343426221293026 0.19431483603812652 0.1319471200809595
0 0.3980882670428333 0.36229976763999716 0.16279210064862318 0.11468437697836453
0 0.4579441026739227 0.6555274672104558 0.20497960064862322 0.11689533016686778
0 0.6010413120888438 0.7449916796712133 0.0969761858759707 0.10030761646291494