0 0.26484375 0.58671875 0.09375 0.2078125
0 0.19921875 0.66953125 0.1328125 0.184375
0 0.21796875 0.5953125 0.11875 0.1
0 0.196875 0.53671875 0.1359375 0.1
0 0.271875 0.50234375 0.165625 0.10625
0 0.24453125 0.4328125 0.2078125 0.115625
0 0.2875 0.34765625 0.203125 0.115625
0 0.2875 0.2875 0.2015625 0.1125
0 0.2703125 0.23359375 0.1359375 0.096875
0 0.415625 0.2265625 0.175 0.15625
0 0.44921875 0.21171875 0.14375 0.13125
0 0.4828125 0.20234375 0.075 0.1421875
0 0.53125 0.2140625 0.1 0.20625
0 0.59140625 0.26640625 0.1125 0.184375
0 0.64609375 0.2828125 0.11875 0.1546875
0 0.675 0.3234375 0.103125 0.0765625
0 0.68984375 0.365625 0.18125 0.078125
0 0.73359375 0.32265625 0.059375 0.0640625
0 0.72890625 0.4125 0.11875 0.121875
0 0.73828125 0.45234375 0.1375 0.09375
0 0.75 0.50234375 0.15 0.09375
0 0.7703125 0.590625 0.11875 0.1578125
0 0.69140625 0.6125 0.096875 0.184375
0 0.64609375 0.7609375 0.103125 0.1234375
0 0.69921875 0.690625 0.075 0.0796875
0 0.565625 0.6953125 0.165625 0.09375
0 0.52109375 0.77890625 0.09375 0.19375
0 0.615625 0.7296875 0.1328125 0.15625
0 0.47265625 0.82109375 0.096875 0.1
0 0.45546875 0.72890625 0.115625 0.15
0 0.471875 0.62265625 0.1421875 0.171875
0 0.3703125 0.76875 0.128125 0.14375
0 0.4171875 0.7953125 0.096875 0.15625
0 0.30546875 0.696875 0.1875 0.096875
0 0.37421875 0.621875 0.084375 0.184375
0 0.384375 0.47890625 0.1125 0.2
0 0.30859375 0.76484375 0.1125 0.103125
0 0.4203125 0.41015625 0.10625 0.184375
0 0.4765625 0.40390625 0.103125 0.1875
0 0.5171875 0.3828125 0.10625 0.1984375
0 0.5171875 0.5125 0.190625 0.103125
0 0.59609375 0.47421875 0.084375 0.2109375
0 0.5703125 0.59140625 0.10625 0.1578125
0 0.6421875 0.4421875 0.096875 0.184375
0 0.634375 0.59453125 0.0859375 0.153125
0 0.3265625 0.5859375 0.078125 0.1984375
0 0.20625 0.459375 0.084375 0.084375