0 0.3109375 0.57421875 0.090625 0.115625
0 0.4015625 0.53984375 0.153125 0.084375
0 0.50078125 0.49765625 0.0875 0.11875
0 0.5625 0.42734375 0.171875 0.05
0 0.625 0.4640625 0.171875 0.06875
0 0.596875 0.49609375 0.178125 0.05625
0 0.603125 0.534375 0.1625 0.0671875
0 0.62578125 0.60390625 0.134375 0.096875
0 0.52265625 0.596875 0.13125 0.1
0 0.5296875 0.73828125 0.153125 0.0875
0 0.525 0.6859375 0.15625 0.08125
0 0.38828125 0.68828125 0.1609375 0.05625
0 0.3890625 0.64609375 0.159375 0.065625
0 0.39609375 0.60234375 0.153125 0.06875
0 0.70390625 0.75625 0.084375 0.065625
0 0.66796875 0.77890625 0.065625 0.05625
0 0.6171875 0.78984375 0.084375 0.059375