0 0.4162936235817566 0.29427342727563904 0.11187552586424747 0.08721019334818117
0 0.4466055977175091 0.3798291192711847 0.08552362602253201 0.1478204293443631
0 0.48372150132014824 0.4731154952657759 0.11495506175762475 0.08568405601527189
0 0.5484001152684863 0.5317177885900944 0.051603267088758994 0.1630454400063634
0 0.5123202112701358 0.5907115279280942 0.070353267088759 0.16326361600890865
0 0.48262435108272134 0.5645035639322303 0.05803512351524951 0.16936816534054522
0 0.44572374465623066 0.5711808252705483 0.0685179824490227 0.1538704346753633
0 0.3786809971635131 0.5938285319462298 0.09591555674305977 0.12919769867918127
0 0.38857648588074206 0.4953092159452753 0.0973871285298145 0.1260908800127268
0 0.2540196294542513 0.5031228106301835 0.08547816191590929 0.14625792934436319
0 0.304133289720808 0.49863475795672924 0.082398626022532 0.14778406667727212
0 0.30556306057049054 0.36897452995704744 0.057580482449022696 0.15374316534054505
0 0.3461653285171792 0.3692830652848659 0.06686455423577745 0.15072725334181775
0 0.3873897220906885 0.3750512599459116 0.06989862602253201 0.14763861600890865
0 0.23201293415224714 0.6689478052991834 0.06481866943775676 0.08041475334181776
0 0.21267791244463474 0.6355904126352742 0.05650606426490725 0.06313634667409058
0 0.2031497997499379 0.5872801819700924 0.05856866943775676 0.08034202800763594