1 0.619092451108027 0.45095933888409084 0.1668067466803503 0.20601599512873606
1 0.318260683252242 0.31322710836255613 0.1825135599120669 0.2203512305182394
1 0.4009338453290493 0.6907287711066136 0.1793885599120669 0.22029668344033873
1 0.5671673785065365 0.6581366392084025 0.1668067466803503 0.20601599512873606
1 0.14576351453613534 0.3435845844165687 0.1763453731437834 0.23430463636243815
1 0.4473447161351417 0.47583442816862825 0.17475560206654456 0.22958986282348773
1 0.2749520865484506 0.5241606542226409 0.1668067466803503 0.20601599512873606
1 0.23393724286972128 0.7264595397743001 0.1794703731437834 0.23435918344033874
1 0.4875828549934108 0.27433042938644425 0.1731294695529872 0.2186250892845374
1 0.6569186622731991 0.23777750041033235 0.17785333098930564 0.22495690990138845
1 0.7891958728491959 0.4120490231385038 0.16521697560311138 0.20130122158978564
1 0.7404094357863247 0.6215155263849147 0.18419423458010192 0.24069100405718977