0 0.86015625 0.87578125 0.0546875 0.07734375
0 0.70859375 0.91328125 0.07578125 0.07890625
0 0.64453125 0.70859375 0.084375 0.0515625
0 0.77890625 0.79375 0.0921875 0.06796875
0 0.953125 0.83515625 0.0625 0.07578125
0 0.68671875 0.77578125 0.0625 0.07265625
0 0.77890625 0.8484375 0.084375 0.06640625
0 0.5796875 0.8703125 0.08515625 0.06953125
0 0.55625 0.81484375 0.0921875 0.06953125
0 0.46875 0.84375 0.04765625 0.07578125
0 0.43515625 0.7984375 0.0921875 0.05625
0 0.4421875 0.759375 0.07734375 0.06640625
0 0.40234375 0.7578125 0.071875 0.07265625
0 0.4296875 0.70390625 0.08671875 0.0546875
0 0.4859375 0.70703125 0.046875 0.07109375
0 0.5359375 0.74453125 0.1015625 0.0546875
0 0.509375 0.7890625 0.06171875 0.07578125
0 0.3421875 0.6328125 0.034375 0.040625
0 0.3578125 0.67265625 0.05234375 0.0484375
0 0.36484375 0.69765625 0.05625 0.03671875
0 0.35546875 0.71796875 0.03984375 0.040625
0 0.3453125 0.67421875 0.04140625 0.04375