0 0.075 0.87578125 0.0859375 0.059375
0 0.03984375 0.7078125 0.0796875 0.084375
0 0.26015625 0.63828125 0.05625 0.09375
0 0.16640625 0.7859375 0.075 0.1015625
0 0.1203125 0.971875 0.084375 0.05625
0 0.1859375 0.684375 0.08125 0.06875
0 0.10546875 0.7859375 0.0734375 0.09375
0 0.08125 0.565625 0.0765625 0.09375
0 0.14296875 0.53984375 0.0765625 0.1015625
0 0.1109375 0.44296875 0.084375 0.053125
0 0.1609375 0.40625 0.0625 0.1015625
0 0.20390625 0.4140625 0.0734375 0.084375
0 0.20546875 0.36953125 0.08125 0.0796875
0 0.26484375 0.4 0.0609375 0.096875
0 0.26171875 0.4625 0.078125 0.0515625
0 0.2203125 0.51796875 0.0609375 0.1125
0 0.17109375 0.48828125 0.084375 0.06875
0 0.34375 0.303125 0.04375 0.0375
0 0.3 0.32109375 0.053125 0.0578125
0 0.27265625 0.328125 0.040625 0.0625
0 0.25 0.31796875 0.04375 0.04375
0 0.2984375 0.30703125 0.0484375 0.046875