1 0.465625 0.83828125 0.12578125 0.14765625
1 0.39765625 0.8421875 0.12109375 0.1578125
1 0.48828125 0.7265625 0.11015625 0.16953125
1 0.3171875 0.8484375 0.13984375 0.11953125
1 0.21171875 0.784375 0.1015625 0.184375
1 0.3234375 0.7796875 0.140625 0.11640625
1 0.43046875 0.7171875 0.10078125 0.175
1 0.4046875 0.66875 0.08203125 0.1875
1 0.4671875 0.615625 0.1328125 0.11171875
1 0.46328125 0.5234375 0.103125 0.11796875
1 0.37890625 0.4921875 0.13046875 0.13203125
1 0.35546875 0.59140625 0.06953125 0.17734375
1 0.3 0.50625 0.10078125 0.0828125
1 0.24921875 0.56171875 0.14140625 0.1171875
1 0.22578125 0.65390625 0.12265625 0.13671875
1 0.27265625 0.66328125 0.13671875 0.13984375
1 0.30078125 0.7203125 0.1453125 0.109375
1 0.3953125 0.575 0.05 0.0828125
1 0.5234375 0.76875 0.05 0.0765625
0 0.109375 0.3578125 0.1296875 0.1671875
0 0.11015625 0.25 0.07265625 0.07421875
0 0.1640625 0.396875 0.06640625 0.1046875
0 0.103125 0.49453125 0.15859375 0.09453125
0 0.05625 0.56796875 0.06328125 0.1328125
0 0.02890625 0.58984375 0.0578125 0.2046875
0 0.10859375 0.5734375 0.08359375 0.08515625