1 0.5005857747436202 0.8268429893633329 0.1548646594086268 0.17067878875333342
1 0.4337248836773934 0.8440136119885064 0.15201244404836292 0.17998105357097235
1 0.5070296545270759 0.7127077541809718 0.14291022868809905 0.189137848023889
1 0.3550088502912986 0.8661444915475343 0.16194973370266402 0.1458606267092363
1 0.24146082733004498 0.8242862594993052 0.13858644154108052 0.20152874525034728
1 0.3515405209826966 0.7975217781166664 0.1634213054894186 0.14277199430041687
1 0.44841317247376455 0.7148527888502427 0.13518865690134443 0.19208101006798622
1 0.4152884354058884 0.6726841258562148 0.11983644154108046 0.20109233415618064
1 0.4694734817241069 0.6081845615516663 0.1538644490629279 0.13630378875333343
1 0.4525564178549111 0.5187954064414233 0.12578491316955062 0.13721167211208343
1 0.36475254097444926 0.5044439253431247 0.1560179824490227 0.15665265634451409
1 0.35554737404397496 0.6061518957078469 0.10545569279472175 0.18982752583555573
1 0.2881756691085523 0.5335515035153817 0.11692673871722895 0.10109233415618064
1 0.2464678907370224 0.5985413770904859 0.1634667695960413 0.1443344943004167
1 0.2366860622863502 0.6932362812507984 0.14985891066226814 0.15963218597979179
1 0.2843195802330388 0.6929083197197914 0.1640578029821361 0.16464699430041668
1 0.32031926471449035 0.743597997531458 0.1663644490629279 0.136594729482778
1 0.39292535359000386 0.5826410073151038 0.06669941818411554 0.09211607123840278
1 0.5473902300747543 0.747681513014687 0.06495506175762475 0.08582970364722228
0 0.07951034059137312 0.4260156797115277 0.15902068118274623 0.19113675911805572
0 0.06329064403572768 0.32018390701010413 0.08687552586424747 0.08790134992375007
0 0.13826424881286575 0.453503593655486 0.08613137978345574 0.11598998233256949
0 0.09220393956252346 0.5607537024129513 0.17537573620994645 0.1243129350298613
0 0.056268788071455376 0.6420043556233332 0.09007473370266397 0.14418771751493065
0 0.04061048772795039 0.6691123694910417 0.08122097545590078 0.21308318787965277
0 0.10870346628470076 0.6376610413187846 0.09973923871722892 0.10069229065319459