1 0.4475521879233554 0.2938435575344827 0.030008404567984214 0.036755853919208194
1 0.47765576775153884 0.2728778396669363 0.028609678878243727 0.03983538981258557
1 0.5326807824508599 0.23625602955866415 0.03017217887824373 0.03988085391920828
1 0.5048800090451115 0.2565086935861446 0.02852779172311415 0.038272889812585566
1 0.4192434814554916 0.37882631129540634 0.03009029172311415 0.03831835391920828
1 0.4456864727490644 0.3624344331613033 0.03189845318850324 0.04305131802583091
1 0.47361007688750745 0.3445255191338229 0.03165279172311415 0.03836381802583091
1 0.5021102131381261 0.3227330871596538 0.03189845318850324 0.04305131802583091
1 0.5316782044316988 0.3064321372387961 0.03189845318850324 0.04305131802583091
1 0.5595608649925768 0.2877419732113157 0.03017217887824373 0.03988085391920819
1 0.4445201204196437 0.4294855408414352 0.035105340343632996 0.044704746239076346
1 0.47170341813565153 0.4123351447606435 0.03346095318850324 0.043096782132453625
1 0.5003673286965297 0.3936677127864744 0.03526911465389251 0.04782974623907634
1 0.5304299649471483 0.371920744918928 0.03526911465389251 0.04782974623907634
1 0.5590938755080265 0.35325331294475903 0.032144114653892684 0.04773881802583091
1 0.5848375039567288 0.3384012027573446 0.033542840343632994 0.044659282132453626
1 0.5853044934412793 0.2728898630239013 0.0235946302577247 0.0334489974927175