1 0.45625 0.27578125 0.02421875 0.034375
1 0.4890625 0.25703125 0.02265625 0.03671875
1 0.55 0.225 0.02421875 0.0375
1 0.51953125 0.24296875 0.0234375 0.03515625
1 0.4140625 0.3578125 0.02421875 0.0359375
1 0.44375 0.34296875 0.025 0.0390625
1 0.47421875 0.32734375 0.02578125 0.034375
1 0.50625 0.3078125 0.02578125 0.03984375
1 0.53828125 0.29453125 0.025 0.03984375
1 0.56875 0.278125 0.02421875 0.03671875
1 0.43203125 0.409375 0.028125 0.04140625
1 0.46171875 0.39453125 0.0265625 0.03984375
1 0.49296875 0.378125 0.028125 0.04453125
1 0.5265625 0.359375 0.02890625 0.04453125
1 0.5578125 0.34296875 0.02578125 0.04375
1 0.5859375 0.3296875 0.02734375 0.04140625
1 0.596875 0.26484375 0.01875 0.03125