1 0.4811720391345832 0.271875 0.028997822188333446 0.0375
1 0.5166555974552082 0.2578125 0.02903418977951393 0.0390625
1 0.5820448613229164 0.234375 0.030633057370694418 0.040625
1 0.5496863030022915 0.2484375 0.028997822188333446 0.0375
1 0.42630139475791634 0.346875 0.03059668977951393 0.0390625
1 0.45856903410059 0.33671875 0.03066942496187508 0.0421875
1 0.4908548572388539 0.32578125 0.030560322188333443 0.0375
1 0.5255753493550692 0.3109375 0.032268292553055744 0.04375
1 0.5593873049021525 0.3015625 0.03066942496187508 0.0421875
1 0.5924725618360067 0.28984375 0.03059668977951393 0.0390625
1 0.4359842128621871 0.40078125 0.035429660144236055 0.0453125
1 0.467488786000451 0.38984375 0.032268292553055744 0.04375
1 0.5013552929343053 0.378125 0.03550239532659738 0.0484375
1 0.5376201012549302 0.3640625 0.03550239532659738 0.0484375
1 0.5707053581887844 0.35234375 0.032341027735416715 0.046875
1 0.6006110637358677 0.34296875 0.033867160144236054 0.0453125
1 0.62237826738309 0.28046875 0.02420121941479163 0.0328125