1 0.7421875 0.3 0.10625 0.059375
1 0.67734375 0.203125 0.09375 0.075
1 0.603125 0.33046875 0.1 0.0625
1 0.65234375 0.2578125 0.065625 0.04375
1 0.58828125 0.19921875 0.0625 0.046875
1 0.54765625 0.2234375 0.065625 0.040625
1 0.6046875 0.23515625 0.05625 0.040625
1 0.45 0.2203125 0.071875 0.0421875
1 0.38359375 0.2265625 0.090625 0.0671875
1 0.5109375 0.346875 0.0625 0.0421875
1 0.40859375 0.32734375 0.096875 0.0578125
1 0.3359375 0.271875 0.0609375 0.040625
1 0.41171875 0.39765625 0.090625 0.05625
1 0.3375 0.3734375 0.090625 0.065625
1 0.309375 0.465625 0.09375 0.059375
1 0.24453125 0.47109375 0.0578125 0.0421875
1 0.2234375 0.4171875 0.0609375 0.0375
1 0.19609375 0.37890625 0.1 0.059375
1 0.18515625 0.48671875 0.09375 0.0625
1 0.28046875 0.55390625 0.0765625 0.05
1 0.3 0.60234375 0.0953125 0.0625
1 0.27109375 0.665625 0.09375 0.05625
1 0.14296875 0.58828125 0.0953125 0.0671875
1 0.18515625 0.69296875 0.065625 0.046875
1 0.33203125 0.80703125 0.10625 0.06875
1 0.40703125 0.78359375 0.0625 0.05
1 0.41640625 0.7078125 0.0609375 0.0390625
1 0.440625 0.66484375 0.0953125 0.0578125
1 0.5625 0.73828125 0.1 0.0625
1 0.5703125 0.82890625 0.0609375 0.046875
1 0.49453125 0.84140625 0.0953125 0.06875
1 0.63984375 0.7734375 0.0609375 0.040625
1 0.61875 0.8359375 0.0609375 0.04375
1 0.66953125 0.8625 0.09375 0.0625
1 0.73125 0.7859375 0.1 0.0640625
0 0.7578125 0.2421875 0.153125 0.090625
0 0.5171875 0.26484375 0.171875 0.0671875
0 0.221875 0.31640625 0.13125 0.1109375
0 0.34765625 0.42578125 0.153125 0.071875
0 0.15625 0.5265625 0.165625 0.075
0 0.22109375 0.6234375 0.0953125 0.1109375
0 0.35859375 0.66953125 0.084375 0.121875
0 0.26328125 0.75546875 0.16875 0.0859375
0 0.403125 0.86328125 0.090625 0.11875
0 0.51328125 0.7765625 0.11875 0.0984375
0 0.7140625 0.83125 0.159375 0.0859375