1 0.7197991413302128 0.29561797235338594 0.06832818874502422 0.10655152837152997
1 0.8116629891627662 0.36695942643087875 0.0803825197716634 0.09597774122451135
1 0.6868659190105417 0.42575410174113026 0.07132585475263546 0.1035174565847754
1 0.7578031601132932 0.3856806826990849 0.04954901384016441 0.06698892319868044
1 0.8127890904553604 0.45204748027094477 0.052610346843970035 0.06551735141192587
1 0.7885358483640259 0.48879732251167046 0.04642401384016459 0.066897994985435
1 0.779244419999125 0.4331239840318684 0.044479511862997964 0.057477530878812286
1 0.7884814516337866 0.5832149122451138 0.0482411818249421 0.07319345909205772
1 0.7808718814815622 0.6454193955520664 0.07400518577927465 0.09267088479802066
1 0.6685562707974277 0.5126176042484126 0.04792284684397004 0.06538095909205772
1 0.6843178750557716 0.6121773350480828 0.0665110207602467 0.10025606426490725
1 0.7357477238769079 0.6870242223533859 0.04623301285158128 0.062210494985435
1 0.6168438735728967 0.6031911284633076 0.06306768577927464 0.09235263605166182
1 0.6377413053978389 0.6755889656894684 0.07244268577927464 0.09262542069139794
1 0.547943976348366 0.6932645475053528 0.0678188527754692 0.09405152837152997
1 0.5418969061961416 0.7555144949189281 0.04616934585538672 0.06064799498543501
1 0.5928519111390574 0.7804068463308539 0.04310801285158128 0.06211956677218957
1 0.6292178340667508 0.8111172887298641 0.06813718775644091 0.10186402837152997
1 0.5246258345610425 0.8104149435861444 0.0694450197716634 0.09565949247815268
1 0.4629296477931845 0.7134202716411053 0.05780718281352506 0.07815374373179385
1 0.41672580984646307 0.6902268125490476 0.06950868676785796 0.09722199247815269
1 0.354399564789379 0.711823016230829 0.06313135277546902 0.09391513605166182
1 0.42602650847731904 0.8418802407622931 0.07419618676785796 0.09735838479802084
1 0.32561533159529293 0.790578502045064 0.051111513840164415 0.06703438730530316
1 0.21959880045492292 0.6400125492212124 0.0777668557412186 0.10838681301126592
1 0.24482695212807815 0.5697371531404207 0.054172846843970036 0.06556281551854841
1 0.31810528463759213 0.5679677161516867 0.04467051285158128 0.06216503087881246
1 0.36027819718516224 0.5496867290838104 0.06638368676785786 0.09713106426490725
1 0.2928121714819997 0.4259931648189032 0.07132585475263546 0.10351745658477522
1 0.2055522520143474 0.4101886569013444 0.05092051285158128 0.062346887305303154
1 0.19126160034119222 0.48078230172849495 0.07575868676785787 0.09740384890464338
1 0.26075440517037735 0.34780832884638363 0.04623301285158128 0.06221049498543509
1 0.20045357513232126 0.36166022868809905 0.04935801285158128 0.06230142319868044
1 0.17575998125410072 0.3110009991420702 0.06944501977166348 0.0956594924781526
1 0.2509072198853942 0.2593452224198929 0.07132585475263546 0.10351745658477532
0 0.776352888858755 0.2855586622451137 0.10467686562705047 0.15598923871722895
0 0.7474306872993305 0.5141322916328581 0.08193970258518882 0.17249477711788863
0 0.6900770796181266 0.79181937094146 0.12110036167271758 0.13773934389007855
0 0.5872001359301865 0.6608528642775425 0.08586319863085592 0.1538811694377568
0 0.4850513399982499 0.8350141268139548 0.09106003460041112 0.16651756175762458
0 0.39396874216569666 0.7636954047897733 0.11651102076024662 0.10171091567683313
0 0.3533052969948819 0.627516212390763 0.12550401878308026 0.09260870031656906
0 0.2677126482874762 0.7100810083132701 0.10056236859279988 0.1699153463973609
0 0.16741953513188373 0.5659241798625979 0.1257586867678579 0.09885870031656907
0 0.25478293087353987 0.4693650801000248 0.10652852570316255 0.12483016693047429
0 0.20769838935304655 0.2713534774344578 0.10018036661563352 0.16054034639736087