1 0.31796875 0.3203125 0.04375 0.0375
1 0.3375 0.3765625 0.0375 0.040625
1 0.28671875 0.403125 0.04375 0.040625
1 0.2640625 0.34375 0.046875 0.04375
1 0.2375 0.4296875 0.05 0.040625
1 0.2125 0.3703125 0.046875 0.04375
1 0.184375 0.45859375 0.05 0.04375
1 0.15703125 0.39609375 0.0515625 0.046875
1 0.09765625 0.4265625 0.059375 0.0453125
1 0.12421875 0.4875 0.05625 0.046875
1 0.03359375 0.45703125 0.0625 0.05
1 0.06640625 0.52109375 0.0625 0.05
1 0.01953125 0.55859375 0.0390625 0.053125
1 0.3671875 0.46171875 0.046875 0.046875
1 0.38828125 0.5125 0.04375 0.040625
1 0.32421875 0.49140625 0.05 0.040625
1 0.3453125 0.5390625 0.0421875 0.04375
1 0.27578125 0.51953125 0.046875 0.0421875
1 0.2265625 0.553125 0.05 0.04375
1 0.17265625 0.58515625 0.053125 0.0453125
1 0.11640625 0.62109375 0.0625 0.046875
1 0.0625 0.66171875 0.065625 0.05
1 0.3 0.56875 0.0515625 0.0484375
1 0.2515625 0.60703125 0.053125 0.04375
1 0.2 0.6390625 0.05625 0.05
1 0.14921875 0.6796875 0.0625 0.0484375
1 0.0921875 0.72265625 0.065625 0.0546875