1 0.2822182075438536 0.66328125 0.040080792553055564 0.04375
1 0.3364699496600689 0.6484375 0.04153418977951393 0.0390625
1 0.35796243674229106 0.6984375 0.041643292553055565 0.04375
1 0.29974989323930495 0.715625 0.04484102773541672 0.046875
1 0.37871004141569375 0.746875 0.04178876291777787 0.05
1 0.3204611303215271 0.765625 0.046403527735416714 0.046875
1 0.4009292271111452 0.79921875 0.046512630508958354 0.0515625
1 0.3395007646302076 0.8203125 0.04963763050895835 0.0515625
1 0.36313697996093675 0.87890625 0.04825696846486114 0.059375
1 0.42378419244187426 0.8578125 0.0481478656913195 0.0546875
1 0.3859010263137145 0.94140625 0.05457970364722229 0.0625
1 0.44980052536378395 0.91484375 0.05301720364722229 0.0625
1 0.4813037920812839 0.97109375 0.05603310087368065 0.0578125
1 0.4205728459365967 0.6265625 0.047966027735416715 0.046875
1 0.47017345564399254 0.61015625 0.043205792553055566 0.04375
1 0.44459092097472175 0.66875 0.04335126291777769 0.05
1 0.4910665306821175 0.65234375 0.04629442496187508 0.0421875
1 0.4669192094437147 0.71640625 0.0433148953265972 0.0484375
1 0.49389863032152714 0.765625 0.044913762917777864 0.05
1 0.5200240660169785 0.81796875 0.04811149810013902 0.053125
1 0.5484205165300687 0.8734375 0.049855836056041804 0.0609375
1 0.5823220846343394 0.92734375 0.05468880642076392 0.0671875
1 0.5150300543334716 0.696875 0.05120013050895835 0.0515625
1 0.546696975211284 0.74609375 0.044986498100139015 0.053125
1 0.5728769622935064 0.79609375 0.052871733282499986 0.05625
1 0.6068512655801381 0.846875 0.05145470364722229 0.0625
1 0.6430420322976381 0.903125 0.057813806420763926 0.0671875