1 0.2662548724257022 0.6480793952941871 0.04220734736759475 0.046021612012708955
1 0.3221601320443491 0.63461118466145 0.04360615626060227 0.041361385551659066
1 0.3398907798674308 0.6858327654245707 0.04533234736759475 0.04607615909060954
1 0.2808059565464532 0.7009180231352085 0.047003974772256554 0.049228432629560004
1 0.3569220232440089 0.7347242329571667 0.04555060217691827 0.05232615909060954
1 0.29778263622070034 0.7513719906678045 0.05012897477225646 0.04928297970746058
1 0.37616060736475976 0.787481040181337 0.05029266587924912 0.053970479707460585
1 0.313814374787955 0.8065270949698755 0.05190972958157998 0.05556025324641105
1 0.33361595409938244 0.865520265424571 0.05212798439090331 0.06181025324641069
1 0.39515365482502185 0.8472690974055077 0.052018856986241604 0.0586852532464107
1 0.35247259230381733 0.9292145726487412 0.056924611795565114 0.06501707386326175
1 0.41735354783878015 0.9046588575517773 0.05536211179556507 0.06498980032431163
1 0.44504947270370393 0.9611719103117208 0.05994048439090349 0.061946620941162676
1 0.40638136462115393 0.6151833003276069 0.05018353847458741 0.05084547970746058
1 0.4576264060909662 0.6010156603117208 0.04533234736759475 0.04607615909060954
1 0.4282910809558899 0.6585241972433518 0.04711310217691818 0.052353432629559826
1 0.4756571542768677 0.6436434910748415 0.04845734736759475 0.046130706168510116
1 0.44688482433246807 0.7073883912369974 0.04705853847458741 0.050790932629560005
1 0.4717012858578807 0.7569247410748415 0.04867560217691817 0.052380706168510115
1 0.4932290562763007 0.8112031379905865 0.05034722958157989 0.055532979707460586
1 0.51860851299239 0.8669758510589555 0.05379961179556503 0.06496252678536116
1 0.5487027515596445 0.9218854935104736 0.05865080290255768 0.06973184740221221
1 0.4967037750581074 0.6893417747600615 0.053472229581580065 0.05558752678536116
1 0.52542648658352 0.73880994075053 0.04878472958158007 0.05550570616851012
1 0.5478173525554364 0.7907309508967997 0.05676092068857237 0.06032957386326192
1 0.5788019685273527 0.8425019565788425 0.05379961179556503 0.06496252678536152
1 0.6103768615411111 0.8997280754914103 0.061775802902557686 0.06978639448011278