1 0.315625 0.6796875 0.0375 0.0421875
1 0.36953125 0.6609375 0.0390625 0.0375
1 0.3953125 0.7109375 0.0390625 0.0421875
1 0.33828125 0.7328125 0.040625 0.0453125
1 0.421875 0.75859375 0.0375 0.0484375
1 0.3640625 0.78203125 0.04375 0.04375
1 0.44921875 0.81015625 0.04375 0.05
1 0.3890625 0.8359375 0.046875 0.05
1 0.41796875 0.89375 0.04375 0.05625
1 0.478125 0.86796875 0.04375 0.053125
1 0.4484375 0.95546875 0.05 0.0609375
1 0.5109375 0.9234375 0.0484375 0.059375
1 0.546875 0.975 0.053125 0.05
1 0.45234375 0.63203125 0.04375 0.046875
1 0.50234375 0.6125 0.040625 0.0421875
1 0.48125 0.67421875 0.040625 0.0484375
1 0.528125 0.65390625 0.04375 0.040625
1 0.509375 0.72109375 0.040625 0.046875
1 0.54140625 0.76875 0.040625 0.05
1 0.57265625 0.82109375 0.04375 0.05
1 0.60703125 0.875 0.0453125 0.059375
1 0.646875 0.92734375 0.05 0.065625
1 0.55625 0.69765625 0.046875 0.05
1 0.59296875 0.74453125 0.040625 0.0515625
1 0.625 0.79453125 0.05 0.053125
1 0.6640625 0.84375 0.046875 0.059375
1 0.70625 0.8984375 0.053125 0.0640625