1 0.6734375 0.3265625 0.04375 0.07890625
1 0.60859375 0.36171875 0.0484375 0.08125
1 0.546875 0.3953125 0.04765625 0.07109375
1 0.4875 0.4265625 0.04296875 0.0734375
1 0.37890625 0.5984375 0.04296875 0.08046875
1 0.440625 0.5640625 0.0484375 0.08359375
1 0.6875 0.434375 0.04609375 0.08515625
1 0.62734375 0.46640625 0.04375 0.08125
1 0.56640625 0.49921875 0.04375 0.0796875
1 0.5046875 0.52890625 0.04453125 0.08046875
1 0.70625 0.54375 0.0453125 0.0859375
1 0.64375 0.57421875 0.04609375 0.0828125
1 0.58125 0.60546875 0.0453125 0.084375
1 0.5203125 0.63671875 0.0453125 0.08203125
1 0.46015625 0.6703125 0.0453125 0.08203125
1 0.39609375 0.70390625 0.04375 0.08828125
1 0.33671875 0.7390625 0.04609375 0.08359375
1 0.72109375 0.653125 0.04296875 0.084375
1 0.66015625 0.6828125 0.04375 0.0765625
1 0.596875 0.7171875 0.046875 0.08828125
1 0.53828125 0.7484375 0.046875 0.0828125
1 0.47421875 0.78203125 0.04453125 0.08125
1 0.41328125 0.8125 0.04609375 0.08515625
1 0.353125 0.8453125 0.04765625 0.08671875