1 0.2941327753263123 0.6766205455723233 0.11995173111680746 0.14284200585373252
1 0.341402843734535 0.5645927233636163 0.11937852103089916 0.13190450585373234
1 0.3843948479184066 0.4604046722321481 0.11280097241038015 0.1256181444174141
1 0.42804194934331613 0.36871662110068 0.10408771370395295 0.10838519262201593
1 0.46778280076822565 0.27705129586691085 0.102525213703953 0.10837610226293633
1 0.3824007372212429 0.7355001210024842 0.12957239258219672 0.14758404800821018
1 0.4325910877416412 0.6195478680756178 0.11970606965141814 0.13815450585373235
1 0.47541931761525325 0.5122348169441497 0.1160078595655099 0.1271988251355733
1 0.5607825282669884 0.321836555040293 0.10754026232447185 0.11465337334017515
1 0.5155729268420789 0.4135336965308408 0.11214587516934209 0.11311814441741408
1 0.5636430139063515 0.5851814375538504 0.09126016508343397 0.10206246974937905
1 0.6571130529159321 0.5494706756499937 0.1060596494796016 0.11620678298109546
1 0.7541994148562912 0.5231167330279778 0.10926653663473154 0.11778746369925486
1 0.8509172845985665 0.48973154040596184 0.11247342378986111 0.1193681444174139
1 0.806736837402957 0.3923025493829523 0.11222776232447193 0.11468064441741399
1 0.7105136126177276 0.4202144468254284 0.10416960085908258 0.10994769262201594
1 0.621444468565193 0.4504291876520462 0.09479460085908258 0.10989315046753814