1 0.22080452579774046 0.5491420955553471 0.1118588054894186 0.14157186379145834
1 0.31623303457322904 0.4703066211065622 0.11158602084968247 0.13219686379145834
1 0.4024002036152744 0.3955956022048608 0.10671666442319179 0.12583776101791672
1 0.4842435855103012 0.33349368607670093 0.09996655925034226 0.10850479065319459
1 0.5628710391920826 0.2683395051309023 0.09679609514371953 0.10686955547083343
1 0.27424542603516733 0.639366398841979 0.12293269780928666 0.14651393692972228
1 0.37348925659741056 0.5573150054152428 0.11176787727617325 0.13844686379145835
1 0.4611507294795219 0.4802238689223607 0.10984166442319179 0.12591049620027786
1 0.6269311906831507 0.34737173527927034 0.1032279515702104 0.11326502583555556
1 0.543525308788124 0.4095100189986107 0.10635295157021041 0.11333776101791675
1 0.5079013605166188 0.5823305763693052 0.08728470282385156 0.10196384992375015
1 0.6097593772096662 0.5901229329425689 0.10019387978345584 0.1163172906531944
1 0.7095464285424498 0.6073448409026035 0.10331887978345584 0.11639002583555573
1 0.8130806055020539 0.6190070798846868 0.10653480799670093 0.11958776101791671
1 0.8178242783050228 0.5133564919287841 0.10635295157021041 0.1133377610179167
1 0.7173014410788621 0.49771526776433966 0.10001202335696498 0.11006729065319458
1 0.6231877282258806 0.4873973232351731 0.08907452335696497 0.10981271751493064