0 0.31953125 0.20245243871534452 0.13125 0.11166597727182852
0 0.3734375 0.42370587580913127 0.09375 0.18132391233702042
0 0.4625 0.5721354675293007 0.14375 0.1259466655834313
0 0.2625 0.681144454543657 0.125 0.1443693831160271
0 0.18203125 0.7664586172877146 0.08125 0.17173072402541772
0 0.14765625 0.4978898494308071 0.121875 0.12400233603812652
1 0.26875 0.5031285486994586 0.1578125 0.19962962743398444
1 0.10859375 0.6159580109570486 0.178125 0.19998418344033872
1 0.203125 0.33870181006354416 0.1375 0.16958757142762995
1 0.14296875 0.1946830288139561 0.1515625 0.171395533278183
1 0.03125 0.29820172077900675 0.0625 0.16515344155801354
1 0.0546875 0.46736082386326194 0.109375 0.19409664772652385
1 0.08671875 0.09057618141174387 0.16875 0.12482054220663671