0 0.17265625 0.6515625 0.1015625 0.128125
0 0.40546875 0.615625 0.1796875 0.0828125
0 0.56640625 0.53671875 0.115625 0.140625
0 0.6640625 0.75390625 0.1375 0.1171875
0 0.7453125 0.84453125 0.171875 0.06875
0 0.465625 0.85625 0.1171875 0.115625
1 0.4796875 0.73125 0.19375 0.146875
1 0.5859375 0.9078125 0.190625 0.16875
1 0.30546875 0.78359375 0.1625 0.1296875
1 0.15234375 0.83359375 0.1625 0.14375
1 0.24921875 0.96640625 0.165625 0.0671875
1 0.42890625 0.95 0.1921875 0.1
1 0.0484375 0.8828125 0.096875 0.165625