0 0.34140625 0.1734375 0.1296875 0.103125
0 0.378125 0.41015625 0.084375 0.184375
0 0.4578125 0.57421875 0.14375 0.11875
0 0.23671875 0.6734375 0.11875 0.140625
0 0.14453125 0.75625 0.06875 0.175
0 0.1328125 0.471875 0.11875 0.11875
1 0.259375 0.4859375 0.15 0.196875
1 0.0828125 0.59296875 0.165625 0.1953125
1 0.20625 0.309375 0.13125 0.165625
1 0.15546875 0.153125 0.146875 0.165625
1 0.02734375 0.25078125 0.0546875 0.1671875
1 0.04453125 0.434375 0.0875 0.1953125
1 0.10625 0.04765625 0.16875 0.0953125