0 0.346875 0.18203125 0.1234375 0.0984375
0 0.38125 0.40625 0.0796875 0.1734375
0 0.45703125 0.5609375 0.13515625 0.11171875
0 0.24765625 0.65546875 0.11328125 0.1328125
0 0.16015625 0.734375 0.06640625 0.16484375
0 0.14921875 0.46484375 0.1125 0.1125
1 0.26953125 0.478125 0.14140625 0.1859375
1 0.1 0.5796875 0.16328125 0.18359375
1 0.21875 0.31015625 0.125 0.15703125
1 0.17109375 0.1625 0.13828125 0.15703125
1 0.0375 0.25625 0.075 0.15859375
1 0.053125 0.428125 0.10625 0.184375
1 0.12421875 0.0546875 0.16015625 0.10859375