0 0.3261110413844298 0.20706613125944756 0.13196705223856356 0.11049642619541977
0 0.35662962177844015 0.4321795233245875 0.09519074852966192 0.1815677893919517
0 0.42989562415328936 0.5892555469315236 0.14512214947960161 0.12372446828879458
0 0.21832295906985544 0.6788053523908395 0.12431168249628843 0.14276289462538863
0 0.12964888342554348 0.7559223182605598 0.08063692559888347 0.17137374203690497
0 0.12342097410786079 0.48598924985882574 0.12168464947960164 0.12235938936371689
1 0.24328309475464716 0.501590405007558 0.15842773292582973 0.19927049985882556
1 0.08105915196802213 0.5997563472703421 0.16211830393604426 0.19898207352223168
1 0.19571313319840086 0.33268921558737147 0.13812187697836445 0.16849093671876342
1 0.15024458220303266 0.18350128669052862 0.1522662641334942 0.17087248407381014
1 0.02933893995952026 0.27465836575678065 0.05867787991904052 0.16494173151356134
1 0.04395363862546779 0.44684417889684286 0.08790727725093558 0.19368835779368573
1 0.10503165875185579 0.07429361568619351 0.17004026232447184 0.12361805247554417