0 0.7078125 0.40546875 0.0578125 0.06875
0 0.68203125 0.4015625 0.05625 0.065625
0 0.65625 0.4078125 0.053125 0.065625
0 0.659375 0.353125 0.084375 0.0375
0 0.62109375 0.3765625 0.075 0.034375
0 0.58828125 0.38828125 0.08125 0.03125
0 0.603125 0.4125 0.078125 0.03125
0 0.6171875 0.47421875 0.059375 0.05625
0 0.625 0.51015625 0.053125 0.065625
0 0.659375 0.47734375 0.0421875 0.075
0 0.58671875 0.534375 0.046875 0.0734375
0 0.57109375 0.5828125 0.059375 0.0640625
0 0.5359375 0.55234375 0.046875 0.0625
0 0.53671875 0.59453125 0.065625 0.0625
0 0.5 0.6234375 0.090625 0.028125
0 0.4921875 0.6046875 0.075 0.0265625
0 0.475 0.5875 0.0796875 0.028125
0 0.4796875 0.55625 0.065625 0.046875
0 0.43671875 0.54609375 0.040625 0.059375
0 0.465625 0.5375 0.05625 0.05
0 0.440625 0.50390625 0.0703125 0.0328125
0 0.4046875 0.51875 0.053125 0.059375
0 0.3703125 0.47890625 0.053125 0.059375
0 0.39609375 0.475 0.0578125 0.0515625
0 0.41171875 0.465625 0.059375 0.0515625
0 0.43203125 0.45703125 0.065625 0.0578125
0 0.4453125 0.44609375 0.0578125 0.05625
0 0.471875 0.43359375 0.071875 0.034375
0 0.52109375 0.4359375 0.065625 0.05625
0 0.546875 0.48359375 0.065625 0.059375
0 0.53671875 0.5046875 0.06875 0.05625
0 0.49375 0.46328125 0.06875 0.040625
0 0.4953125 0.48984375 0.06875 0.046875
0 0.4953125 0.51171875 0.0640625 0.046875
0 0.575 0.425 0.0625 0.06875
0 0.54765625 0.43125 0.065625 0.0625
0 0.4859375 0.38125 0.078125 0.040625
0 0.48203125 0.40078125 0.0796875 0.0390625
0 0.628125 0.32578125 0.046875 0.0640625
0 0.58828125 0.3359375 0.05625 0.059375
0 0.54921875 0.3484375 0.078125 0.0265625
0 0.56015625 0.3671875 0.078125 0.0265625
0 0.534375 0.3265625 0.075 0.0375
0 0.571875 0.2796875 0.0375 0.071875
0 0.59296875 0.2796875 0.04375 0.065625
0 0.6203125 0.28203125 0.05625 0.071875
0 0.52734375 0.30859375 0.071875 0.0390625
0 0.52734375 0.28828125 0.0703125 0.0390625
0 0.5421875 0.240625 0.053125 0.0578125
0 0.55078125 0.22734375 0.05 0.059375
0 0.57421875 0.2125 0.0640625 0.059375
0 0.5078125 0.2484375 0.04375 0.065625
0 0.48515625 0.225 0.05 0.0578125
0 0.471875 0.2390625 0.05625 0.0625
0 0.4546875 0.25234375 0.0625 0.0625
0 0.47109375 0.3 0.065625 0.05625
0 0.42578125 0.278125 0.0625 0.046875
0 0.4109375 0.290625 0.0640625 0.0453125
0 0.39609375 0.30234375 0.0625 0.046875
0 0.38515625 0.3140625 0.053125 0.04375
0 0.41875 0.3421875 0.053125 0.053125
0 0.44375 0.37578125 0.0421875 0.065625
0 0.42890625 0.3859375 0.0421875 0.0640625
0 0.40625 0.3953125 0.040625 0.0578125
0 0.39375 0.41171875 0.046875 0.059375
0 0.37734375 0.42109375 0.040625 0.0625
0 0.38125 0.36875 0.053125 0.053125
0 0.37265625 0.3515625 0.0421875 0.0453125
0 0.32734375 0.375 0.0578125 0.028125
0 0.3453125 0.4171875 0.0421875 0.059375
0 0.31328125 0.40390625 0.0375 0.0515625
0 0.278125 0.3703125 0.059375 0.0390625
0 0.29921875 0.35390625 0.05625 0.021875