0 0.6084593353891099 0.6624314851891373 0.07537270472226432 0.06799308344622812
0 0.6093905763139237 0.6366092916115724 0.0722386143631848 0.06626680913596861
0 0.6009422720591975 0.6120596709647861 0.07064884328594587 0.06149742198083885
0 0.6548621575978169 0.6068908141128097 0.04425906010845857 0.08979284034363318
0 0.6285041906771083 0.5731266457500153 0.042651108313060605 0.08189845318850324
0 0.6130609978587007 0.5426955173013128 0.03799087939029935 0.08634029172311415
0 0.5910860039088248 0.5610294374731295 0.0379636083130606 0.08165279172311415
0 0.5315928292407899 0.58445364936806 0.06131020472226432 0.06725609905006032
0 0.4971496515476927 0.5979739167809146 0.0722295240041051 0.06470430913596861
0 0.53291443472518 0.6257780122129303 0.07840680113146803 0.05253185775648746
0 0.46923372980652395 0.5635103855732501 0.07688066256778665 0.05869997060135788
0 0.42007406714054146 0.5559335809598372 0.07069429508134384 0.06930992198083885
0 0.4460734857584523 0.5170824429001963 0.06749657220870695 0.056646147670579336
0 0.4046354195016736 0.5247212025111347 0.06916815651766246 0.0754780348257091
0 0.3727996122218854 0.4928061391912946 0.03647383118569749 0.09407090456798421
0 0.3908274495559029 0.4817081869073025 0.034820427594901206 0.07836401741285463
0 0.4057802838648583 0.4621802589335699 0.03798178903121965 0.08477779172311414
0 0.4378024435057787 0.46206407225341 0.05509656615858276 0.07317855042954129
0 0.4427399283804682 0.4188496607880207 0.06432612041330898 0.048669873360319825
0 0.4542995970965749 0.44557925712454755 0.056604524004105095 0.06388543758467105
0 0.484931973560008 0.4158574575995175 0.04104315651766246 0.07400406603337362
0 0.46638196145975963 0.3824651034610745 0.06439884328594588 0.06116987336031983
0 0.5017609252572102 0.342341392470655 0.06439884328594588 0.06116987336031983
0 0.5094279795119363 0.3669319566950063 0.058176114363184796 0.0655298247398008
0 0.52027912110068 0.381202496609098 0.058185204722264315 0.0670923247398008
0 0.5303262867917246 0.39942023010075467 0.06448065651766229 0.07523237336031982
0 0.5419723139190876 0.41130607643728145 0.06287270472226432 0.06733798620519008
0 0.5574518681738138 0.4354872048859839 0.04262383723582168 0.07721095318850328
0 0.5595138170423455 0.48380187415328935 0.06291815651766228 0.07515048620519024
0 0.5155820098607532 0.5173447144969223 0.06760565651766245 0.07539614767057934
0 0.49297121165615126 0.5107195782463038 0.06136474687674216 0.07663109905006031
0 0.5299626724285398 0.46192023010075456 0.047293156517662284 0.07433161465389268
0 0.5041632417103805 0.46639636816039554 0.055105656517662284 0.0747410504295413
0 0.4822746061717612 0.46988653833221206 0.05507838544042354 0.07005355042954128
0 0.5756155400131784 0.5352858090244269 0.07383747579950324 0.07259869629109836
0 0.567171780937992 0.5099549383776406 0.06916815651766228 0.0754780348257091
0 0.6097456211988759 0.44133773518913727 0.050472698672140125 0.08387038896415203
0 0.5910092567374953 0.43997663105069423 0.04735678903121965 0.08526911465389264
0 0.6792763503180288 0.5720278132082984 0.06906816256778647 0.058290534825709096
0 0.6646553141154794 0.534524491182031 0.0644170240041051 0.06429487336031983
0 0.6492484827333902 0.49784336273332863 0.034838608313060605 0.08148901741285464
0 0.6319882598607532 0.5112441214397558 0.034838608313060425 0.08148901741285464
0 0.668879726683266 0.4796322732942067 0.0457761083130606 0.08206222749876275
0 0.7194700791425939 0.5097834407524898 0.07526362041330899 0.049243083446227943
0 0.721695654474559 0.5299731100197952 0.06904089149054773 0.05360303482570909
0 0.7215365731906657 0.5573168600197951 0.07692611436318479 0.06651247060135787
0 0.6861172236582039 0.47013776458777945 0.047311337235821684 0.07745661465389268
0 0.7064433591968233 0.4667294815710926 0.047302246876741984 0.07589411465389251
0 0.7548217718628057 0.4743472297620704 0.06283634328594587 0.06108798620519007
0 0.7688388200674077 0.48142274536590257 0.06438975292686636 0.05960737336031983
0 0.7859036002198329 0.5016157366594753 0.06758747579950324 0.07227114767057934
0 0.7432939194034777 0.4421488834255435 0.07060339149054791 0.05368492198083885
0 0.7645331151487517 0.4160434068312918 0.06282725292686635 0.05952548620519007
0 0.7489762928418487 0.4051435283825893 0.0675420240041051 0.06445864767057934
0 0.7342234464326449 0.390296456356322 0.06757838544042354 0.07070864767057934
0 0.6895694765850701 0.41372399027751994 0.06291815651766246 0.07515048620519008
0 0.7062484373574586 0.36598917514865753 0.051944295081343836 0.06832727611928177
0 0.6922677505891752 0.3526636595448253 0.051953385440423536 0.06988977611928178
0 0.679845018641352 0.3400375067858633 0.051944295081343836 0.06832727611928177
0 0.6666228559753694 0.3305772976044662 0.048773843285945875 0.06035100180902227
0 0.6421859373574585 0.36934654850897736 0.058157933645025396 0.0624048247398008
0 0.6115581060735653 0.3982870980340075 0.06903180113146803 0.0520405348257091
0 0.600697874125742 0.3855790581199158 0.06903180113146803 0.0520405348257091
0 0.5891063891528567 0.3643182117833889 0.06120112041330898 0.048506099050060314
0 0.5711967264868743 0.3551036640673811 0.06436248184962742 0.054919873360319824
0 0.5603501300776704 0.3400518741532893 0.06432612041330898 0.048669873360319825
0 0.61192172043675 0.3357870980340075 0.05970225292686635 0.05936171189493056
0 0.6291683077707676 0.3247300893275803 0.050263620413308986 0.04793288896415202
0 0.6005074974659173 0.2840575016974807 0.033167024004105095 0.06265713025772471
0 0.5613177324388026 0.30797968057572445 0.06277271077238851 0.05015048620519007
0 0.5708836299794745 0.27467585764494595 0.054932939695149584 0.04505355042954129
0 0.6007938437769251 0.23483875169748067 0.04567611436318479 0.06487472749876275
0 0.6186535094679698 0.25264704941348853 0.02846134328594587 0.059286468792335525