0 0.59140625 0.70546875 0.06875 0.0578125
0 0.5953125 0.6796875 0.06640625 0.05546875
0 0.5890625 0.65390625 0.06484375 0.0515625
0 0.64296875 0.65703125 0.0359375 0.08359375
0 0.6203125 0.61953125 0.03515625 0.07578125
0 0.6078125 0.58671875 0.0296875 0.08125
0 0.584375 0.6015625 0.0296875 0.07734375
0 0.5234375 0.615625 0.0546875 0.059375
0 0.4875 0.6234375 0.06640625 0.05390625
0 0.5203125 0.65703125 0.0734375 0.04140625
0 0.46328125 0.58515625 0.07265625 0.04765625
0 0.415625 0.56953125 0.0640625 0.059375
0 0.4453125 0.53515625 0.0625 0.04609375
0 0.40390625 0.5359375 0.0625 0.065625
0 0.375 0.49921875 0.02734375 0.08984375
0 0.39375 0.49140625 0.0265625 0.0734375
0 0.4109375 0.47421875 0.02890625 0.0796875
0 0.4421875 0.47890625 0.04765625 0.065625
0 0.4515625 0.43671875 0.06015625 0.03984375
0 0.46015625 0.46484375 0.05 0.05546875
0 0.49375 0.440625 0.0328125 0.06953125
0 0.47890625 0.4046875 0.05859375 0.0515625
0 0.51796875 0.36953125 0.05859375 0.0515625
0 0.52265625 0.3953125 0.0515625 0.0578125
0 0.53203125 0.41171875 0.0515625 0.059375
0 0.53984375 0.43125 0.0578125 0.065625
0 0.55078125 0.44453125 0.05625 0.0578125
0 0.56328125 0.47109375 0.03515625 0.071875
0 0.5609375 0.51953125 0.05625 0.065625
0 0.5140625 0.54609375 0.06015625 0.065625
0 0.4921875 0.5359375 0.0546875 0.06796875
0 0.53359375 0.49296875 0.03984375 0.06796875
0 0.5078125 0.49375 0.04765625 0.06796875
0 0.4859375 0.49375 0.04765625 0.06328125
0 0.571875 0.5734375 0.0671875 0.06171875
0 0.565625 0.546875 0.0625 0.065625
0 0.61484375 0.48515625 0.04140625 0.07734375
0 0.59609375 0.48125 0.0390625 0.0796875
0 0.6703125 0.6265625 0.0640625 0.04765625
0 0.66015625 0.58671875 0.05859375 0.05546875
0 0.6484375 0.54765625 0.0265625 0.07734375
0 0.6296875 0.55859375 0.0265625 0.07734375
0 0.66953125 0.5328125 0.0375 0.07578125
0 0.71640625 0.5703125 0.07109375 0.0375
0 0.71640625 0.59140625 0.06484375 0.04375
0 0.7140625 0.61796875 0.07109375 0.05546875
0 0.6875 0.52578125 0.0390625 0.071875
0 0.7078125 0.52578125 0.0390625 0.06953125
0 0.7546875 0.540625 0.0578125 0.0515625
0 0.76796875 0.55 0.05859375 0.05
0 0.7828125 0.57265625 0.06015625 0.06328125
0 0.746875 0.50703125 0.06640625 0.04375
0 0.7703125 0.484375 0.0578125 0.05
0 0.75625 0.47109375 0.0625 0.05546875
0 0.74296875 0.45390625 0.0609375 0.06171875
0 0.69609375 0.4703125 0.05625 0.065625
0 0.7171875 0.42578125 0.04609375 0.06171875
0 0.7046875 0.41015625 0.0453125 0.06328125
0 0.69375 0.3953125 0.04609375 0.06171875
0 0.68203125 0.384375 0.04375 0.05390625
0 0.65390625 0.41875 0.05234375 0.05390625
0 0.6203125 0.44296875 0.06484375 0.04140625
0 0.6109375 0.428125 0.0640625 0.04140625
0 0.6015625 0.40546875 0.0578125 0.03984375
0 0.58515625 0.39375 0.06015625 0.04609375
0 0.57578125 0.3765625 0.0609375 0.03984375
0 0.62734375 0.38046875 0.05390625 0.0515625
0 0.6453125 0.37265625 0.0453125 0.04140625
0 0.62109375 0.32734375 0.02734375 0.0578125
0 0.5796875 0.3453125 0.05859375 0.04140625
0 0.59296875 0.31328125 0.0515625 0.0375
0 0.6265625 0.278125 0.0390625 0.059375
0 0.6421875 0.29921875 0.02265625 0.05546875