0 0.27838937129399344 0.5024356794884512 0.13386846656500015 0.11861306699689197
0 0.1751383911456255 0.5690303281645438 0.1604309665650001 0.11985023531769165
0 0.2562799415824658 0.5941886858985921 0.148512848023889 0.14426803846084474
0 0.2257761304120492 0.6613055653442622 0.14567878875333343 0.15662248924663302
0 0.36258449296923667 0.5915837626153938 0.15134690729444458 0.13191358767505648
0 0.4133482123840283 0.6220674751880064 0.14564111474138902 0.08794526385373888
0 0.3744682035503131 0.6653294776692057 0.15508884992375008 0.09150691149637406
0 0.34336498033579926 0.7402952444184288 0.13775718597979178 0.1515711162111037
0 0.40891855157420204 0.8013739855270886 0.13045383225631962 0.17308224317557439
0 0.48956848631972283 0.771808455957584 0.09266289152687505 0.15883565260503385
0 0.5449807253018062 0.6659907954946672 0.13993662860909736 0.11109166542531543
0 0.5761956641313896 0.730233077959656 0.13430487765916688 0.13736306699689216
0 0.6456333823119103 0.5885678087292335 0.1274002610179167 0.10894696856846871
0 0.7031575544239936 0.7078956974805286 0.15225479065319458 0.10386136228216233
0 0.799140895229688 0.6314722845364125 0.1392456443766667 0.08140416542531544
0 0.7068631294621186 0.665489873659211 0.14880248233256949 0.08965331306795062
0 0.7404192054501741 0.5951024449993293 0.13466724715020834 0.08587334160399784