0 0.26089773903059077 0.5664315528990672 0.12692957694917478 0.10718941567207593
0 0.17575635799773198 0.6602718291368392 0.15338294954451306 0.10561150512049763
0 0.2607489168907394 0.6599995423757234 0.1386855324841376 0.131263952503779
0 0.24730148658352008 0.7325115792074264 0.13448910580511536 0.1450534367187636
0 0.3641293772350257 0.6243511977362173 0.14293652286549072 0.11903696828879458
0 0.42056042650938624 0.6382170056851949 0.14291667549789597 0.0738154735504665
0 0.392978574332468 0.6912810925027804 0.15234623920022683 0.07592400512049764
0 0.3800395755135944 0.7715601267036474 0.1265129146981227 0.1399109104104042
0 0.4590351055506613 0.8090608557275472 0.11644843393541641 0.16427387357870132
0 0.5310390803229177 0.7565281189523139 0.07711311542376223 0.15418624203690498
0 0.5600495124442357 0.6402282847655644 0.13290675843752062 0.09974093671876343
0 0.6050420647138213 0.6914043769154089 0.12451390507947586 0.12731990514873245
0 0.6401040893934106 0.5357690269436437 0.1203521947351895 0.09745039462538863
0 0.7248659805930703 0.6314084796591842 0.14658731252120455 0.08962248407380997
0 0.8001239301375833 0.5303472376222793 0.13488592068857264 0.06711044724210709
0 0.717718168704838 0.5905027585983795 0.1445337392002269 0.07546897881213824
0 0.7344542901190498 0.5131212112433328 0.13041667549789598 0.07308743145709151