1 0.4282747579830275 0.8442009165390839 0.23430069863085592 0.16085788144438107
1 0.5238299971086126 0.7966176038012334 0.22231003460041113 0.17284854547482595
1 0.910308666576265 0.825624601861248 0.14590936068413426 0.13541752965749518
1 0.6547868839530201 0.6607822159682426 0.1782761917107738 0.12581703657757756
1 0.4301463226980443 0.7561425010257642 0.1821651956651064 0.1446943705699663
1 0.5170268987817678 0.7253646863107474 0.22403436068413446 0.13860087946721472
1 0.6395876482874762 0.7280187955120071 0.19935269566510633 0.1453947075281045
1 0.4834530534206724 0.6670600963868595 0.18934102570316255 0.1293877055509382
1 0.565420636424478 0.6688401136870651 0.18290002471457925 0.1244455375661607
1 0.5299168765386464 0.6205962732688857 0.14919618676785795 0.1012335306460784
1 0.9641844819955381 0.6915161987052181 0.07163103600892384 0.07037084980971961
1 0.9380079718625606 0.6045918602642051 0.12398405627487889 0.09265702669174587
1 0.9877360578321156 0.6108856226214947 0.024527884335768847 0.047222509885831696
1 0.5284286779077904 0.4692247742574688 0.16045202174882983 0.10949169961943923
1 0.3990621714819997 0.43353533056952875 0.15707235376405232 0.1031143656270503
1 0.2916024985543063 0.3995184748283101 0.12030718281352515 0.08133752471457933
1 0.19111040863041845 0.3642256205699662 0.12968218281352514 0.08171952669174569