0 0.3919939042572217 0.5983134373939775 0.055670731382639005 0.11123016587924912
0 0.356125220177291 0.7978422114405946 0.08354115824437507 0.10127481252120454
0 0.501383822000902 0.7615450689749904 0.060140025835555735 0.10201885698624161
0 0.5533457122935064 0.7761234349469067 0.08281380642076393 0.07002481252120454
0 0.6221684474758674 0.7705976320443492 0.048367377659166697 0.13283234736759475
0 0.4692986738245132 0.7314409067239385 0.07990701196784719 0.07929068511654283
0 0.4757675325819786 0.6882811837657805 0.07790810087368065 0.06048612141421188
0 0.487650589952673 0.6472742378494644 0.0730387629177777 0.05250993030721922
0 0.48543477973218696 0.6083208652541261 0.07311149810013902 0.05563493030721922
0 0.48563545469406205 0.5661606471052916 0.07507404160312507 0.07287699400955017
0 0.5383214307583675 0.7173213538213807 0.06777068787965276 0.09447917549789597
0 0.5522754811952078 0.6879513123515685 0.06460932028847229 0.09280754809323426
0 0.7464963002494092 0.7615723177090461 0.075983231382639 0.11193949400955035
0 0.7461164001731591 0.6772791632625423 0.07260365824437506 0.10089286660488846
0 0.7056375237482634 0.63888135137431 0.04164459897381967 0.11230159255827132
0 0.660433473311423 0.6693426668907394 0.06184799620027785 0.10832342068857255
0 0.6535827548465619 0.7289086398488974 0.07194904160312507 0.07276786660488846
0 0.6033840395158327 0.6721154920258157 0.05999455547083343 0.0957688569862416
0 0.5241349102411453 0.5554488363981855 0.03822865824437507 0.09969246515360979
0 0.5649242176118399 0.5134324619887488 0.06595361474138901 0.08348711179556503
0 0.5644891129384371 0.4650495256910796 0.07830814437666671 0.07767362141421189
0 0.6002824489944788 0.40291162423980076 0.04287979065319458 0.09829365626060227
0 0.8038607374634719 0.44342002923445867 0.07794446846486106 0.06204862141421188
0 0.7578027018442703 0.4770336266020535 0.036702525835555735 0.10120040145127884
0 0.855568054617812 0.468935895206375 0.07311149810013902 0.0556349303072194
0 0.8722639389264927 0.5229959126295702 0.06758884992375017 0.08666667549789597
0 0.8604529635277773 0.5944443266947207 0.05556162860909737 0.10654266587924913
0 0.8284210603173954 0.6291293507413378 0.049311628609097366 0.1063244110699257
0 0.7951000672512494 0.6185837203414513 0.057124128609097366 0.10659722958158006
0 0.8101626760087146 0.5751238970204735 0.07503767401194432 0.07131449400955034
0 0.8140338648382981 0.5094170514669772 0.05541615824437507 0.10029266587924912
0 0.7903599754956245 0.5203917570019401 0.042661585106111136 0.08891865626060227
0 0.7527508727220829 0.5263887858578806 0.07917966014423605 0.04804068511654265
0 0.7367992176118399 0.5074304547323546 0.0339412017473613 0.11671627404661714
0 0.7089651583412844 0.49591260137431004 0.04625936379145834 0.10934028366526398
0 0.6937388954235064 0.5464036746952877 0.04625936379145834 0.10934028366526398
0 0.6666679023573606 0.5356397894860777 0.04764002583555556 0.10158234736759475
0 0.6415217787822565 0.576329276872206 0.05385365824437507 0.10023810217691817
0 0.6177212560808328 0.5592062642583342 0.03673889342673622 0.10276290145127884
0 0.5845639171749996 0.5416293838584476 0.05058318787965277 0.09387897477225664
0 0.6054024408263536 0.5853967420258156 0.051854747150208526 0.08143353847458741
0 0.5577280070307633 0.5878421849469068 0.048802482332569494 0.08444941106992569
0 0.5773495227983327 0.6168203568166056 0.05457970364722229 0.06435516587924912
0 0.584324914990798 0.6860515064537859 0.059703614741388834 0.0832688569862416
0 0.5402489130909369 0.6345088538213808 0.05345361474138901 0.08305060217691818
0 0.6741881552071523 0.6149999072720925 0.0417537017473613 0.11698909255827132
0 0.6353789219246522 0.6725594361280332 0.04335126291777769 0.05147321996293321
0 0.7248245880528119 0.5859101187975052 0.042988893426736216 0.10298115626060227
0 0.7509876977602079 0.5686035677090461 0.06864220364722229 0.06484623920022692
0 0.7643949279085758 0.6298039625369029 0.05385365824437507 0.10023810217691817