0 0.57265625 0.61484375 0.053125 0.1140625
0 0.61328125 0.82578125 0.0828125 0.1015625
0 0.45859375 0.79765625 0.0578125 0.1046875
0 0.40234375 0.8171875 0.084375 0.06875
0 0.3296875 0.81640625 0.04375 0.1375
0 0.4921875 0.76328125 0.08125 0.078125
0 0.484375 0.7171875 0.078125 0.059375
0 0.47109375 0.67421875 0.075 0.05
0 0.4734375 0.6328125 0.075 0.053125
0 0.47265625 0.58828125 0.0765625 0.071875
0 0.41875 0.753125 0.065625 0.096875
0 0.403125 0.72265625 0.0640625 0.09375
0 0.196875 0.81640625 0.075 0.1125
0 0.19609375 0.72578125 0.071875 0.103125
0 0.23984375 0.68203125 0.0375 0.1171875
0 0.28828125 0.71171875 0.059375 0.1125
0 0.2953125 0.7734375 0.071875 0.0734375
0 0.3484375 0.709375 0.0578125 0.0984375
0 0.43125 0.5796875 0.034375 0.103125
0 0.3875 0.5375 0.065625 0.084375
0 0.38671875 0.4859375 0.078125 0.078125
0 0.34921875 0.421875 0.0390625 0.103125
0 0.13125 0.48046875 0.078125 0.0609375
0 0.18125 0.5125 0.034375 0.10625
0 0.07734375 0.5109375 0.075 0.0546875
0 0.06015625 0.57109375 0.0671875 0.0875
0 0.07421875 0.646875 0.053125 0.109375
0 0.1078125 0.68046875 0.0453125 0.1109375
0 0.14375 0.6671875 0.053125 0.109375
0 0.1265625 0.621875 0.0765625 0.0703125
0 0.121875 0.55234375 0.053125 0.103125
0 0.146875 0.56171875 0.040625 0.090625
0 0.1875 0.565625 0.08125 0.04375
0 0.20390625 0.54375 0.028125 0.121875
0 0.23359375 0.5296875 0.04375 0.1140625
0 0.25 0.58203125 0.04375 0.1125
0 0.2796875 0.56875 0.04375 0.10625
0 0.30703125 0.6109375 0.05 0.103125
0 0.33203125 0.590625 0.034375 0.10625
0 0.3671875 0.56875 0.0484375 0.096875
0 0.3453125 0.6171875 0.05 0.0828125
0 0.396875 0.61640625 0.046875 0.0875
0 0.37578125 0.64921875 0.0546875 0.065625
0 0.36875 0.7234375 0.059375 0.084375
0 0.41484375 0.66484375 0.0515625 0.084375
0 0.271875 0.65390625 0.0375 0.121875
0 0.3140625 0.71328125 0.04375 0.053125
0 0.21796875 0.62734375 0.0390625 0.1078125
0 0.1890625 0.6109375 0.0703125 0.0640625
0 0.1765625 0.6765625 0.0515625 0.103125