1 0.13046875 0.4734375 0.1046875 0.2171875
1 0.2078125 0.55703125 0.121875 0.1984375
1 0.2984375 0.94296875 0.10625 0.1140625
1 0.38671875 0.65625 0.084375 0.1625
1 0.21953125 0.45546875 0.103125 0.1625
1 0.278125 0.534375 0.0828125 0.2125
1 0.3140625 0.65625 0.1 0.18125
1 0.3265625 0.4875 0.084375 0.175
1 0.35078125 0.56953125 0.08125 0.16875
1 0.38828125 0.5234375 0.065625 0.1375
1 0.45234375 0.96953125 0.0546875 0.059375
1 0.53203125 0.92734375 0.0609375 0.11875
1 0.54296875 0.984375 0.0375 0.03125
1 0.54140625 0.48671875 0.0703125 0.1484375
1 0.5375 0.35078125 0.0640625 0.146875
1 0.5390625 0.23671875 0.0515625 0.1125
1 0.54375 0.12890625 0.0484375 0.121875