1 0.84453125 0.4828125 0.1 0.209375
1 0.76953125 0.5640625 0.11875 0.190625
1 0.68203125 0.940625 0.103125 0.11875
1 0.596875 0.659375 0.08125 0.15625
1 0.7578125 0.465625 0.1 0.15625
1 0.7015625 0.5421875 0.0796875 0.2046875
1 0.6671875 0.659375 0.096875 0.175
1 0.6546875 0.496875 0.08125 0.16875
1 0.63203125 0.57578125 0.078125 0.1640625
1 0.5953125 0.53125 0.0625 0.134375
1 0.53359375 0.96640625 0.053125 0.0671875
1 0.45703125 0.92109375 0.059375 0.115625
1 0.44609375 0.9796875 0.0359375 0.040625
1 0.44765625 0.49609375 0.06875 0.14375
1 0.4515625 0.36484375 0.0625 0.140625
1 0.45 0.2546875 0.05 0.1078125
1 0.4453125 0.15078125 0.046875 0.11875