1 0.5289432614430686 0.8618006617877159 0.21689302273741298 0.11523316351699649
1 0.6046979951314462 0.787212378755424 0.2004058596955513 0.13182046279135698
1 0.9554474812541007 0.6985541943566715 0.08910503749179846 0.11023315027015243
1 0.6865979580595771 0.6145412597882828 0.1628766847906915 0.09150299763774719
1 0.505910326652377 0.7751811155085802 0.16364068874502422 0.11025299763774718
1 0.5777415642950874 0.7191791413692958 0.2113778517868859 0.09475697241000383
1 0.6918067228883248 0.6849356053417791 0.18226335475263547 0.10778276206571746
1 0.52902022140545 0.6722297302993702 0.17544035178688588 0.09350200725639421
1 0.6061265494663398 0.649957915415913 0.17062551779449714 0.09021331614940156
1 0.5586002920519659 0.6131920361971528 0.1386751808363588 0.0719345421027846
1 0.9763701349044223 0.5501538998916343 0.04725973019115557 0.05703373920022692
1 0.9375490099230127 0.47429823882170863 0.11979784684397003 0.06815477767481415
1 0.9864972099995626 0.4638170958079503 0.02700558000087483 0.038973219962933216
1 0.5127718444096931 0.4649256617877159 0.14830484882113631 0.07851192431676957
1 0.3818720128887623 0.4689360607919239 0.1464876808363588 0.0722073606144388
1 0.2718112633830539 0.4674330697775987 0.1115396778706094 0.056944459163159954
1 0.1678731798849567 0.46302333357259673 0.12241351087441492 0.05576390507947586