0 0.40234375 0.609375 0.04921875 0.10703125
0 0.3640625 0.80625 0.07734375 0.0953125
0 0.509375 0.78046875 0.05390625 0.09765625
0 0.56171875 0.7984375 0.0796875 0.06484375
0 0.63046875 0.79765625 0.040625 0.1296875
0 0.478125 0.74765625 0.075 0.07421875
0 0.48515625 0.7046875 0.07421875 0.0546875
0 0.49765625 0.66484375 0.06953125 0.046875
0 0.4953125 0.62578125 0.0703125 0.05
0 0.49609375 0.58359375 0.071875 0.06796875
0 0.546875 0.73828125 0.06171875 0.090625
0 0.56171875 0.71015625 0.06015625 0.08828125
0 0.7546875 0.79765625 0.0703125 0.10625
0 0.75546875 0.71328125 0.0671875 0.09609375
0 0.71484375 0.671875 0.0359375 0.11015625
0 0.66953125 0.69921875 0.05546875 0.1046875
0 0.6625 0.7578125 0.06796875 0.06875
0 0.6125 0.69765625 0.05390625 0.0921875
0 0.53515625 0.57578125 0.0328125 0.096875
0 0.57578125 0.5359375 0.06171875 0.07890625
0 0.5765625 0.4875 0.0734375 0.07265625
0 0.6125 0.428125 0.03671875 0.09609375
0 0.815625 0.4828125 0.07421875 0.05703125
0 0.76953125 0.51328125 0.03125 0.09921875
0 0.8671875 0.51171875 0.0703125 0.05078125
0 0.8828125 0.5671875 0.06328125 0.08203125
0 0.8703125 0.63828125 0.05 0.103125
0 0.83828125 0.6703125 0.04296875 0.10390625
0 0.8046875 0.6578125 0.05078125 0.10234375
0 0.8203125 0.61484375 0.071875 0.065625
0 0.825 0.55 0.04921875 0.09609375
0 0.8015625 0.559375 0.03828125 0.0859375
0 0.76328125 0.5625 0.0765625 0.0421875
0 0.74765625 0.5421875 0.02734375 0.1140625
0 0.7203125 0.52890625 0.040625 0.10703125
0 0.7046875 0.578125 0.03984375 0.10625
0 0.67734375 0.565625 0.04140625 0.09921875
0 0.6515625 0.6046875 0.04765625 0.096875
0 0.628125 0.5859375 0.03125 0.1
0 0.5953125 0.565625 0.0453125 0.090625
0 0.615625 0.6109375 0.04765625 0.078125
0 0.56796875 0.61015625 0.04375 0.08125
0 0.5875 0.640625 0.0515625 0.0609375
0 0.59375 0.71015625 0.05546875 0.07890625
0 0.55 0.65546875 0.0484375 0.0796875
0 0.684375 0.6453125 0.03515625 0.11484375
0 0.64453125 0.70078125 0.03984375 0.04921875
0 0.73515625 0.6203125 0.03671875 0.10078125
0 0.76171875 0.6046875 0.065625 0.06015625
0 0.77421875 0.66640625 0.0484375 0.096875