0 0.39488785752749356 0.6052695215070601 0.060020415494652826 0.11197389448011279
0 0.3374122216942866 0.7964342637964223 0.08809996369925477 0.10465231818121908
0 0.48422358918072916 0.7880604764577545 0.06466246369925485 0.10424321509696384
0 0.5351411945669236 0.8123843664736405 0.08636474687674198 0.07493754464226887
0 0.603146306003242 0.8198207654179802 0.05546018052176756 0.1337670738632621
0 0.456670760921898 0.7516456895261234 0.08328519867214013 0.08269549756436803
0 0.4681486164062882 0.710443991068251 0.0800511143631848 0.06389095048646745
0 0.4843321526088376 0.6724491132272294 0.07374657220870695 0.05440685633066593
0 0.4856628484523073 0.63263263676618 0.07533634328594588 0.0591216298696164
0 0.4908907039366975 0.5913218441525061 0.07856133723582168 0.07636367694751697
0 0.5261929205628184 0.7512968620094135 0.07087610226293624 0.09810230925276535
0 0.543225884458465 0.7250343709378673 0.06929542154477701 0.09495003571381488
0 0.7266610740554187 0.835256624995057 0.08190450585373235 0.11391822402541782
0 0.7363309898446591 0.7518401529982344 0.07716246369925486 0.10446140340856651
0 0.6993486194313503 0.7058867248329014 0.04753859621281222 0.11488070616851012
0 0.6518196344584648 0.7269298818949159 0.0662613251355733 0.11052048863591431
0 0.6388747277444107 0.784510556813838 0.07543633723582169 0.07630912986961622
0 0.5955287278426067 0.7189167844927036 0.06306360226293624 0.09796594155801372
0 0.5307117280389984 0.5881110693957398 0.04276928298109546 0.10073638555165906
0 0.5750384449597069 0.5537321152558243 0.07080337939029935 0.08560230925276535
0 0.5802253938282389 0.5053900726421506 0.0817136083130606 0.08110572402541756
0 0.6220947312604522 0.45143895819380975 0.04745678298109546 0.10081820616851012
0 0.8186248184962739 0.5298617873320774 0.08006020472226431 0.06545345048646745
0 0.7695560594210875 0.5547839208551417 0.04277837334017516 0.10229888555165925
0 0.8672623063960254 0.565082267039538 0.07533634328594588 0.0591216298696164
0 0.8769691045024315 0.62227715827324 0.07238406010845858 0.08875458279171564
0 0.8578423754814745 0.6914674890363608 0.06156473477649378 0.10887616801906326
0 0.8228497519449075 0.7189788344099781 0.05375223477649351 0.10873980032431163
0 0.7907275983541113 0.7027947268614961 0.06156473477649378 0.10887616801906326
0 0.8100179538385015 0.6617293960983754 0.07855224687674216 0.07480117694751698
0 0.8213639991162373 0.5978714476405029 0.059956782981095455 0.10103639448011278
0 0.7971861557320955 0.6044799577867727 0.04739315046753827 0.08988070616851011
0 0.7589003605525557 0.6030305060824894 0.08154089149054773 0.051418224025417736
0 0.745491845525441 0.5809236810014115 0.03973518657189175 0.11630683847375849
0 0.7196151467551051 0.5640674176087309 0.052207915494652826 0.11183752678536116
0 0.6987986527070333 0.6113554748329013 0.0506363251355733 0.11024775324641087
0 0.6729264991162373 0.5952804614402207 0.052162463699254855 0.10402502678536116
0 0.6434526225546082 0.6314810142001642 0.05840337334017516 0.10257162094116268
0 0.6222361527070334 0.6100190714243346 0.04278746369925486 0.10386138555165907
0 0.5916265021412993 0.5852684874148031 0.05524201190385671 0.09626707386326175
0 0.6067475080932276 0.6331838360348312 0.05673178903121965 0.08379434740221221
0 0.5598361466569092 0.6261156298663211 0.052062469749379045 0.08683752678536116
0 0.5764332941975812 0.6592145020252996 0.058194295081344015 0.06663412094116268
0 0.5752753151766241 0.7287184784863493 0.06455337939029934 0.08549321509696384
0 0.5374344267111385 0.6694701635515411 0.05674087939029935 0.08535684740221221
0 0.6718321526088376 0.6757219379012703 0.04755677693097127 0.11800570616851011
0 0.626815089278925 0.7257122552717105 0.045621572208706954 0.05391593262955983
0 0.7248435231203423 0.657117988225582 0.04748405405833438 0.10550570616851011
0 0.7528912550681656 0.644327661926688 0.07226588544042353 0.06844208279171564
0 0.75950941461089 0.7077180060824894 0.05840337334017516 0.1025716209411625