1 0.3078125 0.73671875 0.10625 0.06875
1 0.45078125 0.73515625 0.1109375 0.071875
1 0.58984375 0.74140625 0.103125 0.075
1 0.728125 0.7390625 0.1125 0.071875
1 0.73359375 0.65234375 0.10625 0.071875
1 0.73359375 0.565625 0.10625 0.071875
1 0.73046875 0.478125 0.103125 0.06875
1 0.7296875 0.3921875 0.109375 0.06875
1 0.73359375 0.30390625 0.10625 0.071875
1 0.73515625 0.21484375 0.10625 0.06875
1 0.30859375 0.21484375 0.1125 0.075
1 0.446875 0.2171875 0.1125 0.071875
1 0.5890625 0.21640625 0.10625 0.075
1 0.31328125 0.3015625 0.1078125 0.0703125
1 0.4453125 0.3046875 0.11875 0.0734375
1 0.5859375 0.30625 0.115625 0.075
1 0.5875 0.39140625 0.109375 0.06875
1 0.5921875 0.478125 0.103125 0.071875
1 0.5890625 0.565625 0.1125 0.0671875
1 0.5875 0.65078125 0.103125 0.06875
1 0.44921875 0.6515625 0.103125 0.0703125
1 0.31015625 0.653125 0.10625 0.075
1 0.45 0.56640625 0.10625 0.0734375
1 0.453125 0.478125 0.0984375 0.06875
1 0.45078125 0.38984375 0.1109375 0.071875
1 0.3109375 0.39140625 0.1125 0.075
1 0.30859375 0.4796875 0.1203125 0.078125
1 0.30703125 0.565625 0.109375 0.071875