1 0.3075557719605473 0.2870069146244565 0.08724655601527206 0.11349997334499946
1 0.2747876306095026 0.41783929129536546 0.09198860001590833 0.11824201734563577
1 0.23662346459263978 0.5424853026336833 0.09191587468172661 0.11199201734563573
1 0.20546327657545876 0.6693932479710468 0.09356928134945379 0.11982269867918127
1 0.2832973752387316 0.6934841812937745 0.09037155601527207 0.11353633601209037
1 0.36119510856941356 0.7121063646165023 0.09193405601527208 0.11355451734563574
1 0.44147295456718644 0.7275762759389119 0.08879087468172667 0.111955654678545
1 0.519379778564641 0.7454172092616396 0.08884541868236298 0.116643154678545
1 0.5987854678946867 0.768708711250822 0.09037155601527189 0.11353633601209054
1 0.6789996792250503 0.7896473725732316 0.08879087468172671 0.111955654678545
1 0.7811648999443207 0.4010110392266412 0.09514996268299925 0.12140338001272677
1 0.7461257339274578 0.5256206878978683 0.09042610001590834 0.11822383601209037
1 0.7125945239099587 0.6548996552355499 0.09351473734881743 0.11513519867918127
1 0.7008870539465479 0.3855411279042317 0.08882723734881744 0.11508065467854492
1 0.6666836819303213 0.5054541859086861 0.09518632535009015 0.12452838001272681
1 0.6316081532463677 0.633188834579913 0.09514996268299925 0.12140338001272663
1 0.5536831479153675 0.6169104012571853 0.08726473734881743 0.11506247334499946
1 0.47418655191759473 0.601431399268003 0.0903533746817267 0.11197383601209036
1 0.3955348405872309 0.5804745566120479 0.08730110001590834 0.11818747334499946
1 0.31843653859009446 0.5602807826225475 0.08722837468172653 0.11193747334499946
1 0.35115013594050276 0.43413590595163853 0.08877269334818116 0.11039315467854496
1 0.38231032395768383 0.3072279606142751 0.09507723734881743 0.11515338001272664
1 0.42747627860441195 0.45355752060791177 0.09193405601527208 0.11355451734563574
1 0.506900149268003 0.47528652259709414 0.0871556493475449 0.10568747334499946
1 0.5879410639322303 0.49230984325273097 0.09042610001590834 0.11822383601209037
1 0.6199006832829569 0.3638303072485948 0.09356928134945389 0.11982269867918119
1 0.5396864719525931 0.3428916459261852 0.0999283693507266 0.129270424013363
1 0.4625881699554566 0.32269787193668475 0.09197041868236297 0.11667951734563582