1 0.5515625 0.184375 0.0875 0.075
1 0.63125 0.1046875 0.09375 0.08125
1 0.7078125 0.03203125 0.096875 0.0625
1 0.87421875 0.1453125 0.1015625 0.09375
1 0.790625 0.23203125 0.0984375 0.08125
1 0.7140625 0.31796875 0.1015625 0.084375
1 0.6328125 0.39609375 0.10625 0.08125
1 0.67890625 0.5890625 0.0875 0.075
1 0.4796875 0.26328125 0.1 0.075
1 0.39765625 0.33828125 0.0921875 0.078125
1 0.33671875 0.415625 0.0921875 0.071875
1 0.47890625 0.5515625 0.09375 0.0734375
1 0.2703125 0.4890625 0.0921875 0.071875
1 0.40703125 0.62734375 0.0984375 0.08125
1 0.3375 0.696875 0.090625 0.06875
1 0.26640625 0.7625 0.084375 0.071875
1 0.20390625 0.56328125 0.09375 0.0734375
1 0.14140625 0.63359375 0.09375 0.078125
1 0.075 0.69921875 0.090625 0.0625
1 0.18984375 0.8359375 0.090625 0.0703125
1 0.1328125 0.7640625 0.084375 0.0671875