1 0.26015625 0.5125 0.0671875 0.0796875
1 0.1875 0.58359375 0.07265625 0.0859375
1 0.11328125 0.653125 0.07578125 0.08671875
1 0.22421875 0.80390625 0.08515625 0.0921875
1 0.303125 0.728125 0.07265625 0.0890625
1 0.38125 0.659375 0.0765625 0.0921875
1 0.45234375 0.58515625 0.07421875 0.09609375
1 0.62578125 0.62734375 0.0671875 0.07890625
1 0.33125 0.446875 0.06875 0.08984375
1 0.39921875 0.37265625 0.07109375 0.08359375
1 0.46953125 0.3171875 0.065625 0.08359375
1 0.5921875 0.44609375 0.06640625 0.0859375
1 0.5359375 0.25703125 0.0640625 0.0828125
1 0.6609375 0.38046875 0.0734375 0.0890625
1 0.7234375 0.31875 0.06328125 0.08203125
1 0.78359375 0.25390625 0.065625 0.0765625
1 0.603125 0.19765625 0.06640625 0.084375
1 0.66640625 0.140625 0.07109375 0.084375
1 0.72578125 0.08046875 0.05625 0.08125
1 0.85 0.184375 0.06328125 0.08203125
1 0.78515625 0.1328125 0.06015625 0.07578125