1 0.2888306127024217 0.4895386383644634 0.08322129465362353 0.09068334980971962
1 0.21030306527678794 0.5463523710642578 0.08992632096198276 0.09875051779449713
1 0.13090326258948226 0.6015717702659551 0.09314232622365463 0.10044035178688589
1 0.22878556769586234 0.7700127055509383 0.10288134727034208 0.10707235376405215
1 0.31411685196731653 0.7095792243340184 0.09010833148532651 0.10187551779449713
1 0.39751390991629404 0.6560814926228072 0.09497784200867017 0.10519151878308045
1 0.47425144418774823 0.5952978429268183 0.09368835779368574 0.10981535178688588
1 0.6445254178088018 0.6684846280215211 0.08322129465362345 0.09068334980971962
1 0.365332928543907 0.43809815517037737 0.08698333148532651 0.10174818380210837
1 0.4389454628153612 0.3771871714819997 0.08818181043863907 0.09556185079830275
1 0.5136500602268775 0.33502618779362214 0.08193181043863902 0.09530718281352524
1 0.6251930469315237 0.483759459542452 0.08358531570031094 0.09693334980971961
1 0.5849111392225426 0.2872691201128557 0.08027830517696728 0.09368101581733076
1 0.6993061101421729 0.4314422258540743 0.09010833148532651 0.10187551779449713
1 0.7673511838761661 0.38199532418091914 0.07871580517696727 0.09361734882113648
1 0.8320892470868154 0.3292960885153752 0.07991428413027997 0.08743101581733077
1 0.6570444734798793 0.24110638593018646 0.08349431043863902 0.09537084980971959
1 0.7245813129988878 0.1963151507589341 0.08827281570031094 0.09712435079830276
1 0.7887656393637168 0.14749033159529296 0.07237479991529536 0.09180018083635884
1 0.9043667945124492 0.27222768783080314 0.07871580517696727 0.0936173488211364
1 0.8438318419380831 0.20974759246970787 0.07513577886860787 0.08567751482874764