1 0.7988095615516662 0.4969270214433131 0.11388327488562507 0.1278533746817267
1 0.49742432703489525 0.7208254087364514 0.12205945079743064 0.1435692813494537
1 0.6155223232351731 0.6159208274188142 0.11094011284152785 0.13562951201463563
1 0.638963742497465 0.41457650342135965 0.10450827488562524 0.12774428668045384
1 0.43939100864628405 0.8639390620623608 0.10937761284152785 0.13561133068109035
1 0.384651570101041 0.7312351027211793 0.11097648043270843 0.13719201201463563
1 0.5642371526417012 0.3683822087444055 0.11072190729444457 0.12625451201463572
1 0.4801660514836801 0.6229418920671332 0.10447190729444458 0.12618178668045382
1 0.14357197521128412 0.7479664273551808 0.107887848023889 0.1387181493475449
1 0.6422270275479856 0.7779941134229504 0.117262848023889 0.13882723734881744
1 0.6987576230064233 0.36369580342931374 0.09480596656500015 0.11357269867918118
1 0.515699588718402 0.8421646067393148 0.10759690729444457 0.12621814934754488
1 0.25647071229350626 0.7992936647039983 0.10781511284152785 0.1355931493475449
1 0.5601646356398607 0.5097793680776327 0.10770601006798622 0.1309056493475449
1 0.6147794004574996 0.5135407147517234 0.08103440729444458 0.12590906667727228
1 0.6555862384134024 0.5062009294239049 0.10621624525034737 0.13401246801399935
1 0.8234511113229164 0.24402019744585846 0.07569229065319467 0.09772952267663593
1 0.8782119997156596 0.20792870345317632 0.08074346656499998 0.1134090666772722
1 0.8472354098598958 0.1622434861154947 0.09793096656499997 0.11360906134627213
1 0.7797751529260416 0.17318043877304054 0.09168096656500016 0.11353633601209037
1 0.7276125876715623 0.19836170476604087 0.07765483415618064 0.11493520401018138
1 0.7955254798640276 0.2687020241088132 0.08037979065319441 0.09778406667727228
1 0.8749616727776737 0.11255256878576725 0.09142639342673604 0.10259883601209037
1 0.8231816204409721 0.08772474411199485 0.0863024823325695 0.08379429201145401
1 0.7641332755512152 0.10657419410404068 0.08074346656499998 0.11340906667727224
1 0.8042491292746874 0.12892190877622223 0.06406380642076392 0.0679147533418178