1 0.80546875 0.44453125 0.09609375 0.11484375
1 0.54375 0.7109375 0.1015625 0.1296875
1 0.64375 0.58984375 0.09140625 0.12265625
1 0.634375 0.3875 0.0859375 0.115625
1 0.509375 0.8609375 0.08984375 0.1234375
1 0.434375 0.73828125 0.090625 0.125
1 0.55234375 0.353125 0.09296875 0.11328125
1 0.5109375 0.6171875 0.08671875 0.1140625
1 0.1984375 0.790625 0.0875 0.12578125
1 0.69609375 0.7453125 0.096875 0.125
1 0.68515625 0.328125 0.07890625 0.10234375
1 0.58125 0.828125 0.0890625 0.11328125
1 0.31796875 0.82421875 0.08828125 0.12265625
1 0.571875 0.49296875 0.0890625 0.11875
1 0.62578125 0.48828125 0.06171875 0.1171875
1 0.665625 0.475 0.08671875 0.12265625
1 0.7890625 0.19140625 0.0609375 0.0890625
1 0.83671875 0.14765625 0.06484375 0.10390625
1 0.79921875 0.10703125 0.08203125 0.10234375
1 0.734375 0.128125 0.075 0.10234375
1 0.68671875 0.1609375 0.06015625 0.10625
1 0.76484375 0.21953125 0.065625 0.0890625
1 0.81875 0.05390625 0.07734375 0.0921875
1 0.76328125 0.03671875 0.075 0.07265625
1 0.7078125 0.06484375 0.06328125 0.10546875
1 0.75078125 0.08046875 0.0546875 0.059375