0 0.3123684697932971 0.5942195963124973 0.22370042794496658 0.24003604547482596
0 0.24176824919739176 0.7617055266545647 0.23373019237293696 0.25916804745199223
0 0.17511148413644934 0.9056266230042432 0.23568950725639412 0.1812340484405759
1 0.4823783471131408 0.9087092247539481 0.1189732332097769 0.14527269072219084
1 0.5618649835882952 0.687811792929006 0.11121529691210785 0.14651685574121878
1 0.7256968158949475 0.7770931743362061 0.11483137023308565 0.16070668973360752
1 0.8895931355877282 0.8421876392415033 0.10732640507947586 0.12451452174882993
0 0.6610713538213808 0.5277417731573426 0.22748019237293704 0.25891337946721477
0 0.7204885377567972 0.367732761788636 0.22871531015895172 0.24960204646340928
0 0.7816046309480408 0.20375383342373507 0.22542661905195943 0.24478721247102042
0 0.8389955234136449 0.07638083889812361 0.21575895317271013 0.15276167779624722
1 0.2818079836731132 0.37468568771926003 0.1354712524470707 0.17090936068413454
1 0.43942702151472834 0.44081607060933486 0.12938494355406327 0.17534219269935694
1 0.5004439109851078 0.2573377257425312 0.14350200725639403 0.17747769566510643
1 0.34662199573883073 0.19417317536197035 0.13223712504240898 0.1676570266917457
1 0.19543400717157616 0.14494379098902072 0.1339087524470707 0.17084569368794011
1 0.13013884546867827 0.3168943868444075 0.13083831614940156 0.17228085969555132
1 0.02733133711597579 0.2573522435742094 0.05466267423195158 0.16029551285158128
1 0.06554809972984751 0.11122931866934957 0.1193353317584982 0.11096135771838496
1 0.5576463196927806 0.06172011410699456 0.1284573606144388 0.12344022821398912
0 0.06883430163661329 0.46022523418266925 0.13766860327322658 0.22642453163466153
0 0.9134448417556632 0.6953298852871708 0.1306597560752678 0.25652852570316254