0 0.31953125 0.503125 0.0921875 0.0875
0 0.27109375 0.4015625 0.0875 0.084375
0 0.39296875 0.46875 0.0875 0.08125
0 0.4671875 0.4328125 0.09375 0.0875
0 0.5453125 0.39765625 0.084375 0.0921875
0 0.621875 0.35859375 0.0875 0.090625
0 0.57421875 0.25546875 0.0984375 0.08125
0 0.49609375 0.2953125 0.096875 0.0859375
0 0.41640625 0.3328125 0.09375 0.0890625
0 0.34453125 0.371875 0.09375 0.084375
0 0.58828125 0.66015625 0.1484375 0.071875
0 0.6265625 0.72421875 0.15625 0.075
0 0.79609375 0.66328125 0.146875 0.0734375
0 0.5453125 0.6015625 0.15 0.0734375
0 0.74609375 0.603125 0.140625 0.075
0 0.709375 0.5375 0.1625 0.084375
0 0.2875 0.69609375 0.09375 0.0953125
0 0.3671875 0.73125 0.1 0.0859375
0 0.43046875 0.76328125 0.071875 0.071875
0 0.6078125 0.82890625 0.109375 0.090625