0 0.56875 0.715625 0.221875 0.1984375
0 0.73359375 0.815625 0.240625 0.203125
0 0.89765625 0.90390625 0.2015625 0.1921875
1 0.9375 0.584375 0.125 0.0984375
1 0.728125 0.46484375 0.140625 0.090625
1 0.8640625 0.3046875 0.15625 0.09375
1 0.95546875 0.14375 0.0890625 0.090625
0 0.57890625 0.3359375 0.240625 0.1984375
0 0.4203125 0.24921875 0.23125 0.203125
0 0.2578125 0.159375 0.225 0.2
0 0.09765625 0.08515625 0.1953125 0.1703125
1 0.325 0.71484375 0.1640625 0.1125
1 0.43359375 0.55703125 0.1703125 0.10625
1 0.24921875 0.465625 0.16875 0.121875
1 0.1453125 0.61875 0.1609375 0.1109375
1 0.06875 0.7734375 0.1375 0.1140625
1 0.22734375 0.8671875 0.165625 0.1078125
1 0.13125 0.9765625 0.1546875 0.046875
1 0.01796875 0.90546875 0.0359375 0.109375
1 0.05390625 0.37421875 0.10625 0.109375
0 0.35703125 0.95078125 0.2140625 0.0984375
0 0.82734375 0.06875 0.25 0.1375