0 0.49846221589941 0.3509944794795219 0.09440592306201409 0.09799488229073816
0 0.5846166150257294 0.295727969450392 0.09117182028847229 0.0932164540774929
0 0.5405419195466322 0.4146765462517116 0.08648432028847228 0.09308006175762476
0 0.5841841231938545 0.4784040771305239 0.0944422906531944 0.09955738229073816
0 0.6279172458190282 0.5460378580093364 0.09738545269729179 0.0918358105039836
0 0.674720817057431 0.6114188171013941 0.09585932028847229 0.09335284639736088
0 0.7632735175705212 0.5585642532321983 0.08982752583555573 0.1025459899708702
0 0.7140716449453477 0.4907713479802065 0.09295252583555573 0.10263691818411544
0 0.6679765885245837 0.42228812094146007 0.0959684230620141 0.09804034639736088
0 0.6220451862641323 0.3608361439027137 0.0912809230620141 0.0979039540774929
0 0.3952333388089241 0.6118744920159342 0.08931968597979179 0.14781302586424747
0 0.3431084475663894 0.653297462390763 0.092590156344514 0.15415395407749272
0 0.4238707511373617 0.8024229356685858 0.08928331838861117 0.1462505258642473
0 0.44259799486909773 0.5671901293212374 0.08931968597979179 0.1478130258642473
0 0.4710717530372229 0.7507073229738889 0.090700348023889 0.1400459899708702
0 0.5255585780753478 0.710133798758994 0.10058449430041669 0.1621937746106063
0 0.3179025469214586 0.3418371251646022 0.1022547906531945 0.09978470282385157
0 0.29780955888930594 0.41776312767188467 0.0945877610179167 0.10580738229073816
0 0.27815232874093787 0.47886811223247855 0.07674564437666671 0.07718227711788864
0 0.24459821238402832 0.647308223673534 0.09945709897381949 0.1137562746106063