0 0.61484375 0.246875 0.2296875 0.20625
0 0.7859375 0.14296875 0.2484375 0.2125
0 0.92578125 0.07578125 0.1484375 0.1515625
1 0.965625 0.38203125 0.06875 0.1015625
1 0.7796875 0.5078125 0.146875 0.0953125
1 0.91953125 0.671875 0.159375 0.0984375
1 0.984375 0.8421875 0.03125 0.0953125
0 0.625 0.6421875 0.25 0.20625
0 0.46015625 0.7328125 0.2375 0.209375
0 0.29140625 0.82578125 0.234375 0.2078125
0 0.1203125 0.9078125 0.215625 0.184375
1 0.36171875 0.24765625 0.16875 0.11875
1 0.47421875 0.41171875 0.1765625 0.1109375
1 0.28359375 0.5078125 0.175 0.125
1 0.175 0.34765625 0.1671875 0.115625
1 0.08359375 0.18671875 0.165625 0.11875
1 0.26015625 0.0890625 0.171875 0.1125
1 0.03125 0.053125 0.0625 0.10625
1 0.06796875 0.60234375 0.1359375 0.115625
0 0.3953125 0.0265625 0.221875 0.053125
0 0.8765625 0.92421875 0.246875 0.1515625