0 0.66640625 0.50078125 0.09375 0.090625
0 0.71640625 0.6046875 0.0890625 0.0875
0 0.59140625 0.5359375 0.090625 0.08125
0 0.515625 0.57265625 0.0953125 0.0890625
0 0.4359375 0.60859375 0.0859375 0.09375
0 0.35703125 0.6484375 0.0890625 0.0921875
0 0.40546875 0.7546875 0.1 0.0828125
0 0.4859375 0.7140625 0.1 0.0875
0 0.56796875 0.675 0.0953125 0.090625
0 0.640625 0.63515625 0.0953125 0.0859375
0 0.39140625 0.33984375 0.153125 0.075
0 0.35234375 0.27421875 0.159375 0.0765625
0 0.17890625 0.33671875 0.15 0.075
0 0.43515625 0.4 0.153125 0.075
0 0.2296875 0.3984375 0.14375 0.0765625
0 0.2671875 0.465625 0.1671875 0.0859375
0 0.69921875 0.303125 0.0953125 0.096875
0 0.61796875 0.2671875 0.103125 0.0875
0 0.553125 0.234375 0.0734375 0.075
0 0.371875 0.1671875 0.1125 0.0921875