0 0.3171875 0.57734375 0.1828125 0.203125
0 0.225 0.728125 0.1890625 0.2203125
0 0.13359375 0.89296875 0.1953125 0.2140625
1 0.43984375 0.93046875 0.0921875 0.1359375
1 0.5484375 0.7234375 0.084375 0.1296875
1 0.696875 0.84765625 0.0859375 0.14296875
1 0.84765625 0.946875 0.0859375 0.10625
0 0.66796875 0.5859375 0.18359375 0.221875
0 0.7484375 0.43984375 0.18671875 0.2109375
0 0.83125 0.290625 0.184375 0.20703125
0 0.9109375 0.1390625 0.178125 0.19140625
1 0.31796875 0.353125 0.1046875 0.15
1 0.46328125 0.45234375 0.0984375 0.15625
1 0.5484375 0.28359375 0.11171875 0.1546875
1 0.40703125 0.1875 0.10234375 0.14765625
1 0.265625 0.10625 0.10390625 0.15
1 0.17734375 0.26328125 0.1 0.1515625
1 0.04921875 0.175 0.0984375 0.1421875
1 0.14296875 0.0453125 0.10078125 0.08984375
1 0.634375 0.0875 0.10234375 0.1328125
0 0.0734375 0.3875 0.146875 0.19765625
0 0.925 0.81328125 0.15 0.2296875