0 0.32423866360181436 0.5303901359242011 0.22855161905195925 0.2410653303564585
0 0.20683788719294455 0.6613518080362846 0.24014388347992943 0.26006990349472225
0 0.11727193410505246 0.8057395473027082 0.18685519237293696 0.2541459053945836
1 0.38329129290539266 0.9004110419843748 0.12404267912609299 0.15432643692972264
1 0.5262352171373442 0.7172504370266315 0.11439486061443879 0.14629573138263902
1 0.6510864281146027 0.8668120663013189 0.11957343393541642 0.16046733415618064
1 0.7808954684032886 0.9568350414156939 0.10805060217691835 0.05403549620027803
0 0.6677009761230189 0.6037120010468398 0.2338938834799295 0.2599244331300003
0 0.7726835980853851 0.47538501966420077 0.23512900126594438 0.2505858007211808
0 0.8799008426430894 0.34387848689479095 0.23184031015895173 0.24582556553881965
0 0.9372296706885725 0.2094839966784367 0.1255406586228549 0.2280185100679862
1 0.3634747452754946 0.31054910818878445 0.13870537985173242 0.17184124525034736
1 0.4897966870154593 0.43505618607670105 0.134181570958725 0.17641964247680558
1 0.6026091671451935 0.28465418294256895 0.14829863466105592 0.17830945079743066
1 0.4803298846610559 0.163962436076701 0.1370337524470706 0.16867987765916678
1 0.35496280771188105 0.07167236540697905 0.13805061542376212 0.1433447308139581
1 0.2406324676006804 0.19612554511850674 0.1355803798517324 0.1717685100679862
1 0.12964534918169335 0.08533547511437489 0.13212799763774727 0.1623207748856251
1 0.24515873257680484 0.015804878324756865 0.1184424651536097 0.03160975664951373
1 0.7215253143353031 0.10752602564812438 0.13341767912609298 0.15454464247680563
0 0.11678079454985517 0.29908950379972216 0.19217760943331239 0.22772887575930573
0 0.8808284918169335 0.8630285303977772 0.20193455534962856 0.2388845813063889