0 0.5480001210024842 0.32774663446881624 0.09901928298109546 0.10286423871722894
0 0.6496898860295988 0.302916467538342 0.09586701190385653 0.0980858105039836
0 0.5631978741257421 0.40072949340258945 0.09117951190385672 0.09794941818411548
0 0.579176877249 0.4736896202830513 0.09902837334017515 0.10442673871722903
0 0.595133154474559 0.5505559971635131 0.10054542154477701 0.09665970282385157
0 0.6134377268796577 0.6265729278840408 0.09900110226293642 0.09973923871722903
0 0.7174621515476927 0.6032370647936327 0.09435905405833438 0.10741534639736088
0 0.6968274646812134 0.5249445802330388 0.09748405405833438 0.10750627461060631
0 0.6801035729942739 0.4457571854058884 0.09902837334017515 0.10442673871722885
0 0.6609859343323965 0.3752317367386719 0.09433178298109546 0.10272784639736088
0 0.3491348532448949 0.5413103439565854 0.09773858411256367 0.1512562746106063
0 0.28416838339732015 0.5642908543814267 0.10090903590796181 0.15915970282385156
0 0.3027451456939602 0.727785053048643 0.09772949375348405 0.14969377461060632
0 0.4117848441697086 0.5137105296916781 0.09773858411256367 0.1512562746106063
0 0.36777070287555264 0.6946482926238019 0.09769313231716562 0.1434437746106063
0 0.43507637754358763 0.6723808360390267 0.11032948770335996 0.16724498746358768
0 0.3812080516224475 0.2646425438774431 0.10528746369925486 0.10617109514371963
0 0.33318364207972295 0.32931044912943486 0.09906473477649361 0.11067673871722886
0 0.2907007054096354 0.38131923000824725 0.08015110831306052 0.08200616943775678
0 0.19376609719477073 0.5286465225655421 0.10536927693097135 0.12023359514371953