0 0.33046875 0.49609375 0.0875 0.0859375
0 0.28359375 0.3984375 0.078125 0.0859375
0 0.4 0.46171875 0.0859375 0.0859375
0 0.35625 0.36796875 0.0875 0.0828125
0 0.42421875 0.33046875 0.090625 0.084375
0 0.47421875 0.42578125 0.0890625 0.0875
0 0.5 0.29296875 0.096875 0.0859375
0 0.5671875 0.25546875 0.084375 0.084375
0 0.61875 0.35546875 0.096875 0.0859375
0 0.54453125 0.3921875 0.090625 0.0875
0 0.621875 0.7015625 0.15 0.071875
0 0.784375 0.65 0.146875 0.0765625
0 0.74453125 0.58828125 0.1546875 0.0765625
0 0.58125 0.646875 0.15 0.0796875
0 0.55078125 0.5859375 0.15 0.08125
0 0.703125 0.52890625 0.15 0.075
0 0.30703125 0.678125 0.0890625 0.090625
0 0.37734375 0.7109375 0.096875 0.0953125
0 0.60390625 0.8046875 0.10625 0.0875
0 0.446875 0.74296875 0.0796875 0.08125