0 0.18212933946677728 0.4338198051063801 0.1431663626613008 0.1470709630271227
0 0.1849744496566202 0.5610270472138723 0.15104252965749523 0.14908848933548208
0 0.06291376585451183 0.4728606473268117 0.09399403361182793 0.16447129465362348
0 0.059717123078605217 0.5856868710184525 0.07677735870696814 0.12449874203690499
1 0.2780307243711996 0.6833563444983317 0.0769391847906915 0.0902147472985769
1 0.3294712075652856 0.6068540286568466 0.0628766847906915 0.08939569994353036
1 0.41916642444774926 0.45541960224966516 0.06424818380210837 0.0847992052052021
1 0.37346789977035094 0.7302229101986427 0.07419618676785786 0.09940773677523325
1 0.3731310242574688 0.5306779365070019 0.07425985376405234 0.10097023677523324
1 0.4190894644853678 0.644808325941306 0.07062551779449713 0.08828822625188941
1 0.5348259165390838 0.4247449968750539 0.06730951680591399 0.08341871572854576
1 0.5009403478697343 0.49213762322576543 0.06568334980971961 0.08176521046687402
1 0.4627492811775511 0.5686322337914614 0.07225168479069169 0.08994173151356133
1 0.45279732513232124 0.38177697589895365 0.06405718281352506 0.0801117052052021
1 0.7712647767289267 0.5655575256024876 0.1295495316346617 0.15718941567207612
1 0.869149178402082 0.5003336149803218 0.10990819368794007 0.134222352532014
1 0.7234625825838761 0.8269885782897932 0.07789418973360736 0.11365224729857708
1 0.8114984348650538 0.9217466124200729 0.08433519072219076 0.11870376834526439
1 0.8892785835724591 0.8413226360270093 0.09013952174883003 0.10813028939195171
1 0.7945934832684481 0.755530078219206 0.08701452174882984 0.10794827886860806
1 0.9583237776989193 0.7659123833255862 0.08335244460216132 0.11254477360693613
1 0.8679726334587287 0.6818643360411267 0.07920202174883002 0.10749325256024882
1 0.9354837856261753 0.6172095728163598 0.08239068874502423 0.10923776308359248
1 0.9786674639538951 0.5549062648673824 0.04266507209220975 0.1035492052052021
1 0.9931557282883512 0.6946058016990853 0.013688543423297617 0.10834312101845249
1 0.11059516805913967 0.8014252630835925 0.06912668479069152 0.08975972099021767
1 0.07121965026464253 0.7149571420651399 0.0749946828135252 0.08074874203690499
1 0.5334026097699134 0.944519170580812 0.07920202174882984 0.10749325256024882
1 0.5684076680591397 0.8280898047534443 0.08239068874502423 0.1092377630835923
1 0.6025359758540743 0.7092711862952404 0.07594968775644109 0.10418624203690499
1 0.3823693503783733 0.8912969180911505 0.08363485376405233 0.1015162683452644
1 0.5648847841433005 0.5886100758001316 0.054363847832553346 0.07175317363517095
1 0.5969041052841082 0.5327996915569123 0.059178681824942105 0.07515118942018653
1 0.6290189269192072 0.479333057313693 0.05898768083635879 0.07046368942018652
1 0.17319864433314347 0.692838489335482 0.060104511862998054 0.05961719468185844