0 0.5125 0.3328125 0.0828125 0.08515625
0 0.60703125 0.28828125 0.0828125 0.075
0 0.54609375 0.40078125 0.0828125 0.0828125
0 0.63671875 0.3578125 0.08046875 0.08515625
0 0.67265625 0.4234375 0.08203125 0.0875
0 0.58046875 0.471875 0.08515625 0.08671875
0 0.70859375 0.49765625 0.0828125 0.09296875
0 0.7453125 0.5625 0.08203125 0.08046875
0 0.64921875 0.6125 0.08359375 0.09375
0 0.61328125 0.540625 0.084375 0.08671875
0 0.3140625 0.61484375 0.06875 0.1453125
0 0.3640625 0.77265625 0.07421875 0.14296875
0 0.4234375 0.734375 0.07421875 0.15
0 0.36640625 0.57578125 0.07734375 0.14609375
0 0.42578125 0.54609375 0.07890625 0.1453125
0 0.48125 0.69375 0.07265625 0.14375
0 0.3359375 0.31015625 0.0890625 0.08671875
0 0.3046875 0.37890625 0.0921875 0.09375
0 0.2140625 0.59765625 0.08515625 0.10234375
0 0.27421875 0.4453125 0.078125 0.0765625