0 0.16328125 0.43046875 0.13515625 0.13671875
0 0.16328125 0.5578125 0.14296875 0.13828125
0 0.04296875 0.47890625 0.0859375 0.15859375
0 0.03671875 0.5921875 0.0734375 0.11875
1 0.25390625 0.6734375 0.07265625 0.08515625
1 0.30703125 0.5921875 0.05859375 0.084375
1 0.4 0.43359375 0.059375 0.0796875
1 0.3484375 0.7125 0.06875 0.09375
1 0.35234375 0.5125 0.06796875 0.09609375
1 0.39609375 0.6234375 0.065625 0.0828125
1 0.5171875 0.39453125 0.0625 0.078125
1 0.48125 0.4640625 0.06171875 0.0765625
1 0.44140625 0.54375 0.06796875 0.08515625
1 0.4359375 0.35703125 0.06015625 0.07578125
1 0.75 0.5171875 0.1203125 0.1484375
1 0.85 0.44453125 0.103125 0.1265625
1 0.69609375 0.78359375 0.07109375 0.1078125
1 0.78203125 0.871875 0.07734375 0.11328125
1 0.86171875 0.78515625 0.08359375 0.10234375
1 0.76953125 0.70625 0.08125 0.10234375
1 0.934375 0.70390625 0.0796875 0.10703125
1 0.84453125 0.6265625 0.0734375 0.1015625
1 0.91328125 0.55703125 0.0765625 0.103125
1 0.9703125 0.48984375 0.059375 0.0984375
1 0.9828125 0.62890625 0.034375 0.10625
1 0.08359375 0.80390625 0.0640625 0.084375
1 0.04609375 0.7203125 0.07109375 0.075
1 0.503125 0.915625 0.0734375 0.1015625
1 0.54140625 0.79609375 0.0765625 0.103125
1 0.578125 0.67421875 0.06953125 0.0984375
1 0.353125 0.8734375 0.07734375 0.09609375
1 0.54296875 0.55625 0.05078125 0.0671875
1 0.5765625 0.49765625 0.05546875 0.07109375
1 0.61015625 0.4421875 0.0546875 0.06640625
1 0.1484375 0.690625 0.05625 0.0546875