1 0.4551938976636373 0.5633914075674732 0.043960600158284534 0.06265650889724857
1 0.4584900453937818 0.6766726575674732 0.044096992478152686 0.06734400889724856
1 0.5106124865391509 0.7206972301911555 0.04561402837152997 0.06584517589344294
1 0.5648513571514066 0.7568138023205462 0.04400606426490725 0.06421900889724856
1 0.6151385136570395 0.7915270419404228 0.051909492478152686 0.06766234387822045
1 0.6109247236070271 0.67359012543852 0.046903743731793665 0.05653384288963732
1 0.5545466914745735 0.6446003038034209 0.046858279625171306 0.054971342889637495
1 0.696005451107992 0.3987081891649537 0.04400606426490725 0.06421900889724856
1 0.658547252045064 0.2672645295831331 0.045523100158284535 0.06272017589344295
1 0.6223657111371217 0.3141050374917985 0.040335494985435004 0.04534167490485981
1 0.4385305495504169 0.7971589125103891 0.08259720282385156 0.103247016805914
1 0.33683766890903133 0.850579684259219 0.06844377461060622 0.09954901384016424
1 0.27968674696399215 0.7950273626241198 0.05659699247815268 0.06785334486680358
1 0.2720728237653117 0.7484070306088974 0.080261813011266 0.07662084980971962
1 0.3329193955520663 0.742799017757316 0.0641821719450392 0.060359179847775654
1 0.4315016480593489 0.7168811634989722 0.06155727711788863 0.07741934585538672
0 0.5363446092629776 0.583550057263462 0.05856866943775678 0.08197951186299815
1 0.3590249059769076 0.8066559293163029 0.066199313011266 0.07604784684397004
1 0.2927694201626726 0.8414248601526619 0.04203438730530316 0.05009284190105419
1 0.3186128546441241 0.78874818771926 0.05145485141192578 0.052037343878220454
1 0.5613647119950517 0.15311579935479663 0.03555706677218975 0.04202567391627658
1 0.5512372057268455 0.20828080182625458 0.03573892319868044 0.04827567391627659
1 0.49946410556856086 0.1493806457044751 0.03881845909205772 0.04684050790866538
1 0.6050585391920826 0.2569292074537425 0.04364235141192587 0.051719008897248564