0 0.42265625 0.14453125 0.146875 0.14375
0 0.55859375 0.14375 0.146875 0.1515625
0 0.471875 0.03046875 0.16875 0.0609375
0 0.59453125 0.02421875 0.1265625 0.0484375
1 0.68203125 0.240625 0.090625 0.078125
1 0.59453125 0.296875 0.0890625 0.0625
1 0.4265625 0.39609375 0.084375 0.0625
1 0.72265625 0.34140625 0.1 0.071875
1 0.51015625 0.3453125 0.103125 0.071875
1 0.628125 0.39140625 0.0875 0.06875
1 0.38515625 0.5203125 0.084375 0.065625
1 0.45859375 0.48203125 0.08125 0.065625
1 0.54296875 0.43984375 0.090625 0.071875
1 0.34453125 0.434375 0.08125 0.0640625
1 0.51484375 0.76875 0.1578125 0.128125
1 0.4375 0.875 0.134375 0.109375
1 0.7984375 0.71015625 0.115625 0.075
1 0.8921875 0.80234375 0.1203125 0.0828125
1 0.8 0.88671875 0.109375 0.0890625
1 0.71640625 0.7890625 0.109375 0.0875
1 0.7109375 0.96015625 0.1125 0.0796875
1 0.63125 0.86875 0.1078125 0.078125
1 0.55703125 0.9421875 0.109375 0.08125
1 0.4859375 0.98515625 0.10625 0.0296875
1 0.8203125 0.059375 0.090625 0.06875
1 0.72890625 0.02734375 0.0765625 0.0546875
1 0.93828125 0.50546875 0.1078125 0.078125
1 0.81171875 0.54609375 0.109375 0.08125
1 0.68203125 0.58515625 0.1046875 0.075
1 0.89453125 0.34609375 0.1015625 0.0828125
1 0.55625 0.54765625 0.071875 0.053125
1 0.49453125 0.58359375 0.075 0.059375
1 0.43515625 0.61953125 0.0703125 0.0578125
1 0.7 0.128125 0.0578125 0.059375