0 0.4523998740022243 0.3453580125365282 0.10756884727034195 0.10548889342673622
0 0.536690844992442 0.28160594348232687 0.10380681043863901 0.09447865824437507
0 0.49825142932036587 0.4043160916587157 0.10582433674699843 0.10232752583555568
0 0.5792808924180758 0.34283503742215327 0.10435284200867016 0.10385365824437506
0 0.626876958259561 0.3987044841355214 0.106097352532014 0.10701502583555556
0 0.5447022241151638 0.4664173545764935 0.10922235253201382 0.1070877610179167
0 0.6755349951618512 0.46320404844007007 0.10958637357870131 0.1133377610179167
0 0.7239123110033365 0.5190916789490284 0.1041708314853265 0.10072865824437507
0 0.6384760689664314 0.5890755642076394 0.10958637357870131 0.1133377610179167
0 0.5897270268024695 0.5261384999030907 0.109222352532014 0.1070877610179167
0 0.3094340400978234 0.6643417890376739 0.11075403142885669 0.16017639342673623
0 0.38791681391652105 0.8077664403481947 0.11535052616718486 0.15872299620027794
0 0.43857623755169206 0.7573131518792018 0.11736805247554419 0.16657186379145852
0 0.3537979611021585 0.6145242802039587 0.12031104195220044 0.16351959897381949
0 0.4063006057981343 0.5727192931217365 0.12022003669052861 0.16195709897381966
0 0.48859091907937086 0.7044979296146184 0.11387903142885669 0.16024912860909737
0 0.27382755296965433 0.36232404093753495 0.11400085779368574 0.10875936379145852
0 0.2562235530402415 0.4362336664125002 0.11905237884037315 0.11511846656500016
0 0.20741651378946413 0.6697903956109377 0.11481990514873237 0.12282186379145835
0 0.23875606100333643 0.5077995418874656 0.09921031570031094 0.09593205547083343