1 0.4265625 0.5703125 0.034375 0.05546875
1 0.40859375 0.6828125 0.03359375 0.0609375
1 0.4515625 0.7359375 0.034375 0.06015625
1 0.4984375 0.78203125 0.03359375 0.0578125
1 0.540625 0.82578125 0.04140625 0.059375
1 0.55859375 0.709375 0.0375 0.04921875
1 0.50859375 0.66953125 0.0390625 0.046875
1 0.69296875 0.45625 0.03359375 0.0578125
1 0.68046875 0.31953125 0.03515625 0.05546875
1 0.6359375 0.35859375 0.03359375 0.0390625
1 0.36640625 0.796875 0.065625 0.090625
1 0.25703125 0.8296875 0.053125 0.0890625
1 0.21171875 0.76328125 0.0453125 0.05859375
1 0.2125 0.71640625 0.06953125 0.06328125
1 0.2734375 0.72265625 0.0546875 0.05
1 0.375 0.71640625 0.05 0.06875
0 0.50234375 0.60625 0.04453125 0.07421875
1 0.28671875 0.790625 0.05390625 0.065625
1 0.215625 0.81171875 0.03359375 0.04375
1 0.25078125 0.76484375 0.04296875 0.04453125
1 0.60625 0.18828125 0.02890625 0.03671875
1 0.5859375 0.240625 0.028125 0.04296875
1 0.54609375 0.17265625 0.03125 0.040625
1 0.6296875 0.29921875 0.03515625 0.04453125