1 0.44154893481065594 0.5761684025944925 0.03757420783841638 0.05687729139585791
1 0.42529110048748897 0.6883274833576133 0.036148100158284534 0.06153751785690744
1 0.4690471121659715 0.7429701189092723 0.037710600158284535 0.06156479139585791
1 0.5165047853646518 0.7906496883083074 0.0360571719450391 0.058412517856907445
1 0.5592067624033984 0.8359036870904915 0.04391513605166182 0.06011138555165907
1 0.5753509364600087 0.7198383563273707 0.040517351411925875 0.05068183847375849
1 0.5249501196878189 0.678354239850435 0.04198892319868044 0.04758411201270896
1 0.7071164473470682 0.4714844512939509 0.0360571719450391 0.058412517856907445
1 0.6929820880175837 0.33458842329077376 0.037574207838416564 0.05687729139585782
1 0.6487834586298393 0.37207874066121394 0.035511602665567035 0.03966251785690744
1 0.38405599821763337 0.8008314374975285 0.06986988229073816 0.09336026217486477
1 0.275590280350087 0.8301722897710047 0.05732441818411553 0.09157957386326183
1 0.2291040737653117 0.76220749391092 0.04860263605166182 0.060193206168510115
1 0.22930265056663127 0.7153597674498704 0.07217652837152988 0.06528980925276535
1 0.2904447390464333 0.7234546854689337 0.0577503155185485 0.05254434740221221
1 0.39187084672656525 0.7205399655007058 0.05360838479802066 0.07121252678536116
0 0.5184213233696002 0.614991169233584 0.04749477711788863 0.07579093262955983
1 0.30492242768451994 0.7916416237805364 0.05664245658477531 0.06814207386326192
1 0.2336384610706148 0.8106995409888208 0.0356479949854351 0.04435001785690744
1 0.2682120378719344 0.7644518323846785 0.04506845909205772 0.04607615909060954
1 0.6172426389546557 0.2005213404990581 0.030778638558944315 0.038018197240056485
1 0.5976719365265156 0.25249689772322853 0.029397994985435005 0.044240923701106105
1 0.5566090158351177 0.18306505924947003 0.03243206677218957 0.041170470779006776
1 0.6415870725781774 0.31260828327488765 0.03725595909205772 0.04593979139585782