1 0.865625 0.8734375 0.1203125 0.0875
1 0.08359375 0.57265625 0.140625 0.1203125
1 0.784375 0.53359375 0.1125 0.09375
1 0.9234375 0.665625 0.1296875 0.1015625
1 0.9359375 0.93984375 0.128125 0.1203125
1 0.66484375 0.778125 0.115625 0.096875
1 0.1578125 0.81796875 0.14375 0.13125
1 0.48203125 0.46484375 0.115625 0.090625
1 0.45625 0.575 0.1203125 0.09375
1 0.57890625 0.7265625 0.1390625 0.109375
0 0.50859375 0.6125 0.203125 0.165625
1 0.890625 0.76796875 0.159375 0.1359375
1 0.5953125 0.66015625 0.128125 0.096875
0 0.7609375 0.8015625 0.121875 0.103125
1 0.48203125 0.78515625 0.171875 0.134375
1 0.046875 0.65625 0.09375 0.090625
1 0.7296875 0.69609375 0.1671875 0.125
1 0.9703125 0.75546875 0.059375 0.0921875
1 0.57421875 0.93203125 0.146875 0.1359375
1 0.38359375 0.715625 0.159375 0.1203125
1 0.3796875 0.50234375 0.171875 0.121875
1 0.18046875 0.496875 0.1125 0.0890625
1 0.653125 0.5453125 0.1671875 0.13125
0 0.21484375 0.76796875 0.196875 0.1453125
0 0.696875 0.9359375 0.18125 0.128125
1 0.2546875 0.690625 0.16875 0.1234375
1 0.265625 0.8765625 0.1109375 0.0875
1 0.33125 0.6328125 0.1125 0.0890625
1 0.3703125 0.87890625 0.159375 0.128125
0 0.90703125 0.5515625 0.1859375 0.1515625
0 0.0625 0.7828125 0.125 0.153125
1 0.23671875 0.95 0.171875 0.1
1 0.7875 0.60234375 0.11875 0.09375
1 0.70625 0.8609375 0.146875 0.128125
1 0.59453125 0.853125 0.1203125 0.090625
0 0.4375 0.92578125 0.1859375 0.140625
1 0.828125 0.94765625 0.165625 0.1046875
1 0.13125 0.953125 0.121875 0.09375
1 0.95625 0.51796875 0.0875 0.1359375
1 0.09453125 0.896875 0.1125 0.096875
0 0.17421875 0.61796875 0.115625 0.084375
1 0.5515625 0.98203125 0.1125 0.0359375
1 0.04140625 0.88125 0.0828125 0.1171875
1 0.45703125 0.97890625 0.1453125 0.0421875
1 0.12109375 0.653125 0.1203125 0.103125
0 0.70625 0.61328125 0.1125 0.0875
1 0.59453125 0.79375 0.1125 0.09375
0 0.85703125 0.628125 0.1109375 0.14375
1 0.0140625 0.6125 0.028125 0.078125
0 0.3328125 0.57109375 0.184375 0.1
1 0.34140625 0.978125 0.1359375 0.04375
1 0.890625 0.9875 0.11875 0.025
0 0.3765625 0.7984375 0.1125 0.084375