1 0.7828125 0.8875 0.11875 0.0875
1 0.03828125 0.5890625 0.0765625 0.11875
1 0.70234375 0.5515625 0.1125 0.090625
1 0.83984375 0.68203125 0.128125 0.1
1 0.86015625 0.94609375 0.1421875 0.1078125
1 0.584375 0.79296875 0.115625 0.096875
1 0.08203125 0.83203125 0.1421875 0.1296875
1 0.403125 0.48359375 0.115625 0.090625
1 0.37734375 0.5921875 0.11875 0.090625
1 0.49921875 0.7421875 0.1375 0.10625
0 0.42890625 0.6296875 0.2 0.1625
1 0.80703125 0.7828125 0.159375 0.134375
1 0.51484375 0.6765625 0.125 0.096875
0 0.67890625 0.81640625 0.121875 0.1015625
1 0.403125 0.8 0.1703125 0.1328125
1 0.6484375 0.71171875 0.165625 0.1234375
1 0.89609375 0.77109375 0.078125 0.090625
1 0.49296875 0.9390625 0.14375 0.121875
1 0.3046875 0.73125 0.159375 0.11875
1 0.3015625 0.52109375 0.1703125 0.1203125
1 0.10390625 0.515625 0.1125 0.0875
1 0.57265625 0.56328125 0.165625 0.13125
0 0.1375 0.7828125 0.19375 0.1421875
0 0.615625 0.94296875 0.1796875 0.1140625
1 0.17734375 0.70703125 0.16875 0.121875
1 0.18828125 0.88984375 0.109375 0.0875
1 0.253125 0.65 0.1125 0.0875
1 0.2921875 0.8921875 0.159375 0.1265625
0 0.828125 0.56953125 0.190625 0.15
0 0.02421875 0.796875 0.0484375 0.15
1 0.16015625 0.95625 0.1703125 0.0875
1 0.70546875 0.61953125 0.1171875 0.090625
1 0.625 0.87421875 0.14375 0.128125
1 0.5140625 0.8671875 0.11875 0.090625
0 0.35859375 0.934375 0.184375 0.13125
1 0.7453125 0.95390625 0.1625 0.0921875
1 0.05859375 0.96015625 0.1171875 0.0796875
1 0.8828125 0.53671875 0.10625 0.134375
1 0.0375 0.91015625 0.075 0.0953125
0 0.0984375 0.634375 0.115625 0.0828125
1 0.471875 0.98828125 0.1125 0.0234375
1 0.37734375 0.98515625 0.1453125 0.0296875
1 0.05234375 0.66953125 0.1046875 0.1015625
0 0.625 0.63046875 0.1125 0.0875
1 0.5140625 0.80859375 0.1125 0.090625
0 0.77421875 0.64453125 0.109375 0.140625
0 0.2546875 0.5890625 0.18125 0.0984375
1 0.2640625 0.984375 0.134375 0.03125
1 0.80859375 0.99375 0.1171875 0.0125
0 0.29765625 0.8125 0.1125 0.0828125