1 0.62265625 0.50078125 0.028125 0.046875
1 0.57890625 0.478125 0.028125 0.04375
1 0.5375 0.4578125 0.025 0.040625
1 0.4953125 0.43203125 0.0265625 0.046875
1 0.45234375 0.40703125 0.028125 0.046875
1 0.36875 0.3546875 0.0265625 0.04375
1 0.41015625 0.38203125 0.028125 0.04375
1 0.60546875 0.5359375 0.028125 0.0484375
1 0.56328125 0.515625 0.03125 0.04375
1 0.51953125 0.49375 0.0296875 0.04375
1 0.478125 0.4703125 0.028125 0.046875
1 0.4359375 0.44375 0.028125 0.05
1 0.3921875 0.41875 0.028125 0.0453125
1 0.35078125 0.39609375 0.028125 0.040625
1 0.58984375 0.57578125 0.03125 0.0453125
1 0.5453125 0.553125 0.028125 0.04375
1 0.50234375 0.5328125 0.0265625 0.040625
1 0.459375 0.51015625 0.028125 0.040625
1 0.4171875 0.48203125 0.028125 0.046875
1 0.37421875 0.459375 0.028125 0.046875
1 0.33125 0.434375 0.028125 0.046875
1 0.57109375 0.61015625 0.0296875 0.0515625
1 0.5265625 0.59140625 0.03125 0.046875
1 0.48359375 0.57109375 0.028125 0.05
1 0.44140625 0.54765625 0.03125 0.05
1 0.39765625 0.521875 0.03125 0.05
1 0.3546875 0.496875 0.0296875 0.05
1 0.3109375 0.47421875 0.0328125 0.05