1 0.37890625 0.48691252595542345 0.034375 0.050439615756780756
1 0.4234375 0.475443675913071 0.034375 0.047314615756780753
1 0.4671875 0.46627307323988293 0.0296875 0.04547909997176518
1 0.5109375 0.45163372056669465 0.0328125 0.05034861049510884
1 0.5546875 0.4369943678935064 0.034375 0.050439615756780756
1 0.64296875 0.4069799151779659 0.0328125 0.048786110495108836
1 0.59921875 0.42396301785115414 0.034375 0.048877115756780706
1 0.3890625 0.5234415601562905 0.034375 0.05200211575678075
1 0.4328125 0.5142709574831021 0.0359375 0.04896812101845249
1 0.47734375 0.5035833574407499 0.0359375 0.04740562101845249
1 0.5203125 0.4912422521367258 0.034375 0.050439615756780756
1 0.56484375 0.4758671520943734 0.034375 0.05356461575678075
1 0.61015625 0.461318804682857 0.034375 0.050439615756780756
1 0.653125 0.4497589493788329 0.0328125 0.045661110495108834
1 0.396875 0.5645215864646497 0.0375 0.05062162628012423
1 0.44296875 0.5539249916839692 0.0328125 0.047223610495108835
1 0.48671875 0.543973139010781 0.0328125 0.04409861049510884
1 0.53125 0.5325042889684287 0.0328125 0.045661110495108834
1 0.5765625 0.5156121915569123 0.034375 0.05200211575678075
1 0.61953125 0.5040523362528881 0.0359375 0.052093121018452496
1 0.66484375 0.4902852388413718 0.034375 0.05200211575678075
1 0.409375 0.6011871285580245 0.0375 0.05687162628012423
1 0.4546875 0.5936700311465081 0.0375 0.05062162628012441
1 0.4984375 0.5844994284733198 0.0359375 0.05365562101845249
1 0.5421875 0.5714225758001316 0.0375 0.053746626280124235
1 0.5875 0.5568742283886152 0.0375 0.053746626280124235
1 0.63203125 0.543061628346263 0.0375 0.053746626280124235
1 0.67734375 0.5316382809347466 0.0390625 0.05540013154179633