1 0.375 0.48671875 0.0265625 0.04453125
1 0.41640625 0.46484375 0.02734375 0.040625
1 0.45703125 0.4453125 0.0234375 0.03984375
1 0.496875 0.42109375 0.025 0.0453125
1 0.5375 0.396875 0.0265625 0.04453125
1 0.61796875 0.346875 0.02578125 0.04296875
1 0.578125 0.3734375 0.02734375 0.0421875
1 0.390625 0.5203125 0.02734375 0.04609375
1 0.43203125 0.50078125 0.0296875 0.04296875
1 0.4734375 0.48046875 0.02890625 0.040625
1 0.51328125 0.4578125 0.02734375 0.04453125
1 0.55390625 0.4328125 0.0265625 0.04765625
1 0.5953125 0.4078125 0.0265625 0.04375
1 0.63515625 0.38671875 0.0265625 0.03984375
1 0.40546875 0.55859375 0.0296875 0.04375
1 0.4484375 0.5375 0.0265625 0.04140625
1 0.48984375 0.51796875 0.02578125 0.0390625
1 0.53125 0.49609375 0.0265625 0.03984375
1 0.571875 0.46875 0.02734375 0.0453125
1 0.6125 0.44765625 0.028125 0.0453125
1 0.65390625 0.4234375 0.02734375 0.0453125
1 0.42421875 0.5921875 0.02890625 0.05
1 0.4671875 0.57421875 0.0296875 0.04453125
1 0.5078125 0.5546875 0.028125 0.04765625
1 0.5484375 0.53203125 0.0296875 0.04765625
1 0.58984375 0.50703125 0.02890625 0.04765625
1 0.63125 0.48359375 0.02890625 0.04765625
1 0.6734375 0.46171875 0.03125 0.0484375