0 0.7671875 0.27578125 0.109375 0.39921875
0 0.6765625 0.2625 0.0984375 0.41796875
0 0.58984375 0.26015625 0.109375 0.40625
0 0.5046875 0.25625 0.115625 0.40859375
0 0.4140625 0.25390625 0.1046875 0.41796875
0 0.33203125 0.253125 0.1046875 0.4109375
0 0.240625 0.2515625 0.11875 0.40390625
0 0.2421875 0.72890625 0.1 0.40859375
0 0.32578125 0.73671875 0.1015625 0.4203125
0 0.415625 0.7296875 0.096875 0.390625
0 0.50078125 0.74453125 0.109375 0.40625
0 0.58515625 0.7265625 0.1109375 0.41328125
0 0.675 0.73125 0.1109375 0.42265625
0 0.76328125 0.72890625 0.109375 0.39921875