0 0.746039219414779 0.2788808645539647 0.17210819001068423 0.4167252353176917
0 0.6545784057124481 0.2730610500382721 0.16333339073632375 0.43347608767505647
0 0.5689137242241025 0.2768709466474499 0.17238100852233842 0.42453773531769157
0 0.48400301088459124 0.27993598056018065 0.17874013592700014 0.4279538337461151
0 0.3936781112474109 0.28430880334804093 0.1696379544386545 0.43532968610347994
0 0.31275549346139603 0.28989952377853634 0.16936513592700023 0.42751718610347994
0 0.22245787567538117 0.2950535965663966 0.18170144482000766 0.42341188296032667
0 0.2983656774816305 0.7712565316364192 0.1630060085223385 0.4241010876750565
0 0.3826588319281342 0.7728426104201354 0.16656751814098536 0.4367466368892682
0 0.4703125993513294 0.7589856257216164 0.1577183077966991 0.40669526385373905
0 0.556413790458322 0.7676757291124385 0.17238100852233842 0.4245377353176917
0 0.6374628938163666 0.7433713959854961 0.17572426333166186 0.4309332845319034
0 0.7262798571558777 0.7404882985905299 0.17605164554564717 0.4403082845319034
0 0.8133433475372309 0.732063676588458 0.17210819001068423 0.4167252353176917