1 0.09993020836714193 0.7224095577949348 0.14250105172849492 0.17747769566510635
1 0.2513646762346883 0.7474520256659816 0.14879651583511763 0.17929486364988384
1 0.4136002517823666 0.7767363245636676 0.15504651583511767 0.17954953163466153
1 0.5579807375966017 0.8028465439175891 0.14401808762187224 0.1759788626613009
1 0.7185628849310346 0.8353195098114696 0.1517396594086268 0.17317219764227296
1 0.17598555766749668 0.4953576264642843 0.13101798244902269 0.15828202669174588
1 0.31733197169497707 0.5184701798105946 0.15026808762187222 0.1762335306460784
1 0.46805338572245747 0.5412007311797387 0.13133623119538154 0.1692195266917457
1 0.6047122997499379 0.5645042855146322 0.13593280298213628 0.16628552768032884
1 0.7505188932443049 0.5952383378723594 0.1453078029821361 0.16666752965749526
1 0.23931358643473805 0.27662753110318894 0.1354781619159093 0.15066052768032884
1 0.3790520363555957 0.30136625144569373 0.13230769780928667 0.14897069368794008
1 0.5171597901165195 0.3285123887843929 0.12775659012915472 0.15346719269935694
1 0.6537959720906885 0.35259719311928645 0.13092705423577727 0.1551570266917457
1 0.8006338681714802 0.3747056619789164 0.14066576708875891 0.16803902866891204
1 0.8440442020324287 0.17005265407025102 0.14191001834240008 0.15716519566510642
1 0.7042602880049484 0.14687643372774625 0.13873955423577727 0.15547536167271767
1 0.5684053560307794 0.12275979589475552 0.12771112602253218 0.15190469269935694
1 0.42774926379005357 0.10274040905034794 0.12284176959604132 0.14546369171077375
1 0.3010874753893938 0.08449176924019086 0.13878501834240006 0.15703786167271766