1 0.1459585794694024 0.8179698292623566 0.10493153361182794 0.1645338907731741
1 0.2992109134617912 0.8228697704650723 0.12374520060802237 0.16707903663473153
1 0.4672433304579856 0.8301101396415206 0.12192803262324467 0.16074714947960161
1 0.6221218314465687 0.8335294679993661 0.12562603558899427 0.1749734237898611
1 0.7909673319408603 0.8400295307533792 0.13155770060802235 0.16748847241038015
1 0.1737320468833387 0.5782865315463488 0.11867569863085596 0.15745837516934208
1 0.3207662143738247 0.5820776741285454 0.12486203163466154 0.15622342378986112
1 0.47464063087572744 0.590924808908826 0.11417919961943923 0.161900213703953
1 0.6147072153624078 0.5927849592929387 0.11848469764227279 0.1527708751693421
1 0.7677048813700191 0.6039349004956545 0.13710736364988385 0.15062852103089916
1 0.1943323428524563 0.3609319352098219 0.12923119665368965 0.14865658525525038
1 0.3383688443353311 0.36143430348175903 0.11022652866891205 0.1414239393936933
1 0.4772403433467479 0.37340976028830697 0.11810269566510634 0.1433958751693421
1 0.6212768448296228 0.37391212856024414 0.11947419467652338 0.13879026232447184
1 0.7704319278334282 0.38329485187513546 0.12441636266130089 0.1452859237898611
1 0.21016688437294961 0.16446637098547062 0.11928319368794008 0.13410276232447188
1 0.3504244698482132 0.16163902136958344 0.10547536167271776 0.13961577792830412
1 0.48561255334631037 0.16794101028830696 0.11516869665368965 0.14791960085908262
1 0.6273371383272823 0.1675392978275495 0.1228538626613009 0.14520403663473141
1 0.7672763888215739 0.1725244482116623 0.12766869665368966 0.14857469810012064