1 0.88203125 0.86171875 0.1046875 0.1703125
1 0.715625 0.86015625 0.125 0.171875
1 0.5328125 0.86171875 0.1234375 0.165625
1 0.365625 0.86015625 0.125 0.18125
1 0.18125 0.86015625 0.1328125 0.171875
1 0.85703125 0.59921875 0.1203125 0.1625
1 0.69765625 0.5984375 0.1265625 0.1609375
1 0.53046875 0.60234375 0.1140625 0.16875
1 0.37890625 0.59921875 0.11875 0.15625
1 0.2125 0.60390625 0.140625 0.153125
1 0.84140625 0.36328125 0.13125 0.153125
1 0.684375 0.3578125 0.1125 0.1453125
1 0.534375 0.365625 0.1203125 0.146875
1 0.37734375 0.3609375 0.121875 0.1421875
1 0.215625 0.36484375 0.125 0.15
1 0.82890625 0.1484375 0.121875 0.1375
1 0.6765625 0.140625 0.10625 0.14375
1 0.5296875 0.1421875 0.115625 0.1515625
1 0.37578125 0.1359375 0.125 0.15
1 0.2234375 0.1359375 0.1296875 0.153125