1 0.80078125 0.1625 0.1625 0.1140625
1 0.8 0.32734375 0.1625 0.121875
1 0.8015625 0.50546875 0.1609375 0.1296875
1 0.80234375 0.66328125 0.159375 0.11875
1 0.8078125 0.8390625 0.1546875 0.1265625
1 0.553125 0.18515625 0.14375 0.10625
1 0.55234375 0.3390625 0.159375 0.125
1 0.5484375 0.503125 0.15625 0.1046875
1 0.54765625 0.6515625 0.15 0.1109375
1 0.55390625 0.8125 0.15 0.1203125
1 0.315625 0.19609375 0.134375 0.1140625
1 0.31640625 0.35 0.13125 0.109375
1 0.3203125 0.50078125 0.1390625 0.1046875
1 0.3203125 0.65 0.140625 0.10625
1 0.3171875 0.81015625 0.15 0.115625
1 0.09765625 0.80390625 0.1390625 0.1203125
1 0.09921875 0.6515625 0.1375 0.115625
1 0.09921875 0.503125 0.1375 0.1046875
1 0.103125 0.35078125 0.13125 0.1
1 0.10625 0.2125 0.140625 0.115625