1 0.1734375 0.803125 0.09609375 0.15703125
1 0.3265625 0.80234375 0.11484375 0.15859375
1 0.49453125 0.80390625 0.11328125 0.153125
1 0.64921875 0.8015625 0.115625 0.16640625
1 0.81796875 0.80234375 0.121875 0.15859375
1 0.19609375 0.5625 0.11015625 0.15
1 0.34296875 0.56171875 0.11640625 0.1484375
1 0.496875 0.56484375 0.1046875 0.1546875
1 0.63671875 0.56171875 0.109375 0.14453125
1 0.78984375 0.5671875 0.128125 0.14140625
1 0.2109375 0.3453125 0.12109375 0.13984375
1 0.35546875 0.340625 0.103125 0.13359375
1 0.49375 0.34765625 0.1109375 0.13515625
1 0.63828125 0.34296875 0.1125 0.13046875
1 0.78671875 0.346875 0.115625 0.1375
1 0.22265625 0.1484375 0.1125 0.1265625
1 0.3625 0.140625 0.0984375 0.13203125
1 0.49765625 0.1421875 0.10703125 0.13984375
1 0.6390625 0.13671875 0.11484375 0.13671875
1 0.77890625 0.13671875 0.11953125 0.140625