1 0.18046875 0.83359375 0.103125 0.1671875
1 0.34375 0.83203125 0.121875 0.16875
1 0.52421875 0.83359375 0.121875 0.1625
1 0.68828125 0.83203125 0.1234375 0.178125
1 0.86953125 0.83203125 0.13125 0.16875
1 0.2046875 0.57578125 0.11875 0.159375
1 0.36171875 0.575 0.125 0.159375
1 0.52578125 0.57890625 0.1125 0.165625
1 0.67578125 0.575 0.1171875 0.153125
1 0.8390625 0.58046875 0.1375 0.15
1 0.2203125 0.34375 0.1296875 0.15
1 0.37421875 0.33828125 0.109375 0.1421875
1 0.52265625 0.34609375 0.11875 0.14375
1 0.6765625 0.34140625 0.1203125 0.140625
1 0.8359375 0.3453125 0.1234375 0.146875
1 0.2328125 0.13359375 0.1203125 0.134375
1 0.38203125 0.125 0.10625 0.140625
1 0.52734375 0.1265625 0.115625 0.15
1 0.678125 0.12109375 0.121875 0.146875
1 0.828125 0.1203125 0.128125 0.15