1 0.1609375 0.7873396118915974 0.115625 0.1605037017473613
1 0.31640625 0.7979894372140628 0.1234375 0.1606855397032639
1 0.48359375 0.8120370194703824 0.1296875 0.16083101006798622
1 0.63203125 0.8240856906325353 0.11875 0.15901393692972227
1 0.79765625 0.8420031552976741 0.1265625 0.15450827488562516
1 0.19453125 0.5560902651019793 0.1078125 0.14313436379145833
1 0.33984375 0.5657224510817711 0.125 0.15915940729444458
1 0.49453125 0.5740103426086463 0.10625 0.15403549620027784
1 0.634375 0.5842964920193061 0.1125 0.14949346656499998
1 0.78515625 0.6010872145682298 0.1203125 0.14967530452090294
1 0.2171875 0.3339613451740974 0.1140625 0.13390483415618065
1 0.36171875 0.34513784735829894 0.1109375 0.13226959897381957
1 0.503125 0.3593666143601393 0.1046875 0.13837412860909737
1 0.64375 0.3704521975663894 0.1078125 0.14000936379145834
1 0.79453125 0.37786792011531317 0.1171875 0.1511650693385418
1 0.8 0.1717452066844451 0.11875 0.14026393692972236
1 0.65625 0.1621493882958339 0.115625 0.13862870174736122
1 0.51640625 0.15108198888517405 0.1046875 0.13681162860909732
1 0.37265625 0.1446111704965628 0.1015625 0.13205139342673616
1 0.24296875 0.1376864104285766 0.115625 0.14019120174736116