1 0.8546875 0.5984375 0.025 0.015625
1 0.81640625 0.6015625 0.0265625 0.015625
1 0.7796875 0.60546875 0.025 0.015625
1 0.74453125 0.609375 0.028125 0.0171875
1 0.8484375 0.5734375 0.028125 0.015625
1 0.81015625 0.57734375 0.0265625 0.015625
1 0.77421875 0.58125 0.025 0.015625
1 0.73984375 0.5859375 0.0296875 0.015625
1 0.84296875 0.5484375 0.028125 0.015625
1 0.80625 0.5515625 0.0265625 0.0171875
1 0.76875 0.55703125 0.0265625 0.015625
1 0.73359375 0.5609375 0.028125 0.015625
1 0.8359375 0.5234375 0.0265625 0.015625
1 0.7984375 0.52734375 0.0265625 0.015625
1 0.7625 0.53125 0.0265625 0.015625
1 0.83046875 0.49765625 0.0265625 0.01875
1 0.79296875 0.5015625 0.028125 0.015625
1 0.75625 0.50625 0.028125 0.0171875
1 0.8234375 0.471875 0.028125 0.015625
1 0.7859375 0.4765625 0.028125 0.015625
1 0.74921875 0.48046875 0.028125 0.01875
1 0.7140625 0.48515625 0.028125 0.0171875
1 0.70703125 0.46015625 0.028125 0.01875
1 0.74375 0.45546875 0.028125 0.0171875
1 0.78125 0.45 0.0265625 0.01875
1 0.81875 0.44609375 0.0296875 0.0171875