1 0.44921875 0.19609375 0.01328125 0.0234375
1 0.44609375 0.23046875 0.0140625 0.02421875
1 0.44296875 0.2640625 0.01484375 0.0234375
1 0.4390625 0.2953125 0.015625 0.025
1 0.471875 0.2015625 0.01484375 0.025
1 0.46796875 0.2359375 0.01328125 0.02421875
1 0.46484375 0.26875 0.01484375 0.02265625
1 0.46015625 0.29921875 0.01484375 0.0265625
1 0.49375 0.20703125 0.0140625 0.02421875
1 0.49140625 0.23984375 0.015625 0.02421875
1 0.4859375 0.27421875 0.0140625 0.02421875
1 0.4828125 0.30546875 0.0140625 0.025
1 0.5171875 0.21328125 0.0140625 0.02421875
1 0.51328125 0.246875 0.01484375 0.02421875
1 0.509375 0.27890625 0.0140625 0.02421875
1 0.53984375 0.21796875 0.015625 0.0234375
1 0.5359375 0.25234375 0.01484375 0.025
1 0.53203125 0.28515625 0.01484375 0.02421875
1 0.56328125 0.22421875 0.01484375 0.02421875
1 0.559375 0.2578125 0.01484375 0.025
1 0.55546875 0.290625 0.015625 0.025
1 0.55078125 0.32265625 0.015625 0.025
1 0.5734375 0.32890625 0.01640625 0.02421875
1 0.578125 0.29609375 0.015625 0.025
1 0.58203125 0.2625 0.0171875 0.02421875
1 0.5859375 0.22890625 0.015625 0.0265625