1 0.38356062201566 0.21628226471990666 0.018206171939110227 0.025199994668999894
1 0.3852849480993833 0.2506936273869975 0.019832338935304606 0.026780676002545346
1 0.3878541911793011 0.2835515807208612 0.019832338935304606 0.026780676002545346
1 0.3881115177573161 0.31560101205440655 0.02145850593149907 0.028361357336090798
1 0.4069662885175628 0.21733623472308833 0.01989600593149916 0.028343176002545344
1 0.40790936460128613 0.2517385067234065 0.018269838935304605 0.02676249466899989
1 0.4096973576812039 0.28458736939049734 0.01976867193911023 0.025218176002545344
1 0.4100183512554133 0.3150743007240428 0.02152217292769354 0.0299238573360908
1 0.4295907050194655 0.21838111405949726 0.019832338935304606 0.026780676002545346
1 0.4321599480993834 0.2512390673933609 0.021394838935304604 0.026798857336090796
1 0.4315086906850095 0.2864044080601336 0.019832338935304606 0.026780676002545346
1 0.4333603507611217 0.31769077072722446 0.019832338935304606 0.026780676002545346
1 0.45371395452517393 0.22100667472945162 0.019832338935304606 0.026780676002545255
1 0.45468886410699455 0.2546276967297698 0.019832338935304606 0.026780676002545346
1 0.45572744068500953 0.286686218730088 0.019832338935304606 0.026780676002545346
1 0.476370204525174 0.22127030406586062 0.021394838935304604 0.026798857336090796
1 0.4780945306088974 0.25568166673295145 0.019896005931498983 0.028343176002545257
1 0.47910127368881505 0.28852143873326963 0.019832338935304606 0.026780676002545346
1 0.5005252875289796 0.223114614735815 0.019832338935304606 0.026780676002545346
1 0.5015001971108001 0.2567356367361332 0.01989600593149916 0.028343176002545344
1 0.503288190190718 0.28958449940322406 0.021458505931499162 0.028361357336090798
1 0.5027324332706357 0.32240609006999676 0.021458505931499162 0.028361357336090798
1 0.5261062662744413 0.32424131007317847 0.021394838935304604 0.026798857336090796
1 0.5258807731945236 0.291410628739633 0.021458505931499162 0.028361357336090798
1 0.524905863612703 0.25778960673931484 0.022957338935304605 0.02681703866963625
1 0.5239627875289796 0.22338733473899666 0.021522172927693362 0.0299238573360908