1 0.35390625 0.31796875 0.028125 0.04375
1 0.39765625 0.33515625 0.02734375 0.04140625
1 0.440625 0.353125 0.02734375 0.0421875
1 0.48359375 0.36953125 0.0296875 0.0421875
1 0.525 0.38671875 0.02421875 0.04140625
1 0.5671875 0.40390625 0.02734375 0.04296875
1 0.609375 0.42265625 0.02734375 0.03828125
1 0.365625 0.378125 0.02265625 0.0359375
1 0.3328125 0.4203125 0.028125 0.03671875
1 0.3453125 0.46875 0.02421875 0.0375
1 0.4078125 0.39375 0.02734375 0.03671875
1 0.4515625 0.40859375 0.02421875 0.0390625
1 0.4921875 0.42265625 0.0265625 0.0421875
1 0.5328125 0.44140625 0.025 0.040625
1 0.57421875 0.45546875 0.0265625 0.040625
1 0.61328125 0.47421875 0.0234375 0.03671875
1 0.3765625 0.43203125 0.02734375 0.040625
1 0.3875 0.48203125 0.02578125 0.04140625
1 0.41796875 0.44765625 0.028125 0.0421875
1 0.46015625 0.46328125 0.028125 0.03984375
1 0.4296875 0.496875 0.025 0.0390625
1 0.46953125 0.5109375 0.03046875 0.04140625
1 0.5015625 0.47734375 0.0296875 0.04140625
1 0.54140625 0.4921875 0.0265625 0.04296875
1 0.58125 0.5078125 0.02578125 0.04296875
1 0.5109375 0.5265625 0.02578125 0.03984375
1 0.55078125 0.540625 0.02421875 0.03984375
1 0.58984375 0.55703125 0.025 0.040625