1 0.8201076307078925 0.5463517988958424 0.15343855172849494 0.17705855172143145
1 0.5809602141731297 0.4871677387368907 0.14381951082055267 0.22198910580511533
1 0.7718700221698308 0.37652788301659335 0.17227947994174037 0.18083831614940155
1 0.9208998702165443 0.14633692992870123 0.13948370031656906 0.12662204210278444
1 0.7713999753893938 0.12391131450493906 0.09555184389007838 0.11884425843752049
1 0.5611658543814266 0.307388469499597 0.1449440901291547 0.15334823320977709
1 0.5187533823572451 0.39427834509016013 0.08567673871722903 0.1013293762235354
1 0.6776797529695009 0.3615080290255766 0.06812552586424747 0.08822917549789597
1 0.24844323086617712 0.46538942014041834 0.12325094655564542 0.15883434137714508
1 0.15622463862545133 0.43636162985173244 0.11167694906292791 0.136577395460829
1 0.14609243533938135 0.22016371097725845 0.0921540592503423 0.10936013103285876
1 0.30606448040395867 0.1514558949126749 0.13074519780928667 0.1481696598887993
1 0.13232310352349685 0.12896579210278444 0.16537626207419392 0.21181549763774732
1 0.43958768573509277 0.07791424590846677 0.095188131037097 0.10634425843752049
1 0.5309568318158845 0.10925850434598725 0.1227963054894186 0.14320934137714506
1 0.6165533510162143 0.12397825797418434 0.12651233887551355 0.16363096878180672
1 0.36968539654301014 0.35700897966639794 0.11002352084968256 0.13339783175849823
1 0.09728652546853606 0.06987104509800934 0.09605194906292788 0.1360317584375205
1 0.15839752170761234 0.039159247637747294 0.12695495658477532 0.07155259618646846
1 0.42054818072052785 0.03345491777816565 0.09015363855894432 0.04061013103285878
1 0.47829248456059387 0.03781752476440731 0.09654003087881229 0.04551588584218221
1 0.547641878134103 0.04649560951813039 0.07971624373179384 0.05741568511654279
1 0.5889344678675463 0.05184779762989807 0.09543217194503928 0.061086322139851344
1 0.6488179332278102 0.06332350016963602 0.07663670783841639 0.05886905771188107
1 0.7135109190420453 0.09764642566753197 0.13907452335696496 0.11255954210278447
0 0.9469251611244864 0.1926042947194912 0.101603267088759 0.16588294954451305
0 0.9233763493668619 0.27624268473802466 0.1429724131695508 0.13923116950744613
0 0.9126912504622183 0.34781758437520494 0.1604326978092864 0.14920637023308556
0 0.9164634566512824 0.4331920891845284 0.1474325926364372 0.13158236061443876
0 0.806856439100305 0.2760839389143759 0.18337009263643722 0.1328373257680484
0 0.8185501085380619 0.196723821128361 0.1739041644231918 0.12938494355406327
0 0.6975723673135504 0.269139479751216 0.14777958511458972 0.19715279691210788
0 0.6722972341648824 0.197090864960426 0.18310933135366608 0.23116569836338674
0 0.7221164115867049 0.500699503797833 0.12176265439406198 0.21497521397248337
0 0.49614729348173175 0.5530258625133553 0.13567204169936495 0.2638492235911302
0 0.3980962383880245 0.5363070992665113 0.18289873119538153 0.17028276206571746
0 0.32746783815059766 0.6253398282151191 0.15996133636823098 0.1866518065307547
0 0.44060565030393384 0.3923314099736174 0.11671144154108042 0.20231152286549073
0 0.5330528777383916 0.19848469545297984 0.18948370031656908 0.12836808057737184
0 0.372069913631769 0.1944271341129017 0.12579693652651552 0.24633434137714505
0 0.3343007921615835 0.067981196001134 0.18139841567683304 0.11872026206571758
0 0.22110445869634635 0.1148611412844778 0.12015469028743926 0.21335815027015248
0 0.27820155634734844 0.03395837086605777 0.18422188730530314 0.05482145317271013
0 0.16935878760923698 0.334372543916883 0.20500105172849495 0.17885915389834955
0 0.2969238464638678 0.38496779935917863 0.17373433135366606 0.23083831614940156
0 0.25781954552679576 0.2506547975450801 0.20137594655564542 0.16156252649368782
0 0.6062066035900038 0.6139584172300114 0.20817151583511767 0.18053078130301117
0 0.722184607746639 0.49835575379783315 0.11739340314042082 0.22574902286549087
1 0.4342145609662019 0.23569946405730136 0.1293645542357773 0.15436509618646843