1 0.83359375 0.46484375 0.12578125 0.1546875
1 0.58828125 0.45234375 0.1078125 0.20234375
1 0.7546875 0.30703125 0.1453125 0.1546875
1 0.85859375 0.05234375 0.12109375 0.1046875
1 0.7078125 0.05859375 0.0765625 0.1046875
1 0.53515625 0.27890625 0.12109375 0.13046875
1 0.51015625 0.37265625 0.0703125 0.0890625
1 0.659375 0.31015625 0.05390625 0.078125
1 0.2578125 0.49375 0.09765625 0.14140625
1 0.16171875 0.4828125 0.08984375 0.11953125
1 0.11171875 0.27265625 0.075 0.09609375
1 0.25625 0.175 0.1078125 0.12890625
1 0.08203125 0.1859375 0.13203125 0.1875
1 0.3734375 0.07734375 0.078125 0.09140625
1 0.46953125 0.090625 0.1 0.12421875
1 0.55546875 0.08828125 0.1 0.14609375
1 0.35703125 0.3640625 0.08828125 0.11796875
1 0.03515625 0.12421875 0.0703125 0.14375
1 0.0859375 0.06015625 0.1078125 0.11953125
1 0.3453125 0.025 0.08203125 0.05
1 0.40390625 0.02265625 0.0890625 0.0453125
1 0.47421875 0.02421875 0.071875 0.04765625
1 0.515625 0.02265625 0.0875 0.0453125
1 0.5765625 0.02265625 0.06875 0.0453125
1 0.64609375 0.04453125 0.12421875 0.0890625
1 0.0234375 0.0328125 0.046875 0.065625
0 0.921875 0.08828125 0.1359375 0.14375
0 0.90078125 0.17734375 0.15546875 0.1109375
0 0.90703125 0.24921875 0.178125 0.11796875
0 0.92109375 0.3328125 0.1578125 0.103125
0 0.77109375 0.2015625 0.16640625 0.10234375
0 0.7671875 0.121875 0.15703125 0.1
0 0.6625 0.215625 0.115625 0.1765625
0 0.62421875 0.15 0.146875 0.2046875
0 0.72890625 0.43828125 0.08515625 0.20078125
0 0.5171875 0.5328125 0.08984375 0.2484375
0 0.41796875 0.53515625 0.15859375 0.14140625
0 0.36484375 0.6359375 0.13046875 0.16328125
0 0.4328125 0.3859375 0.08203125 0.1875
0 0.4875 0.17734375 0.1734375 0.09609375
0 0.32890625 0.2046875 0.08359375 0.23125
0 0.2671875 0.07734375 0.16328125 0.1109375
0 0.16640625 0.1546875 0.08359375 0.1984375
0 0.20390625 0.03828125 0.1734375 0.0765625
0 0.15625 0.38046875 0.1796875 0.14609375
0 0.290625 0.40546875 0.1359375 0.20703125
0 0.22734375 0.28125 0.178125 0.12890625
0 0.63671875 0.571875 0.1828125 0.14609375
0 0.72890625 0.4359375 0.078125 0.21171875
1 0.39765625 0.2328125 0.1046875 0.13515625