1 0.30703125 0.6703125 0.046875 0.0296875
1 0.325 0.6234375 0.04375 0.0296875
1 0.3453125 0.5765625 0.0453125 0.0296875
1 0.3625 0.53046875 0.0453125 0.03125
1 0.38125 0.48671875 0.04375 0.025
1 0.39921875 0.44140625 0.046875 0.0296875
1 0.41953125 0.39609375 0.040625 0.028125
1 0.37109375 0.65703125 0.0390625 0.025
1 0.4171875 0.6921875 0.040625 0.03125
1 0.46953125 0.67890625 0.040625 0.025
1 0.38828125 0.61171875 0.0390625 0.0296875
1 0.4046875 0.565625 0.040625 0.025
1 0.41953125 0.521875 0.0453125 0.028125
1 0.4390625 0.478125 0.04375 0.028125
1 0.4546875 0.43359375 0.04375 0.028125
1 0.47421875 0.39140625 0.0390625 0.025
1 0.4296875 0.6453125 0.04375 0.028125
1 0.4828125 0.63359375 0.04375 0.028125
1 0.44609375 0.6015625 0.0453125 0.03125
1 0.4625 0.55625 0.0421875 0.03125
1 0.49921875 0.5890625 0.0421875 0.028125
1 0.5140625 0.54609375 0.04375 0.0328125
1 0.478125 0.51171875 0.04375 0.03125
1 0.49453125 0.46875 0.046875 0.028125
1 0.5109375 0.42578125 0.046875 0.028125
1 0.53125 0.5015625 0.04375 0.028125
1 0.54609375 0.45859375 0.04375 0.025
1 0.56328125 0.4171875 0.04375 0.0265625