1 0.4051836881639933 0.299117485751042 0.0386273953265972 0.04931032218833335
1 0.44486443721406277 0.32658917553055594 0.03702852773541672 0.04771145459715278
1 0.4830008700597225 0.3548057477188893 0.03702852773541672 0.04771145459715278
1 0.5218821853142017 0.3814780037028129 0.04018989532659738 0.04934668977951393
1 0.5592010005686809 0.408113892095556 0.033867160144236054 0.046076219414791765
1 0.5965198158231602 0.4347497804882991 0.03706489532659738 0.04927395459715278
1 0.6346744324644101 0.46374760267663245 0.03695579255305557 0.04458645459715278
1 0.40503952422003503 0.3600186181598614 0.030633057370694418 0.04131598423243066
1 0.363633927430417 0.39263044319798646 0.03691942496187508 0.04302395459715278
1 0.3663601903481948 0.44266681078916703 0.03379442496187508 0.04295121941479181
1 0.4431214056789239 0.3858914403481948 0.03535692496187508 0.04298758700597229
1 0.48274760334222255 0.4110193801277088 0.033830792553055565 0.044513719414791764
1 0.5199936834143406 0.43453026852045185 0.03702852773541672 0.04771145459715278
1 0.5557863662600004 0.46269228932201434 0.033867160144236054 0.04607621941479181
1 0.5930506301277088 0.4869844277147575 0.035429660144236055 0.046112587005972115
1 0.6280438791777782 0.5143470147207296 0.03219555737069442 0.04135235182361115
1 0.4047680737069448 0.41545100056868095 0.03699216014423623 0.046148954597152826
1 0.4051687704203129 0.46621406677309063 0.03546602773541672 0.0476750870059723
1 0.44205052137024337 0.44052438896142404 0.038591027735416714 0.04774782218833344
1 0.4801324028291324 0.4663972111497573 0.03699216014423605 0.04614895459715278
1 0.4432324680836115 0.491305638961424 0.033830792553055565 0.04451371941479163
1 0.4796972981557296 0.5147983435585768 0.040153527735416715 0.04778418977951393
1 0.5173784829012504 0.4899080995425004 0.038591027735416714 0.04774782218833344
1 0.5538614967689588 0.5141820541396532 0.03706489532659738 0.04927395459715278
1 0.5895814444322574 0.5392190749412158 0.0355023953265972 0.04923758700597229
1 0.5169797458190283 0.5398717319513199 0.035429660144236055 0.046112587005972296
1 0.5534445758911464 0.5633644365484727 0.033830792553055745 0.044513719414791805
1 0.5884014573500351 0.5891645235544449 0.033867160144236054 0.04607621941479163