1 0.38957060917003977 0.3200435443712749 0.035193206168510204 0.048877115756780755
1 0.43060471225429486 0.34584718117474295 0.03360343262955982 0.047223610495108835
1 0.4700899521080252 0.3723410627165392 0.035165932629559825 0.047314615756780753
1 0.5103428051922803 0.3980991968891713 0.036755706168510115 0.04896812101845249
1 0.5490331582765353 0.42376632580013157 0.030478432629559828 0.04704159997176518
1 0.5885047613607904 0.4494789573419279 0.03519320616851011 0.048877115756780755
1 0.6280036379839959 0.47675408888372406 0.033548885551659066 0.04409861049510884
1 0.3929780271891031 0.3811175522637827 0.02880683847375849 0.04070059471009326
1 0.35455645535443603 0.41556117072198645 0.03352161201270878 0.04253611049510884
1 0.3601167086008469 0.4658341865070019 0.03039661201270878 0.04235409997176518
1 0.43242235673440776 0.4052676838055788 0.03352161201270896 0.04253611049510884
1 0.47342918627971253 0.4295088206090469 0.03042388555165907 0.04391659997176518
1 0.512064992286067 0.45205094952000724 0.03360343262955982 0.047223610495108835
1 0.5492064821397973 0.4784083231692957 0.032013659090609534 0.04557010523343692
1 0.5886371749156268 0.501777204711092 0.033576159090609535 0.045661110495108834
1 0.6242161647693572 0.5280435730987085 0.02883411201270878 0.04226309471009344
1 0.3962763510523649 0.4359415601562904 0.033576159090609535 0.045661110495108834
1 0.39952012783772617 0.48764056804879824 0.03204093262955983 0.04713260523343692
1 0.43493943059766965 0.46004618906725075 0.035165932629559825 0.047314615756780753
1 0.47439739691244964 0.4849775706090469 0.035138659090609536 0.04575211575678075
1 0.4397320706135558 0.5110549522214303 0.03198638555165907 0.04400760523343692
1 0.4768053766199102 0.5335060758707189 0.036728432629559826 0.04740562101845249
1 0.513814452918804 0.5075652021508432 0.036728432629559826 0.04740562101845249
1 0.5508877589251584 0.5300163258001316 0.03363070616851012 0.048786110495108656
1 0.5879883384704632 0.5540299494494201 0.03363070616851012 0.048786110495108656
1 0.5162497061652149 0.557656207412515 0.032013659090609534 0.04557010523343692
1 0.5533230121715693 0.5801073310618035 0.030451159090609536 0.04547909997176518
1 0.5896423417168741 0.604075452080256 0.032013659090609534 0.04557010523343692