1 0.71640625 0.36640625 0.090625 0.1203125
1 0.603125 0.50625 0.046875 0.06171875
1 0.5421875 0.58125 0.0515625 0.065625
1 0.8953125 0.49453125 0.0515625 0.0671875
1 0.89609375 0.3109375 0.0875 0.11875
1 0.69375 0.0875 0.0671875 0.10546875
1 0.7328125 0.27734375 0.08671875 0.11875
1 0.90859375 0.4140625 0.0875 0.125
1 0.58125 0.65390625 0.08671875 0.1171875
1 0.7515625 0.184375 0.08984375 0.1203125
1 0.86015625 0.73515625 0.084375 0.10390625
1 0.46484375 0.38359375 0.09375 0.12734375
1 0.63125 0.3359375 0.0796875 0.11328125
1 0.8703125 0.0390625 0.08671875 0.07734375
1 0.95625 0.12421875 0.08671875 0.12578125
1 0.4859375 0.06015625 0.096875 0.1203125
1 0.496875 0.253125 0.046875 0.06015625
1 0.8140625 0.4109375 0.08203125 0.115625
1 0.61015625 0.125 0.08671875 0.13046875
1 0.7875 0.73515625 0.078125 0.1203125
1 0.5140625 0.5015625 0.0859375 0.11875
1 0.934375 0.1953125 0.0484375 0.06875
1 0.59765625 0.45 0.0484375 0.0671875
0 0.67890625 0.47890625 0.09375 0.12578125
0 0.76640625 0.51875 0.115625 0.10859375
1 0.74140625 0.11875 0.05 0.0671875
1 0.58359375 0.35390625 0.05 0.06484375
1 0.8484375 0.4421875 0.05 0.065625
1 0.97734375 0.378125 0.0453125 0.12890625
1 0.8265625 0.625 0.0953125 0.121875
1 0.5328125 0.1546875 0.0484375 0.0671875
1 0.6921875 0.61640625 0.05390625 0.0734375
1 0.76875 0.6359375 0.053125 0.06875
1 0.4359375 0.22109375 0.053125 0.0765625
1 0.67421875 0.70625 0.07734375 0.10703125
1 0.65390625 0.03046875 0.0421875 0.05546875
1 0.5359375 0.37265625 0.040625 0.05546875
1 0.6734375 0.22265625 0.04609375 0.0671875
0 0.5890625 0.23984375 0.10625 0.07734375
0 0.57109375 0.0546875 0.0640625 0.109375
0 0.753125 0.021875 0.09765625 0.04375
0 0.83984375 0.13984375 0.1078125 0.0984375
0 0.8390625 0.284375 0.0734375 0.1609375
0 0.98359375 0.28984375 0.0328125 0.090625
0 0.959375 0.54140625 0.0640625 0.165625
0 0.8875 0.68203125 0.1 0.11328125
1 0.68046875 0.784375 0.0625 0.065625