1 0.7057843523202523 0.36734056250477765 0.12041745776545092 0.14248987884037315
1 0.6306918890107809 0.5218012783744979 0.061816731513561506 0.07211719468185844
1 0.5903391757718968 0.6043183757860142 0.06686825256024882 0.07864021046687383
1 0.9111536627588915 0.47117673599877435 0.06852175782192056 0.08029371572854575
1 0.8670488050357928 0.2887513728728296 0.11554794724210708 0.13909186305535765
1 0.6150859446818584 0.09344105994452892 0.09267188936371688 0.12063028939195171
1 0.6997247971432852 0.2766700598739417 0.11554794724210708 0.13909186305535756
1 0.9040321365211195 0.38900897810626656 0.11747446828879475 0.1454328683170294
1 0.6464141415004425 0.6714295520520212 0.11545694198043535 0.13752936305535748
1 0.6950002288121382 0.18218431250477768 0.11885495776545092 0.14239887357870126
1 0.937023730948864 0.7148280254613132 0.11004139988706071 0.12475634727034209
1 0.4658110706796341 0.4179874916839692 0.12390647881213823 0.1489218893637169
1 0.6159483075960417 0.3488720125894823 0.10737142619541977 0.13238683674699833
1 0.7756370368317029 0.05607610978923714 0.10127407366340595 0.027699336746998336
1 0.8783216920510224 0.10799419653623547 0.11601838410204479 0.12043286831702944
1 0.4064844894060691 0.09452760488050113 0.1266674577654509 0.14285389988706054
1 0.46506137080669097 0.2848032653614926 0.061816731513561506 0.07211719468185844
1 0.8119279365070019 0.3984379150367915 0.11067843671876361 0.1356938472703421
1 0.5431801235787013 0.14219780738428017 0.11783848933548206 0.15168286831702943
1 0.8667035256730747 0.7239685360552441 0.10773544724210708 0.13863683674699842
1 0.5431386811041558 0.5291594810900383 0.11398544724210709 0.13900085779368573
1 0.8748396472562245 0.16852217285871215 0.06539675782192092 0.0801117052052021
1 0.6111004548522663 0.4661582231269434 0.06530575256024881 0.0785492052052021
0 0.697811499576477 0.4844447625188951 0.12381547355046649 0.1473593893637169
0 0.7920543232398829 0.5117345755883701 0.14183743145709152 0.13595145250377919
1 0.6687037683452643 0.11836473621053585 0.06686825256024882 0.07864021046687397
1 0.573745397044463 0.3728863652626705 0.0652147472985769 0.0769867052052021
1 0.8531822680629155 0.42497729920942373 0.06521474729857672 0.0769867052052021
1 0.9619073722632834 0.34412068331146867 0.07618525547343324 0.13994173151356132
1 0.877156636309358 0.6093445939336345 0.12519596302712302 0.14432539462538863
1 0.475415770905513 0.18185257060904694 0.06530575256024881 0.0785492052052021
1 0.7445639441877482 0.6187511440606913 0.07201077886860788 0.08672572625188942
1 0.8237432099727637 0.6280344097751197 0.0701752630835923 0.08194722099021767
1 0.397472052404957 0.26062304174043893 0.0721927893919517 0.0898507262518895
1 0.7491520046263873 0.7108931414298555 0.10388240514873229 0.1259548262236546
1 0.562901818401734 0.05302889157102973 0.053928636803468065 0.04362817363517102
1 0.5323692391237205 0.39772747056669466 0.05364021046687402 0.06541216837349921
1 0.6285176550781453 0.2304783283603804 0.06218075256024882 0.07836719468185842
0 0.5507412655732541 0.2586495600151161 0.12439232622365459 0.10379139988706054
0 0.4875601841585147 0.08289913111827321 0.0907453683170294 0.11428928413027983
0 0.6573952710466874 0.04451771253301253 0.10541554209337481 0.01859735253201389
0 0.7695760236069361 0.1257970755883701 0.13182539462538861 0.12446792093374795
0 0.8044200024190744 0.26953166503679155 0.11313557878390341 0.177881347270342
0 0.9461146787556686 0.25598364647976574 0.055551320961982495 0.09822466837349912
0 0.9661163656156063 0.5087747175123357 0.0677672687687874 0.18018729991529536
0 0.9430649089538118 0.6579710807088677 0.11387018209237638 0.13669490514873228
1 0.7746140071866361 0.7871217124624253 0.07789675782192056 0.08083974729857672