1 0.3515625 0.740625 0.1265625 0.096875
1 0.49921875 0.621875 0.065625 0.05
1 0.578125 0.55703125 0.06875 0.0546875
1 0.48671875 0.9296875 0.071875 0.0546875
1 0.2921875 0.93046875 0.125 0.09375
1 0.05625 0.7171875 0.1125 0.071875
1 0.25703125 0.75859375 0.125 0.0921875
1 0.4015625 0.94375 0.13125 0.09375
1 0.6546875 0.5984375 0.125 0.090625
1 0.159375 0.778125 0.1265625 0.0953125
1 0.740625 0.8921875 0.109375 0.0890625
1 0.36953125 0.475 0.134375 0.1
1 0.31875 0.65078125 0.11875 0.084375
1 0.0234375 0.90234375 0.046875 0.0921875
1 0.09453125 0.97421875 0.1328125 0.0515625
1 0.0453125 0.496875 0.090625 0.103125
1 0.23125 0.50859375 0.0625 0.05
1 0.3984375 0.84375 0.121875 0.0875
1 0.09609375 0.62890625 0.1375 0.0921875
1 0.740625 0.815625 0.1265625 0.0828125
1 0.49375 0.52734375 0.125 0.090625
1 0.1703125 0.97109375 0.071875 0.0515625
1 0.43984375 0.615625 0.071875 0.0515625
0 0.46953125 0.7015625 0.1328125 0.1
0 0.5125 0.79375 0.115625 0.121875
1 0.08984375 0.7671875 0.071875 0.053125
1 0.33828125 0.60078125 0.06875 0.053125
1 0.43125 0.8796875 0.06875 0.053125
1 0.62421875 0.85703125 0.128125 0.1015625
1 0.12734375 0.546875 0.071875 0.0515625
1 0.615625 0.71484375 0.078125 0.05625
1 0.63515625 0.79609375 0.071875 0.05625
1 0.1984375 0.44453125 0.08125 0.05625
1 0.709375 0.69609375 0.1125 0.08125
1 0.01328125 0.675 0.0265625 0.04375
1 0.3578125 0.55078125 0.059375 0.04375
1 0.2 0.69609375 0.071875 0.0484375
0 0.2171875 0.60703125 0.08125 0.1125
0 0.040625 0.5875 0.08125 0.06875
0 0.00546875 0.7796875 0.0109375 0.103125
0 0.1125 0.87109375 0.103125 0.1125
0 0.26484375 0.8703125 0.1703125 0.078125
0 0.53515625 0.98125 0.175 0.0375
0 0.684375 0.92109375 0.11875 0.10625
1 0.7921875 0.703125 0.06875 0.065625