1 0.725 0.36484375 0.1 0.13125
1 0.60078125 0.51875 0.0515625 0.06875
1 0.53359375 0.60078125 0.05625 0.071875
1 0.92109375 0.50546875 0.05625 0.075
1 0.921875 0.303125 0.096875 0.13125
1 0.69921875 0.05703125 0.0734375 0.1140625
1 0.74296875 0.26640625 0.0953125 0.13125
1 0.9359375 0.4171875 0.096875 0.1375
1 0.5765625 0.68046875 0.0953125 0.128125
1 0.7640625 0.16484375 0.0984375 0.13125
1 0.8828125 0.7703125 0.0921875 0.115625
1 0.4484375 0.3828125 0.103125 0.140625
1 0.63125 0.33046875 0.0875 0.125
1 0.89296875 0.0234375 0.0953125 0.046875
1 0.9703125 0.096875 0.059375 0.1390625
1 0.471875 0.046875 0.10625 0.09375
1 0.48359375 0.23984375 0.0515625 0.065625
1 0.83203125 0.4140625 0.090625 0.128125
1 0.60859375 0.0984375 0.0953125 0.14375
1 0.803125 0.7703125 0.0859375 0.13125
1 0.50234375 0.51328125 0.09375 0.13125
1 0.96484375 0.17578125 0.053125 0.075
1 0.59453125 0.45625 0.053125 0.075
0 0.684375 0.48828125 0.103125 0.1390625
0 0.7796875 0.53203125 0.1265625 0.11875
1 0.75234375 0.0921875 0.0546875 0.075
1 0.57890625 0.35078125 0.0546875 0.071875
1 0.86953125 0.44765625 0.0546875 0.071875
1 0.99375 0.37734375 0.0125 0.1421875
1 0.84609375 0.6484375 0.10625 0.134375
1 0.5234375 0.13125 0.053125 0.075
1 0.69765625 0.63984375 0.059375 0.08125
1 0.78203125 0.66015625 0.0578125 0.075
1 0.4171875 0.2046875 0.0578125 0.084375
1 0.67890625 0.73828125 0.084375 0.11875
1 0.65625 0.01328125 0.046875 0.025
1 0.5265625 0.37109375 0.0453125 0.0609375
1 0.678125 0.20625 0.05 0.075
0 0.58515625 0.225 0.1171875 0.084375
0 0.565625 0.04140625 0.071875 0.08125
0 0.76484375 0.0046875 0.10625 0.009375
0 0.86015625 0.115625 0.11875 0.1078125
0 0.86015625 0.27421875 0.08125 0.178125
0 0.978125 0.55546875 0.04375 0.18125
0 0.9125 0.7109375 0.109375 0.125
1 0.6859375 0.82421875 0.06875 0.071875