1 0.4671875 0.83359375 0.171875 0.1390625
1 0.453125 0.56328125 0.225 0.11875
1 0.2921875 0.74765625 0.171875 0.1609375
1 0.03359375 0.86015625 0.0671875 0.1328125
1 0.0375 0.69375 0.075 0.084375
1 0.2609375 0.5046875 0.1453125 0.134375
1 0.36484375 0.4765625 0.1 0.078125
1 0.29609375 0.64140625 0.0875 0.059375
1 0.4984375 0.1984375 0.15625 0.109375
1 0.48671875 0.0921875 0.1328125 0.1
1 0.25390625 0.0390625 0.10625 0.078125
1 0.14609375 0.196875 0.1421875 0.11875
1 0.15703125 0.03828125 0.2078125 0.075
1 0.04375 0.325 0.0875 0.0875
1 0.06015625 0.43125 0.1203125 0.109375
1 0.06484375 0.52578125 0.1296875 0.1109375
1 0.3546875 0.3078125 0.13125 0.096875
1 0.0421875 0.03359375 0.084375 0.065625
1 0.025 0.6265625 0.05 0.1375
0 0.0640625 0.92734375 0.128125 0.1453125
0 0.1484375 0.90859375 0.1234375 0.171875
0 0.22734375 0.9078125 0.13125 0.184375
0 0.31953125 0.921875 0.1140625 0.15625
0 0.175 0.765625 0.1125 0.184375
0 0.08671875 0.7609375 0.1109375 0.1734375
0 0.190625 0.6453125 0.1953125 0.128125
0 0.11796875 0.603125 0.228125 0.1625
0 0.4375 0.71875 0.221875 0.09375
0 0.5421875 0.484375 0.275 0.1
0 0.54453125 0.37578125 0.15625 0.175
0 0.65703125 0.31640625 0.18125 0.14375
0 0.37890625 0.39140625 0.2078125 0.090625
0 0.1484375 0.45234375 0.10625 0.190625
0 0.17890625 0.27734375 0.25625 0.0921875
0 0.04921875 0.20703125 0.0984375 0.1796875
0 0.1234375 0.09765625 0.21875 0.0921875
0 0.01796875 0.1390625 0.0359375 0.190625
0 0.3734375 0.0921875 0.1625 0.184375
0 0.40078125 0.234375 0.2296875 0.15
0 0.26328125 0.1640625 0.1421875 0.196875
0 0.5859375 0.61640625 0.1625 0.203125
0 0.43515625 0.71875 0.234375 0.0875
1 0.21015625 0.353125 0.15 0.115625