1 0.8149149102300954 0.36684727223633773 0.15885789129415606 0.18427937476889084
1 0.5724774253554061 0.41686295876285334 0.15129083098930565 0.22623955423577743
1 0.7032057714700224 0.23418318791317078 0.17762607201231528 0.18794994404836293
1 0.7475198946138057 0.013594520916189536 0.14246021077238852 0.027189041832379073
1 0.6021028554843901 0.033359103127785436 0.09891928903121965 0.06671820625557087
1 0.4827660064429077 0.2624686269469688 0.1477749455488823 0.158961126022532
1 0.4790774041799713 0.35943455516021416 0.08966246369925486 0.10571645407749282
1 0.6108773709042883 0.261084320203909 0.07082156010845857 0.08954588479802066
1 0.25930928396305414 0.5407995300873896 0.12748971662612102 0.1630575926364372
1 0.16315190144949684 0.5545330726446844 0.11485336123992673 0.13925637978345584
1 0.06818535597536945 0.36357911520197933 0.09595791549465287 0.1137108105039836
1 0.1876762202403583 0.2327800930986556 0.13524767447164326 0.1539099131695506
1 0.05259775917338218 0.2859542203748288 0.10519551834676436 0.21559155925034235
1 0.28057276824856847 0.10822271080791741 0.097493144417414 0.10906877461060623
1 0.3774977652235064 0.09681018619731116 0.12583631303532475 0.1473871285298145
1 0.46121423507108117 0.07899168345891949 0.13065107806243947 0.15798336691783899
1 0.3281416180756179 0.39038434144930295 0.11328177088084708 0.1376484156768331
1 0.03097728922761147 0.16315321786754639 0.06195457845522294 0.14244356426490726
1 0.24176934348233758 0.06482806347348442 0.09101588544042354 0.06982441818411549
1 0.2988914970731337 0.04754362358175657 0.09724770472226432 0.06688127461060622
1 0.36772331030485034 0.03195638483127415 0.08161361436318462 0.0639127696625483
1 0.4068494428184076 0.026021627738391673 0.09567611436318475 0.052043255476783346
1 0.46626989461380575 0.017208917392692685 0.0768352107723885 0.03441783478538537
1 0.5388306958434697 0.03302413400659783 0.1410886083130606 0.06604826801319566
0 0.8177096747662309 0.0338244528903586 0.1645806504675381 0.0676489057807172
0 0.8174142380961433 0.07297788110360395 0.17739881303532493 0.1459557622072079
0 0.8388892622966402 0.13962554269030888 0.20089994554888202 0.16050690564770323
0 0.8712472443426591 0.2167957964512326 0.17735336123992687 0.14107494404836302
0 0.6960114158874363 0.12816050844628424 0.18673745159900648 0.14291022868809905
0 0.6745863886618774 0.06020274795493595 0.17577268052176756 0.1204054959098719
0 0.5934449520899857 0.16941965743006981 0.1542794756031114 0.20289298244902274
0 0.5414239098373121 0.11731539172630093 0.19041696350286302 0.23463078345260185
0 0.7071160457687149 0.3676405455933028 0.12937037919390768 0.21779055674305986
0 0.5211462086310892 0.5128717922280905 0.1452771803253757 0.26668269780928655
0 0.4249115580653552 0.5398865847853853 0.18694652985783758 0.17884772868809903
0 0.3953644377502421 0.650883920757905 0.16516243344863374 0.19383623119538154
0 0.40624389217791884 0.3920173861181689 0.12304765632127061 0.20510870031656908
0 0.414529611730906 0.17618779763836684 0.19139768052176756 0.1383591210079671
0 0.2657284973677213 0.2430068877675215 0.13423059601642034 0.2476144490629279
0 0.17730686768283438 0.13544209184501435 0.18522040339440443 0.15067726458147637
0 0.0962699702403583 0.23543974333608242 0.127798788834828 0.21618259263643722
0 0.10713526824856848 0.113269226643035 0.1866010962128121 0.11947272868809904
0 0.13559959407151276 0.45691392656389274 0.20887607201231528 0.18885922618081655
0 0.27235470550783125 0.44668581723440814 0.181041963502863 0.23804087226160836
0 0.18312909992524523 0.3430500033652123 0.20408857806243946 0.17153533386094857
0 0.646082576117532 0.520172163698276 0.21200107201231527 0.188950154394062
0 0.7063484313073344 0.3653195276466141 0.12473742134838535 0.2270291644231918
1 0.3383165696746242 0.2526115568095669 0.13371244554888212 0.1585519490629279