1 0.8453125 0.46015625 0.065625 0.0375
1 0.79296875 0.5015625 0.06875 0.034375
1 0.7390625 0.5421875 0.071875 0.0390625
1 0.68671875 0.58359375 0.075 0.040625
1 0.63515625 0.6234375 0.071875 0.0375
1 0.57890625 0.6640625 0.071875 0.0359375
1 0.52734375 0.70390625 0.071875 0.040625
1 0.46015625 0.67578125 0.075 0.0375
1 0.3890625 0.64375 0.0765625 0.040625
1 0.5125 0.63359375 0.075 0.040625
1 0.440625 0.60390625 0.06875 0.0390625
1 0.56640625 0.59375 0.075 0.0375
1 0.49296875 0.5640625 0.075 0.0375
1 0.61953125 0.55390625 0.071875 0.0359375
1 0.6703125 0.51328125 0.071875 0.034375
1 0.72578125 0.47265625 0.078125 0.0375
1 0.77578125 0.43203125 0.065625 0.0359375
1 0.5453125 0.525 0.0703125 0.0375
1 0.596875 0.4828125 0.065625 0.034375
1 0.65390625 0.44296875 0.065625 0.034375
1 0.70703125 0.40234375 0.06875 0.034375
1 0.52734375 0.45390625 0.06875 0.0359375
1 0.58046875 0.41328125 0.0625 0.034375
1 0.6359375 0.371875 0.0703125 0.0375