1 0.4234375 0.178125 0.0375 0.06875
1 0.46484375 0.23203125 0.0359375 0.06875
1 0.50625 0.2859375 0.040625 0.0734375
1 0.5484375 0.3390625 0.040625 0.0765625
1 0.5890625 0.3921875 0.0375 0.0734375
1 0.63046875 0.44921875 0.0375 0.0734375
1 0.67109375 0.5015625 0.040625 0.071875
1 0.6421875 0.5703125 0.0390625 0.075
1 0.61015625 0.6421875 0.040625 0.078125
1 0.59921875 0.51640625 0.040625 0.078125
1 0.56953125 0.58984375 0.040625 0.0703125
1 0.55859375 0.4625 0.0375 0.075
1 0.52890625 0.53671875 0.0375 0.0765625
1 0.51796875 0.4078125 0.0359375 0.0734375
1 0.47734375 0.35625 0.0359375 0.075
1 0.4359375 0.29921875 0.0375 0.08125
1 0.39453125 0.24921875 0.0359375 0.0671875
1 0.4890625 0.48359375 0.0375 0.071875
1 0.44609375 0.43046875 0.034375 0.0671875
1 0.40625 0.3734375 0.034375 0.0671875
1 0.3640625 0.31875 0.034375 0.0703125
1 0.41640625 0.5015625 0.0375 0.06875
1 0.37578125 0.44765625 0.034375 0.0640625
1 0.3328125 0.39140625 0.0375 0.071875