1 0.5428481988649095 0.19864797311760463 0.035465941558013546 0.06330008700597226
1 0.5029129456184986 0.24773878333809068 0.0355204886359143 0.0664250870059723
1 0.4637453056026127 0.2976290273541671 0.03870003571381488 0.06962282218833335
1 0.4238236891256769 0.3459385875746531 0.03875458279171564 0.07274782218833335
1 0.3846833226487412 0.39426633159072955 0.03713753571381488 0.06958645459715278
1 0.34547477232442964 0.44650032560680586 0.03557503571381497 0.06955008700597229
1 0.30633440584749394 0.4948280696228823 0.03870003571381497 0.06962282218833345
1 0.33257357752000516 0.558745752468542 0.03716480925276526 0.07114895459715279
1 0.3610883153451405 0.6266242367009726 0.04031708279171564 0.07278418977951376
1 0.373290080766416 0.5096731260436462 0.03875458279171564 0.07274782218833345
1 0.4002286818220762 0.5782964926848961 0.038645488635914306 0.06649782218833344
1 0.4116628340128269 0.46054594823197953 0.03560230925276535 0.0711125870059723
1 0.43858779829901196 0.5299505648732296 0.035629582791715644 0.07267508700597229
1 0.450830474028713 0.41065570421590314 0.03557503571381489 0.06955008700597229
1 0.4899435669666984 0.36389046019982685 0.03557503571381489 0.06955008700597229
1 0.5291521172910099 0.3116564661837504 0.0356841298696164 0.0758000870059723
1 0.5682515734595202 0.2656724721676741 0.035465941558013546 0.0633000870059723
1 0.47694691477594764 0.48160463706156287 0.037082988635914305 0.06646145459715277
1 0.5176497812528834 0.43331326063666714 0.03234094155801355 0.06322735182361114
1 0.5560770815771949 0.38106108282500045 0.033903441558013545 0.06326371941479172
1 0.596025971593081 0.3311890226045144 0.0339579886359143 0.06638871941479171
1 0.543834405847494 0.5003559434823268 0.0355204886359143 0.06642508700597212
1 0.58300204586338 0.4504656994662505 0.03384889448011297 0.06013871941479163
1 0.6237594594182163 0.39904932304135465 0.0355204886359143 0.0664250870059723