1 0.10703125 0.509375 0.05234375 0.053125
1 0.1390625 0.57265625 0.05234375 0.0515625
1 0.171875 0.6328125 0.0546875 0.046875
1 0.20546875 0.69375 0.05390625 0.04921875
1 0.16640625 0.48828125 0.05546875 0.059375
1 0.2375 0.75546875 0.0578125 0.0515625
1 0.196875 0.54765625 0.05234375 0.053125
1 0.23125 0.61015625 0.0609375 0.05390625
1 0.26484375 0.6671875 0.05703125 0.0484375
1 0.29765625 0.7328125 0.05859375 0.05546875
1 0.25 0.45078125 0.05078125 0.0609375
1 0.28203125 0.51328125 0.05859375 0.0484375
1 0.315625 0.571875 0.0578125 0.05
1 0.35078125 0.63203125 0.05546875 0.0546875
1 0.38671875 0.69765625 0.06015625 0.05390625
1 0.309375 0.42421875 0.0578125 0.059375
1 0.34140625 0.4859375 0.0609375 0.0546875
1 0.3765625 0.54609375 0.0546875 0.05
1 0.409375 0.60625 0.065625 0.0546875
1 0.44453125 0.66796875 0.059375 0.05703125