1 0.11567696184725777 0.4965579213478629 0.05564207386326188 0.055323846674090585
1 0.1464963137136969 0.5617471166852265 0.05561480032431154 0.053761346674090583
1 0.17802873173276015 0.6230391526893626 0.0570954797074605 0.04909202800763594
1 0.21115092329077373 0.6859118700270442 0.057150026785361255 0.052217028007635946
1 0.17550592937985368 0.47850790268936266 0.05887616801906326 0.061610209341181485
1 0.24192936484878733 0.7487573153644076 0.06030230032431154 0.05381589067472703
1 0.2046809606294418 0.5389914166931806 0.05564207386326192 0.055323846674090585
1 0.23783042572640573 0.6034266340308623 0.06348184740221222 0.05697725334181776
1 0.2708707966675683 0.6616118513685438 0.06024775324641087 0.05069089067472685
1 0.3025123088424329 0.72915388737268 0.0619466209411625 0.05852157200827222
1 0.25928091152294624 0.44511469470081655 0.05421594155801355 0.06311816534054522
1 0.29085423985043496 0.5087504807049528 0.06181025324641087 0.05070907200827239
1 0.32315427110002304 0.5692703573758617 0.06027502678536116 0.05225339067472703
1 0.3570304391190863 0.630589665380316 0.05879434740221221 0.05692270934118149
1 0.391796951293951 0.6981680640515431 0.06348184740221222 0.05697725334181776
1 0.31979567166921596 0.42160501670908895 0.06043866801906326 0.06162839067472685
1 0.3505741132272296 0.48445046204645237 0.06348184740221222 0.05697725334181776
1 0.3844502812462928 0.5457697700509068 0.057150026785361165 0.052217028007635946
1 0.4159963360348312 0.607843056055043 0.06816934740221221 0.057031797342454206
1 0.4506810275928448 0.6707339547262701 0.06197389448011279 0.06008407200827222