1 0.52890625 0.90859375 0.05625 0.05625
1 0.596875 0.87421875 0.05625 0.05625
1 0.6609375 0.83828125 0.05 0.059375
1 0.7265625 0.80234375 0.053125 0.0578125
1 0.50625 0.84453125 0.0640625 0.059375
1 0.79296875 0.76796875 0.05625 0.0625
1 0.56953125 0.81171875 0.0578125 0.05625
1 0.63671875 0.775 0.0578125 0.065625
1 0.6984375 0.73828125 0.053125 0.0609375
1 0.76875 0.703125 0.059375 0.0625
1 0.465625 0.75390625 0.065625 0.0546875
1 0.5328125 0.7203125 0.053125 0.0625
1 0.59609375 0.68359375 0.053125 0.0625
1 0.6609375 0.64609375 0.059375 0.059375
1 0.73125 0.60703125 0.0578125 0.0640625
1 0.4375 0.690625 0.0640625 0.0625
1 0.50390625 0.65625 0.059375 0.065625
1 0.56796875 0.61875 0.053125 0.059375
1 0.6328125 0.5828125 0.059375 0.0703125
1 0.6984375 0.5453125 0.0625 0.0640625