1 0.5015625 0.09140625 0.0578125 0.0578125
1 0.5703125 0.12578125 0.05625 0.0578125
1 0.6359375 0.16171875 0.0515625 0.059375
1 0.703125 0.19921875 0.053125 0.059375
1 0.47890625 0.15625 0.065625 0.0609375
1 0.76953125 0.23359375 0.05625 0.0625
1 0.54296875 0.1890625 0.059375 0.05625
1 0.6109375 0.2265625 0.059375 0.065625
1 0.6734375 0.2640625 0.053125 0.0625
1 0.7453125 0.3 0.059375 0.0640625
1 0.4375 0.24765625 0.065625 0.05625
1 0.50546875 0.28203125 0.053125 0.0640625
1 0.56953125 0.31953125 0.0546875 0.0625
1 0.63515625 0.35703125 0.059375 0.0609375
1 0.7078125 0.396875 0.059375 0.065625
1 0.40859375 0.3125 0.065625 0.0625
1 0.47578125 0.346875 0.059375 0.065625
1 0.54140625 0.38515625 0.0546875 0.059375
1 0.60703125 0.421875 0.059375 0.071875
1 0.67421875 0.46015625 0.0625 0.065625