1 0.1332242832019278 0.5743898977301443 0.06150298439090336 0.06266513605166182
1 0.17662210833700404 0.6326259465556454 0.06144842068857255 0.061102636051661816
1 0.22071933791858397 0.6885409774344579 0.06284722958157998 0.05646060015828454
1 0.26481656750016397 0.7444560083132702 0.06295635698624169 0.059585600158284534
1 0.1876290410064761 0.5455351235152495 0.06640873920022679 0.06905152837152997
1 0.30818711078407474 0.8019108071387713 0.06769842068857254 0.06128449247815269
1 0.22857398873689064 0.6005779761808165 0.061502984390903404 0.06266513605166182
1 0.2742882820208014 0.6581009711662517 0.07093254809323427 0.06450042069139794
1 0.31824910234655424 0.710109752045064 0.06602679328391084 0.05811402837152997
1 0.3633185548862922 0.7715162649771877 0.06942461179556503 0.06601745658477523
1 0.26244550253188875 0.49776286473976095 0.061775802902557686 0.07047763605166182
1 0.3058160458157995 0.5552176635652619 0.06758929328391083 0.058159492478152684
1 0.3498587116950486 0.6095701944440745 0.06764385698624169 0.059721992478152686
1 0.39627240942546316 0.6647721714828208 0.06624504809323425 0.06436402837152996
1 0.44365833011403566 0.7254656305748786 0.06937004809323426 0.0644549565847754
1 0.3158780373782791 0.4634166084715547 0.06797123920022674 0.06909699247815268
1 0.35924858066218984 0.5208714072970558 0.07098711179556512 0.06606292069139794
1 0.4048810283926044 0.5760506522824909 0.0645188569862416 0.05963106426490725
1 0.44895097612301893 0.6311844331613032 0.07567461179556503 0.06619931301126591
1 0.4954192375557643 0.6879489102000497 0.06947917549789598 0.0675799565847754