1 0.6392211464723194 0.6372584910693756 0.1598908990890262 0.19731402393569458
1 0.5455405791417914 0.7226491707809032 0.16986609981466555 0.214719729482778
1 0.4442384847694215 0.8023892625365281 0.16986609981466555 0.214719729482778
1 0.2501909067239384 0.4929376080918752 0.16188990870767297 0.20985039152687524
1 0.3516566922033009 0.4085100163362503 0.16646828130301117 0.20683449430041687
1 0.3528794302224013 0.26154409735829887 0.15347720798203354 0.19248105357097228
1 0.25663685808255 0.3531302256830558 0.1504067716843644 0.1939708183886113
1 0.6698213935619124 0.27595796836795194 0.16813990870767306 0.20999586189159736
1 0.4647022961094997 0.6417972546527435 0.15336808057737183 0.18935605357097227
1 0.7336532258685649 0.3736155247887159 0.15638395317271012 0.18630378875333342
1 0.4496254554501449 0.312272755602674 0.15950895317271013 0.18637652393569457
1 0.569501445831498 0.3275730601235769 0.1618353450053421 0.20828789152687505
1 0.7095832648913064 0.5255228636945493 0.15660220798203356 0.19255378875333343
1 0.3081720431142748 0.6014053779435072 0.1601637176006804 0.20512652393569458
1 0.36908720654645316 0.7154146329775004 0.16156252649368782 0.20047539152687524
1 0.4922172048171727 0.4360200333380907 0.15983633538669526 0.19575152393569456
1 0.40987344157032873 0.5326209699834725 0.1596726442797028 0.19106402393569458
1 0.5541591549098399 0.5430162221676741 0.15972720798203355 0.19262652393569457
1 0.6321973640729998 0.43536868274875057 0.16419645317271012 0.1864856267092362