1 0.6811071528705036 0.6118912800774247 0.17939533016686776 0.21000103558899424
1 0.5859418170494264 0.6932778843357685 0.19131547602842466 0.22919670456235508
1 0.48267737618539497 0.7695140735750844 0.19131547602842472 0.22919670456235508
1 0.29372890434084165 0.45073619315646746 0.18317542740790574 0.22262836958138302
1 0.3976108208946136 0.37134317041905446 0.18778104025277606 0.22125687056996624
1 0.40085092831241687 0.22402250144569372 0.1728996687014785 0.20505886760421674
1 0.30292908468942353 0.31256768969642634 0.16985655585660825 0.206494033611828
1 0.7177828007682255 0.25103735171252384 0.1895073145630354 0.2244455375661607
1 0.5055748863621602 0.6088657336511967 0.172735894391219 0.20193386760421675
1 0.7794373530067892 0.35187033984952576 0.17421650723608942 0.20043503460041112
1 0.49610919662978264 0.2788598986702246 0.17725962008095947 0.1989998685927999
1 0.6161693911118586 0.29902120695945084 0.18317542740790582 0.22262836958138302
1 0.7528825763216804 0.5024897637658023 0.1760246687014785 0.2051862015966055
1 0.3497066666653136 0.562761349278247 0.1814491530976463 0.21943970258518863
1 0.4090550904551747 0.6793466714076376 0.18120349163225705 0.21475220258518862
1 0.5371579997728574 0.404802974753948 0.17931344301173802 0.20843853558899425
1 0.45276306761525326 0.49749449353702835 0.1791496687014785 0.20531353558899426
1 0.5976594877870698 0.5135121298871443 0.17923155585660827 0.20687603558899426
1 0.6767527662812007 0.40929286209264715 0.18359150723608925 0.20081703657757738