1 0.675 0.6015625 0.1328125 0.178125
1 0.5953125 0.69921875 0.13984375 0.1953125
1 0.5078125 0.79296875 0.13984375 0.1953125
1 0.2671875 0.51484375 0.1328125 0.19140625
1 0.3546875 0.4171875 0.1375 0.1875
1 0.3328125 0.271875 0.12734375 0.17421875
1 0.2515625 0.3765625 0.1234375 0.1765625
1 0.6484375 0.23984375 0.1390625 0.19140625
1 0.50234375 0.63125 0.12734375 0.17109375
1 0.7265625 0.32734375 0.1296875 0.16875
1 0.4359375 0.3078125 0.13359375 0.1671875
1 0.55703125 0.30546875 0.1328125 0.18984375
1 0.7265625 0.48046875 0.1296875 0.17421875
1 0.34140625 0.6140625 0.13125 0.1875
1 0.41953125 0.71796875 0.1328125 0.18203125
1 0.49765625 0.42421875 0.1328125 0.1765625
1 0.43125 0.53125 0.13359375 0.17265625
1 0.57578125 0.5203125 0.1328125 0.17421875
1 0.6359375 0.403125 0.1390625 0.1671875