0 0.1041670390625 0.3815542453125 0.1869658390625 0.33521457187500003 0.258828884375 0.26490611249999996 0.33225414531249997 0.1722268234375 0.3213185078125 0.127485103125 0.2916359125 0.11470176406249999 0.2542968390625 0.11421725468749999 0.0994802703125 0.2505248765625 0.0479264015625 0.298462446875 0.054175387500000005 0.3479979109375 0.1041670390625 0.3815542453125
0 0.2025882453125 0.424698009375 0.243206478125 0.4486667953125 0.274451290625 0.4326876046875 0.31038275312499997 0.38315214062499997 0.3759969296875 0.3080499359375 0.41505294531250003 0.24413317656250003 0.4166151625 0.208978978125 0.39474376875 0.1738248078125 0.3460937140625 0.16413738125 0.2260218546875 0.3208332765625 0.19321470624999998 0.3815542453125 0.2025882453125 0.424698009375
0 0.0494886171875 0.4886147703125 0.0760466609375 0.510985659375 0.240081925 0.563716975 0.2713267375 0.542944040625 0.30257155 0.5525315281250001 0.3338163609375 0.57170656875 0.3525633203125 0.544541934375 0.3572499703125 0.510985659375 0.3213185078125 0.48382102343750005 0.0707030890625 0.38777955468749997 0.0401151984375 0.42150222031249995 0.026055009375 0.4598522390625 0.0494886171875 0.4886147703125
0 0.24164426093750002 0.5701086734375 0.2260218546875 0.5956753531250001 0.2307085046875 0.6292316890625 0.243206478125 0.6579942187500001 0.3603745234375 0.776240246875 0.386932565625 0.7858277359375 0.424426365625 0.782631946875 0.4369243375 0.757065146875 0.4431732046875 0.721910978125 0.4261718390625 0.6912939312499999 0.330691928125 0.5765003125 0.299447115625 0.5557273781250001 0.2713267375 0.5461398890625 0.24164426093750002 0.5701086734375
0 0.17759229999999998 0.7618589515624999 0.1479098234375 0.7538693578125 0.1385362859375 0.789023525 0.1635322296875 0.8273736046875 0.3916193359375 0.9408258296875 0.43536200156250005 0.932836234375 0.45254674375 0.899279959375 0.4541089609375 0.8593319859375 0.42755079843750005 0.8257757109374999 0.3558593390625 0.795127796875 0.24476869375 0.7490755515624999 0.21352388281249998 0.7522714625 0.17759229999999998 0.7618589515624999
0 0.5322209906250001 0.3815542453125 0.5041006125 0.3895438421875 0.48222922031250004 0.42949181562499994 0.4384865546875 0.637221284375 0.4400487703125 0.6691796625 0.4541089609375 0.70113804375 0.48379155625000003 0.71392138125 0.521285234375 0.694746465625 0.5462811796875 0.6643858578125 0.5822126421875 0.4390793046875 0.5822126421875 0.40392507499999997 0.558779034375 0.3911417359375 0.5322209906250001 0.3815542453125
0 0.5665902359375 0.38315214062499997 0.6040840359375 0.3911417359375 0.630642078125 0.3703688015625 0.6728226453125 0.31603953125 0.755621446875 0.210576871875 0.783741825 0.1722268234375 0.7790550546875 0.1386705171875 0.7524970125 0.1178976453125 0.7150030953125001 0.10990805 0.686882715625 0.13068092343749999 0.5433593390625 0.297923325 0.5306587734375 0.32243123125 0.536907640625 0.3543896125 0.5665902359375 0.38315214062499997
0 0.5494056140625 0.6675817078125 0.5103495984374999 0.7043338328125001 0.5041006125 0.7330964234375 0.521285234375 0.763456846875 0.5494056140625 0.78742563125 0.57596365625 0.7858277359375 0.5993972656250001 0.7666527578125 0.6165820078124999 0.7123234265625 0.6743848625 0.550933634375 0.6837582828125 0.5157794046874999 0.6712604296875 0.4886147703125 0.6478268203125 0.464645984375 0.619706440625 0.46624394062499996 0.5921874640625 0.48362619999999995 0.5697147890625 0.5253669546874999 0.56034125 0.5988713265625 0.5494056140625 0.6675817078125
0 0.63845328125 0.4614501953125 0.700943025 0.4950064703125 0.7321878374999999 0.507789809375 0.755621446875 0.506191915625 0.7868662578125 0.4886147703125 0.7978018953125 0.4566563890625 0.783741825 0.41990426562499994 0.749372340625 0.3943375859375 0.6488280890625 0.3478434515625 0.5853371953125001 0.41511052031249995 0.610333021875 0.44547100625 0.63845328125 0.4614501953125
0 0.465044596875 0.8465487078124999 0.6650114421875 0.932836234375 0.7040674578125 0.9120633609375 0.710316325 0.8721153859375 0.700943025 0.8417549015624999 0.6743848625 0.8241778156249999 0.5868994125 0.7842298421875 0.5540923828125 0.7938173328125 0.521285234375 0.769848546875 0.4869159890625 0.7362922125 0.4478599734375 0.7458797625 0.43067535156250003 0.782631946875 0.429113134375 0.8193840109374999 0.465044596875 0.8465487078124999
0 0.75718354375 0.49820231875000004 0.7306255015625001 0.5237689999999999 0.7259387312500001 0.563716975 0.7524970125 0.6052629046875 0.80873753125 0.681963003125 0.8368579109375001 0.7171172328125001 0.8665403859374999 0.7314984671875 0.9071587375 0.715519278125 0.925905578125 0.6739734078125 0.8930986671875001 0.6276337328125 0.8324218390624999 0.5315495218749999 0.81967316875 0.522171103125 0.785303921875 0.49820231875000004 0.75718354375 0.49820231875000004
0 0.6759470796875 0.7107256546875 0.710316325 0.7283026171875 0.7462479078124999 0.74108595625 0.7821794890625 0.7522714625 0.8243599375 0.7538693578125 0.8415446796875001 0.721910978125 0.7884283562500001 0.6611900687500001 0.7446858093750001 0.6228401109374999 0.6859374640625 0.597444090625 0.6556380234375 0.6116545437500001 0.646264484375 0.6500046234375 0.6447022671875 0.685158853125 0.6759470796875 0.7107256546875
0 0.28538692656250003 0.4614501953125 0.3088205359375 0.477429384375 0.34006534843749997 0.487016875 0.40724174218750003 0.48541898124999994 0.4556711765625 0.48382102343750005 0.47285579999999994 0.477429384375 0.48066700312500005 0.42629596562499994 0.4947271921875 0.39913133125 0.49785162656250004 0.38315214062499997 0.4398437140625 0.36980830781249996 0.31506952187500004 0.378358396875 0.2900736953125 0.39913133125 0.28382470937500004 0.43108971093750004 0.28538692656250003 0.4614501953125
0 0.724376634375 0.375162546875 0.76811941875 0.3975334359375 0.7978018953125 0.4326876046875 0.8056130984375001 0.4598522390625 0.867717121875 0.47423590937500004 0.9036484640625 0.4422775296875 0.89153633125 0.38315214062499997 0.7308593390625 0.2500000015625 0.657200240625 0.346400015625 0.6900073875 0.35918335625000003 0.724376634375 0.375162546875
0 0.5552688796874999 0.141868803125 0.6161962875 0.212177171875 0.6583767359375 0.1642396015625 0.680248128125 0.129085403125 0.5912004609375 0.0284164890625 0.556831096875 0.0076435546875 0.520899634375 0.0156331484375 0.4945312140625 0.050319490625 0.5021526749999999 0.10671454375 0.5333974875 0.11790001875 0.5552688796874999 0.141868803125
0 0.4755946328125 0.2313522125 0.505277228125 0.260114740625 0.5396464734374999 0.292073121875 0.6161962875 0.215373021875 0.5646423 0.1562500078125 0.5271485015625 0.11470413906250002 0.4789062140625 0.104233228125 0.4459120375 0.127487478125 0.4334140640625 0.1690333765625 0.4459120375 0.2041875765625 0.4755946328125 0.2313522125
0 0.8895883937500001 0.8066031062500001 0.875528325 0.7682530265625 0.845845609375 0.7538717312500001 0.8192875671875001 0.7618613265625 0.6927461015625 0.7458821375 0.6208829375 0.7986135109375 0.7099307234375 0.8433551703125 0.7130551578125 0.8497468703125 0.7958539578125 0.8689218500000001 0.84897004375 0.8705198656249999 0.881777190625 0.8449530656249999 0.8895883937500001 0.8066031062500001