0 0.3667861703125 0.1170524015625 0.339072453125 0.1000974875 0.302129290625 0.094204878125 0.1305002625 0.20666591093750003 0.073008009375 0.2466363625 0.0725925984375 0.2965680125 0.1176636890625 0.3370263828125 0.20591048125000003 0.30316699687500004 0.286516421875 0.2440001046875 0.3716554078125 0.1629190625 0.3667861703125 0.1170524015625
0 0.3968887703125 0.3036859421875 0.44412597343750004 0.24608890468750003 0.45036455468750003 0.21152293437499997 0.43337742500000004 0.17355979375 0.386451475 0.1569192015625 0.2465387265625 0.294595684375 0.20592133124999998 0.349935721875 0.2094555234375 0.3939944125 0.24651551249999998 0.4236050203125 0.27961504531250003 0.41231985625 0.32183668125 0.3685031578125 0.3968887703125 0.3036859421875
0 0.2914964078125 0.535007165625 0.3199057078125 0.5585144828125 0.342110615625 0.53434715 0.35123271875 0.5018156109375 0.3192443078125 0.4697214859375 0.0836660546875 0.3383363265625 0.0488503046875 0.3672776109375 0.0297982484375 0.403194671875 0.049186496875 0.435058421875 0.072524225 0.46104925625000004 0.2280688390625 0.5370183203125001 0.261807946875 0.520988740625 0.2914964078125 0.535007165625
0 0.3189396390625 0.7647935953125 0.343982909375 0.778132575 0.38157044687499997 0.780405190625 0.39736862500000003 0.7569133265625 0.408252275 0.7230268140625 0.39548662968750004 0.6902601203125001 0.3161694203125 0.56280594375 0.28797330625 0.5377171765625001 0.2613815609375 0.5241517046874999 0.22876454218750003 0.5435707390625 0.20986966406250002 0.5666095296875 0.2100376921875 0.6004999859375 0.21858732656250002 0.6307783828125 0.3189396390625 0.7647935953125
0 0.32794846093749996 0.9322151234374999 0.37236900624999997 0.9306491687499999 0.3938783203125 0.8999294921875001 0.4007564828125 0.8606190734375 0.37891097500000004 0.823557940625 0.3119445609375 0.7828322140624999 0.2079837328125 0.7211489296875 0.1765897296875 0.719782359375 0.1396977796875 0.7240621468749999 0.1113446046875 0.7118516687499999 0.09736400625 0.74528519375 0.117021571875 0.786864325 0.32794846093749996 0.9322151234374999
0 0.41219090156249993 0.6703851703125 0.42186250625 0.704053009375 0.44957622343750003 0.7210079203124999 0.489295553125 0.707465821875 0.518120409375 0.6810413265624999 0.5837931875 0.4632622890625 0.58848341875 0.428469809375 0.5669632484375 0.4124208203125 0.5419199765625 0.39908184062499996 0.51298311875 0.40291257812500003 0.48597596249999997 0.43927875156249996 0.414906390625 0.63852918125 0.41219090156249993 0.6703851703125
0 0.7861500125 0.262250503125 0.8191375203125 0.22837173437499997 0.81896936875 0.1944812890625 0.7954184375 0.170072028125 0.7593231234375 0.1567291140625 0.7286807375000001 0.173211584375 0.5641174312499999 0.317926253125 0.5482597328125001 0.34034075 0.5501893156250001 0.3728761703125 0.5757711109375 0.405645840625 0.6118663062499999 0.4189887375 0.6409602249999999 0.4022797140625 0.690015109375 0.354624475 0.7861500125 0.262250503125
0 0.504801321875 0.8032679265624999 0.53133693125 0.8055366234375001 0.5571209390625 0.789956159375 0.581401765625 0.7386771890625 0.6602242078125 0.5873279046875 0.6742046984375001 0.5538943 0.6654419953125 0.525197371875 0.6454141703125 0.49807803906250003 0.617330075 0.49558290781250003 0.5877361265625 0.508796840625 0.5598938328124999 0.5468501781249999 0.5407966 0.61823926875 0.5207907374999999 0.68465724375 0.477177803125 0.7153691796875 0.4671467921875 0.7429298703125 0.48012830624999997 0.775469146875 0.504801321875 0.8032679265624999
0 0.7800221765625001 0.5419568781249999 0.7951246390625 0.5119127125 0.7860927265625001 0.4735004796875 0.7554392390625 0.4432143078125 0.66199019375 0.382622603125 0.5900879046874999 0.439993121875 0.610811315625 0.4736648609375 0.6365501703125 0.4935562421875 0.6940084765625001 0.5358264187499999 0.7232705515625 0.5530078078125 0.7467094484375 0.554823553125 0.7800221765625001 0.5419568781249999
0 0.6477457656250001 0.8790066734374999 0.623768334375 0.857760296875 0.5423888546875 0.8055405406249999 0.5085937359375 0.8102733000000001 0.479275534375 0.7817950734375 0.4496882515625 0.7436014984375 0.40969957968750004 0.7474283953125 0.387763990625 0.7813111125 0.38131222343750004 0.8174585078125001 0.4133006265625 0.8495526921875 0.5999810140624999 0.9639417031249999 0.6414620156249999 0.949044584375 0.65298525 0.9104135937500001 0.6477457656250001 0.8790066734374999
0 0.7759031484375 0.7364861859375 0.799083815625 0.7753553078125 0.8265842234375 0.793891653125 0.868974134375 0.7839653859375 0.8930976484375 0.7455647890625 0.866764375 0.6949459124999999 0.81944529375 0.5910540578125001 0.8080609859375001 0.57992395625 0.7771945437500001 0.5512192734375 0.749323646875 0.5471426312500001 0.7195901546875 0.5685960718749999 0.709615159375 0.607453521875 0.730394815625 0.652422109375 0.7759031484375 0.7364861859375
0 0.781793303125 0.8099173937499999 0.803089428125 0.78077916875 0.7585456500000001 0.71298276875 0.720307784375 0.668686040625 0.665468953125 0.63503454375 0.6335423875 0.644706221875 0.6191353937499999 0.681302771875 0.61289680625 0.715868775 0.640453328125 0.745702078125 0.6721725562499999 0.768080715625 0.706079821875 0.78594155 0.7402002640625 0.80222099375 0.781793303125 0.8099173937499999
0 0.45240500937499994 0.489198740625 0.4702899359375 0.48536414843750003 0.484853990625 0.43588931249999996 0.5024137093750001 0.4110425328125 0.5076423453125 0.395680728125 0.451929390625 0.3740647359375 0.3271214453125 0.36443818906250003 0.2995758828125 0.3813736875 0.28911849218749996 0.41209728125 0.28661619531250004 0.442371821875 0.30770998125000004 0.461583775 0.337398440625 0.4756022015625 0.404192040625 0.48375938749999997 0.45240500937499994 0.489198740625
0 0.862074146875 0.5394470203124999 0.9019505531249999 0.5130265125 0.8978343078125001 0.45275363750000003 0.7563478109374999 0.2976781625 0.67048065 0.3824077421875 0.701291196875 0.399815625 0.7332236015625 0.4206129328125 0.7735936078125001 0.44909505625 0.7983225218750001 0.4881905765625 0.8024401546875 0.516208075 0.862074146875 0.5394470203124999
0 0.6474913515625 0.058128328124999996 0.6161984078125 0.032586590625 0.579519765625 0.03528494375 0.548757478125 0.0657916921875 0.5487871703125 0.12271130937500001 0.5782624296875001 0.1383112765625 0.596741896875 0.1652041328125 0.6477483140625 0.243621715625 0.69595030625 0.2022923875 0.7223178828125 0.17067065937499998 0.6474913515625 0.058128328124999996
0 0.6041134359375 0.1807962234375 0.5724952734375 0.1342423609375 0.5260780046875 0.11688546250000001 0.49027399843749997 0.1351172140625 0.47234390781249996 0.17442374375 0.48004077343749996 0.21102803906249998 0.5058357578125 0.242216259375 0.531417553125 0.274985928125 0.5612180328124999 0.31159799375 0.6473219265625 0.246784678125 0.6041134359375 0.1807962234375
0 0.6524127796875 0.7829321609375001 0.57415183125 0.8247028249999999 0.65644021875 0.88189343125 0.6586841625 0.8886723125 0.7381900765625 0.9196534078124999 0.790621715625 0.9289352765625001 0.8265488875000001 0.9083876578125001 0.839407390625 0.8715647328125 0.830588678125 0.8315709874999999 0.8030880375 0.8130345437500001 0.77569965625 0.817091775 0.6524127796875 0.7829321609375001