0 0.24877810312499998 0.164122996875 0.2170494953125 0.15889706406249998 0.18046804375 0.1674653046875 0.0583374859375 0.3372809734375 0.0182121328125 0.3963025578125 0.034897898437500005 0.44288321562500005 0.0909043546875 0.4633611828125 0.1618953859375 0.3983275359375 0.21708307031250001 0.3126701140625 0.26901848125 0.20491497656250002 0.24877810312499998 0.164122996875
0 0.34076460937499997 0.32619510625000003 0.3652671453125 0.254684878125 0.3592843125 0.2201759546875 0.33040830312499997 0.191339615625 0.2808109578125 0.19371090625 0.1969788125 0.3749106578125 0.17789840625 0.44180547187499997 0.196271384375 0.48142415156249996 0.24107266875 0.494862709375 0.26818372031250004 0.47178530625 0.29270563906249997 0.41499405312500004 0.34076460937499997 0.32619510625000003
0 0.32125441875 0.5813331796875 0.355874496875 0.5923865687500001 0.36838668281250003 0.561474709375 0.3657975484375 0.5277608593750001 0.32489230625 0.51008496875 0.0595418921875 0.477505853125 0.0368626609375 0.5176511484375 0.031318384375 0.5582882296875 0.0603553109375 0.5805408437499999 0.0910793484375 0.5958315625 0.2625951671875 0.6073198093750001 0.2886822640625 0.579588221875 0.32125441875 0.5813331796875
0 0.42550905625 0.7845367734375001 0.4535025265625 0.7874162578125 0.48944901874999996 0.77523740625 0.49619763125 0.747389553125 0.49479337343749996 0.7117461609375 0.47164421875 0.6861359734375 0.3538460734375 0.5977970828125 0.3188846796875 0.58519231875 0.28936490312499996 0.58269103125 0.2654867546875 0.613147234375 0.2556857359375 0.6417513015625 0.26743201562499996 0.6731962234375 0.28578550625 0.6980960171875 0.42550905625 0.7845367734375001
0 0.491189175 0.9367673921874999 0.5322164515625001 0.9184216390625 0.541837178125 0.8816823812499999 0.534830384375 0.8425192421875 0.5017170046875 0.816368803125 0.42513242812499996 0.8039674421875 0.306766884375 0.7861475484375 0.2769252953125 0.7968138296875 0.2438702765625 0.8148201359374999 0.213165740625 0.8142483593750001 0.2115173890625 0.8506481359375 0.244128546875 0.8818309828125 0.491189175 0.9367673921874999
0 0.480477459375 0.6613063328125001 0.50103978125 0.688930775 0.5327683890625 0.69415670625 0.5653015781249999 0.66646395625 0.5832359703125001 0.6309364796875 0.5702127625 0.40349133281249994 0.5627037359375 0.36936054218750003 0.537080003125 0.36262192031249996 0.5090865296875 0.3597424375 0.4833212609375 0.3743065171875 0.47048724843749995 0.41838588593750003 0.47212488593749996 0.6306565187500001 0.480477459375 0.6613063328125001
0 0.69081375 0.13966429687499998 0.7100939546875 0.09562364375 0.6983475625 0.06417877968749999 0.6679648671875 0.050439553125 0.6296290375 0.05175868593750001 0.60659430625 0.078733884375 0.502104240625 0.2758499984375 0.49493152343749997 0.3027188265625 0.507862665625 0.33223415 0.5430044656249999 0.35297407187499996 0.5813401796875 0.35165496875 0.6028485921875 0.3250579046875 0.6324515296875 0.262099690625 0.69081375 0.13966429687499998
0 0.6125699375 0.7496378875 0.6381741843750001 0.7416576218750001 0.656971546875 0.7173683234375 0.6621551 0.660460771875 0.6841516609375 0.48977719531249997 0.685799884375 0.45337738749999995 0.667787825 0.4300289390625 0.6397748515624999 0.41243051093750005 0.6126443125 0.4207890296875 0.5894728687499999 0.4443267421875 0.5764343843749999 0.4902922515625 0.5829777265625 0.56392575 0.586970990625 0.633282959375 0.5566660265625 0.6784193890625 0.5567049125 0.7078573078125 0.5799782812500001 0.733173984375 0.6125699375 0.7496378875
0 0.7807275515625001 0.4020443109375 0.7845846062499999 0.3683691453125 0.762998446875 0.3360904921875 0.7239604890625 0.31958793124999996 0.6158037296875001 0.29878605468749997 0.5681454687499999 0.3794639875 0.5990499140625001 0.40288987187499997 0.62993485625 0.4115968078125 0.6981511640625 0.4290493125 0.731405959375 0.4338970796875 0.7539578296875 0.42667314687499996 0.7807275515625001 0.4020443109375
0 0.7722174546875 0.7657029140625 0.7425172703125 0.7550664640625 0.6485164265625001 0.7374590359375001 0.618513903125 0.7547089828125 0.5813435625000001 0.739379603125 0.5405992265624999 0.7151199296875 0.5044918468749999 0.7338826234375 0.49555388906250003 0.7737247171875 0.5018780281249999 0.809784990625 0.542783284375 0.8274609390625001 0.7565697171875 0.8628305453125 0.7902878875 0.8332081656250001 0.7878596609375 0.792910528125 0.7722174546875 0.7657029140625
0 0.843394075 0.5844692640625 0.8783749703125 0.611792971875 0.910444775 0.618570309375 0.9467131921874999 0.5932238625 0.956153396875 0.5483494734375001 0.9142048140625001 0.5113004250000001 0.834403496875 0.4327015 0.819945584375 0.426682175 0.7812491703125 0.41173093281249995 0.7537773046875 0.418538015625 0.7332928484375 0.44978926562500005 0.7372471453125 0.489708765625 0.7720672515625 0.5236162281250001 0.843394075 0.5844692640625
0 0.8740155656249999 0.6505005140625 0.8839776078125 0.6153126343750001 0.819116121875 0.5692173171875 0.7681907234375001 0.5425725640625 0.70537258125 0.5321370703125 0.6788072921875 0.5532683828125 0.67784159375 0.592771028125 0.6838244328124999 0.627279984375 0.71980980625 0.644539053125 0.7571409109375 0.6532845578125 0.794974390625 0.656997803125 0.8324665687499999 0.6591597328125001 0.8740155656249999 0.6505005140625
0 0.456146534375 0.47756230468750005 0.4715695765625 0.46719687343749994 0.46827841875000004 0.415661240625 0.4762119203125 0.3858839046875 0.4758511046875 0.369613584375 0.41633069687499996 0.370700165625 0.2962603640625 0.40920534531249997 0.276278140625 0.4354242453125 0.2769996546875 0.4679649140625 0.2850109171875 0.49706335468749996 0.3113172921875 0.506904784375 0.3438894484375 0.5086497453125001 0.40917530781250006 0.4908370234375 0.456146534375 0.47756230468750005
0 0.8566424765624999 0.3685125421875 0.8849187828125 0.32878668437499997 0.86045665625 0.2743145796875 0.67504358125 0.183933853125 0.6236744812499999 0.2953580015625 0.6584555812499999 0.299827578125 0.6954453984375 0.3070218265625 0.7429578625000001 0.318152646875 0.779464815625 0.3450981609375 0.7928983078125 0.369581103125 0.8566424765624999 0.3685125421875
0 0.43450771406250005 0 0.41986464687499997 0.0072148953125 0.40151341875 0.0472744046875 0.42100523125 0.1001827171875 0.45391872187500004 0.10347913906249999 0.4804055046875 0.12145573125 0.5549458406250001 0.17496856562500002 0.5859139453125 0.11821600000000002 0.59977191875 0.0787908453125 0.4912747484375 0.0026084 0.4829060765625 0 0.43450771406250005 0
0 0.492634615625 0.1331492390625 0.447131203125 0.10188898906249999 0.397764865625 0.1034008953125 0.370498765625 0.133965028125 0.3671633234375 0.1773267828125 0.3868820890625 0.20843216875 0.421682575 0.2276207171875 0.45682437499999995 0.248360640625 0.4972273828125 0.27106888125 0.5556284828125 0.178071375 0.492634615625 0.1331492390625
0 0.7437309187500001 0.6746055015625 0.684788609375 0.7431975859375 0.7813397015625 0.7650809468750001 0.7857573625 0.7705302374999999 0.8707424781249999 0.7691039265625 0.9229749421875001 0.7577976421875 0.9495643609375 0.725033559375 0.9490037796875 0.6859092234374999 0.9270762953125 0.652079134375 0.8950062437499999 0.645301796875 0.870767278125 0.6594876796875 0.7437309187500001 0.6746055015625