0 0.665781565625 0.9600130953124999 0.719245703125 0.9667687546874999 0.77098521875 0.9110348421875001 0.9181034468749999 0.7436655796875 0.9175805109375 0.7032990140625001 0.9037833187500001 0.671209721875 0.8554931187499999 0.6593874109375 0.755463403125 0.7387660703125001 0.6795787546875001 0.81645585 0.629563865625 0.905968065625 0.665781565625 0.9600130953124999
0 0.629563865625 0.8097003171875 0.6951006359375 0.7742331296875 0.8642241359374999 0.6444257140625 0.8537683968750001 0.5918310609375 0.8158261375 0.5681863109374999 0.777883846875 0.56987519375 0.708897828125 0.6120979140625 0.627839240625 0.683032159375 0.5743751015624999 0.7218769828125 0.5571285968749999 0.755655159375 0.5829983546874999 0.7995667625 0.629563865625 0.8097003171875
0 0.54505603125 0.990413503125 0.586447603125 0.9752132984375 0.6228448265625001 0.942145309375 0.5191862734375 0.671209721875 0.4898672015625 0.632364896875 0.45364956718749994 0.6374315453125 0.424330496875 0.657698528125 0.445026315625 0.691476703125 0.455374190625 0.725254878125 0.4329537484375 0.7590330546875 0.4898672015625 0.9363684749999999 0.514012334375 0.9650798734375 0.54505603125 0.990413503125
0 0.451924878125 0.725254878125 0.4415770015625 0.6948544703125 0.419156559375 0.66107629375 0.29525861875000003 0.5578547687500001 0.26221332343750003 0.5394749140624999 0.224271065625 0.5462304453125 0.19667655312500001 0.5597417671875 0.1932273046875 0.6002756046875 0.20357518125000001 0.6289870015625 0.33119934375 0.755655159375 0.3622430390625 0.76916648125 0.3984607390625 0.7742331296875 0.4260551203125 0.7573440421875001 0.451924878125 0.725254878125
0 0.2294449375 0.7877444515625001 0.23289431875000002 0.7539662765624999 0.183189653125 0.6338682828125 0.15011104375 0.5563640015625 0.113893409375 0.527652475 0.070777146875 0.5293413578124999 0.0345595125 0.5479194578125 0.0259362609375 0.5952088265625 0.14838641875 0.84178948125 0.18977805625 0.8688121234375 0.2277203140625 0.85867856875 0.2190970625 0.8265894046875 0.2294449375 0.7877444515625001
0 0.6192159875 0.41449563906250003 0.6054187984375 0.3891620078125 0.5674764734375 0.3891620078125 0.32430078125 0.4280068328125 0.2915322640625 0.4550294765625 0.270836578125 0.4955631828125 0.2846337671875 0.527652475 0.319126778125 0.5428526812500001 0.3536197859375 0.5445415625 0.57782435 0.49725219374999996 0.6209406125 0.4736074453125 0.629563865625 0.4432070375 0.6192159875 0.41449563906250003
0 0.6588829359374999 0.4381403890625 0.693375946875 0.44489592031249997 0.719827584375 0.43116557968749997 0.9003340375000001 0.276005171875 0.9227544156249999 0.24560476250000002 0.9141311625 0.205070796875 0.8917107859375 0.1763594 0.8554931187499999 0.171292621875 0.8141015140625001 0.2016930296875 0.7002745734375 0.2912052484375 0.64163643125 0.3368058609375 0.6192159875 0.3655172578125 0.627839240625 0.406051096875 0.6588829359374999 0.4381403890625
0 0.39501129375 0.41280675625 0.4743453203125 0.40267320156249997 0.51939655 0.3783784171875 0.5381574015624999 0.348628171875 0.53988209375 0.3182277625 0.514012334375 0.2928941296875 0.4846932640625 0.2793829375 0.44675093906249996 0.289516365625 0.2725612671875 0.35200593750000003 0.21392305937499997 0.3705840375 0.1932273046875 0.39591766875 0.19150268125 0.424629065625 0.2173724375 0.4550294765625 0.25014075625 0.4736074453125 0.28118451875 0.4668517859375 0.3208514671875 0.424629065625 0.39501129375 0.41280675625
0 0.5605778453125 0.3587615984375 0.59334623125 0.3857841125 0.6659482734375 0.31714530937499996 0.6157666734375 0.20844882031249998 0.58817229375 0.171292621875 0.5485053453125001 0.1560925453125 0.514012334375 0.16791485625 0.49504113906249997 0.2016930296875 0.493316515625 0.2270266625 0.50711370625 0.2608048375 0.543331340625 0.3283613171875 0.5605778453125 0.3587615984375
0 0.1570096703125 0.5546749906249999 0.19667655312500001 0.55298610625 0.2363435671875 0.5344081375 0.246691509375 0.49218541718750003 0.2104738109375 0.4550294765625 0.18460405156249998 0.4195622890625 0.1949519296875 0.3840952296875 0.1518356671875 0.289516365625 0.1328645375 0.2608048375 0.1000961515625 0.250671540625 0.0569798890625 0.25742707187499997 0.0345595125 0.2996497921875 0.1276905328125 0.515830165625 0.1570096703125 0.5546749906249999
0 0.50366439375 0.16960386875 0.4777946359375 0.132447925 0.46767241249999997 0.1186655796875 0.3639677296875 0.0530690078125 0.31395283906250004 0.017602078125 0.2691119515625 0.0378689328125 0.2518654484375 0.0817806640625 0.2673872625 0.1138698265625 0.3053295859375 0.1442702359375 0.388112796875 0.205070796875 0.4329537484375 0.23378245312499998 0.47607001093749995 0.2287156734375 0.50366439375 0.2000042765625 0.50366439375 0.16960386875
0 0.301880271875 0.3216056578125 0.339822596875 0.3199167734375 0.381214234375 0.3097832171875 0.396551721875 0.277027065625 0.3691415359375 0.21351534062500002 0.3277500296875 0.1662261015625 0.26221332343750003 0.1088030484375 0.2277203140625 0.12738114843749998 0.2294449375 0.1729816328125 0.2415175703125 0.2118265859375 0.25531476249999996 0.250671540625 0.274285759375 0.28782748125 0.301880271875 0.3216056578125
0 0.5760997265625 0.7117435578125 0.6105927359375001 0.704987896875 0.6330131796875 0.67796538125 0.642241378125 0.5430743625 0.627839240625 0.48036310625 0.6105927359375001 0.4837408734375 0.581273665625 0.498941078125 0.5260848359375 0.5073856218749999 0.5191862734375 0.5259635921875 0.5174615828125 0.5783197375 0.5157369593750001 0.6509428671874999 0.5260848359375 0.6847210421875001 0.543331340625 0.7100546734375001 0.5760997265625 0.7117435578125
0 0.6537089984375 0.2726271484375 0.6675061890625 0.308094334375 0.771551721875 0.2284628765625 0.627839240625 0.0547580203125 0.5640245968750001 0.041663821875 0.5295315875 0.08050851718749999 0.54505603125 0.1476480015625 0.5743751015624999 0.1560925453125 0.6123173609375 0.188181709375 0.6364624937500001 0.23547120625 0.6537089984375 0.2726271484375
0 1 0.3699570671875 0.9020561 0.28317770000000003 0.8641138093749999 0.306822446875 0.8123742937499999 0.35242293281250003 0.8882588437500001 0.41829039999999995 0.9141286 0.44193514843750004 0.9262012000000001 0.47571332499999996 0.9870689640625001 0.4839527421875 1 0.4741064921875 1 0.3699570671875
0 0.820997546875 0.5365140140625 0.8589398375 0.5500253359375 0.90378075625 0.5365140140625 0.928879309375 0.5008446328125 0.9175779468749999 0.44869080937500005 0.8727370609375 0.4081569734375 0.8089249796875 0.35242293281250003 0.72614176875 0.4351794875 0.7606347796875 0.4723354296875 0.7916784734375 0.504424721875 0.820997546875 0.5365140140625
0 0.1294127265625 0.06530844218750001 0.1018182140625 0.100775628125 0.10354296874999999 0.15819842343749999 0.124238721875 0.24771064062499998 0.13113734999999999 0.2510884078125 0.1794274859375 0.347356284375 0.236341003125 0.2696663765625 0.21909450000000003 0.1328647921875 0.22771775156250001 0.10415339531250001 0.21219587031249998 0.0720639734375 0.17080423281249998 0.056863898437500005 0.1294127265625 0.06530844218750001