0 0.9562147968750001 0.34117587656250004 0.9625428843750001 0.290999178125 0.910336434375 0.24244105624999998 0.7535601625 0.10436893437500001 0.71574844375 0.104859715625 0.68569011875 0.1178085359375 0.6746160546875 0.1631294359375 0.74897075 0.25700845625 0.8217434546875 0.3282270578125 0.905590340625 0.3751665984375 0.9562147968750001 0.34117587656250004
0 0.8154154874999999 0.3751665984375 0.7821930578125 0.313659596875 0.6606013015625 0.1549352765625 0.6113354234374999 0.16474810625 0.5891871765625 0.200357346875 0.59076916875 0.23596661718749998 0.630319565625 0.3007107765625 0.6967643 0.376785178125 0.7331505921875 0.426961878125 0.7647909078125 0.44314791875 0.8059232953125001 0.41886885781250005 0.8154154874999999 0.3751665984375
0 0.9846911296874999 0.4544781578125 0.9704529640624999 0.4156316984375 0.939477884375 0.38147249375 0.68569011875 0.47875721875000005 0.649303828125 0.5062735 0.6540498015625 0.5402641609375001 0.673034065625 0.567780440625 0.7046743796875 0.5483571796875 0.736314696875 0.5386455812500001 0.7679550125 0.5596874203125 0.934066671875 0.5062735 0.9609608937499999 0.48361301875 0.9846911296874999 0.4544781578125
0 0.736314696875 0.5418828015625 0.7078383640625 0.5515944 0.676198046875 0.5726362390624999 0.5795095296875 0.688915859375 0.5622929578125 0.7199292421875 0.5686209234375 0.7555384828125 0.5812770984375 0.78143624375 0.6192455031249999 0.784673403125 0.6461397234375 0.7749618046875 0.7647909078125 0.6551850828125 0.777447084375 0.626050221875 0.7821930578125 0.5920595 0.7663729 0.5661618609375 0.736314696875 0.5418828015625
0 0.7948492328125 0.75068274375 0.7632089171875001 0.7474454609375 0.6507120609375 0.7940938531249999 0.578113115625 0.825138503125 0.5512187734375 0.8591291640625001 0.552800765625 0.8995942640625 0.5702030359375 0.9335849234375001 0.61449940625 0.94167794375 0.8454736921875 0.8267570828125 0.8707860390625 0.7879105609375 0.86129385 0.7523013234375 0.8312356453125 0.76039434375 0.7948492328125 0.75068274375
0 0.44522376250000006 0.3848781984375 0.4214935265625 0.3978270171875 0.4214935265625 0.43343631875 0.45787981875000006 0.6616594609375 0.4831921671875 0.6924130859375001 0.52116045 0.711836221875 0.5512187734375 0.698887403125 0.5654569421875 0.6665153218750001 0.56703893125 0.6341432421875 0.5227425609374999 0.4237247203125 0.5005943171875 0.3832596203125 0.47211798437499997 0.3751665984375 0.44522376250000006 0.3848781984375
0 0.467372009375 0.34765031875 0.47369997656249996 0.3152782375 0.46083864375 0.2904530765625 0.315498515625 0.12104572499999999 0.28702218125 0.100003946875 0.2490536578125 0.10809696718749999 0.2221594390625 0.12913874375 0.21741334218750002 0.1631294359375 0.2458896734375 0.201975925 0.3297365609375 0.3088037984375 0.372451059375 0.363836359375 0.3993452796875 0.3848781984375 0.437313684375 0.376785178125 0.467372009375 0.34765031875
0 0.443641771875 0.5952968453125 0.43414958124999997 0.5208409609375 0.4113924421875 0.47855987187500004 0.3835251234375 0.4609526 0.3550487890625 0.45933395781249997 0.3313185515625 0.48361301875 0.3186624984375 0.5111293 0.3281545703125 0.5467386000000001 0.38668910625 0.71021758125 0.40409137656249994 0.765250203125 0.4278216140625 0.784673403125 0.45471583437499996 0.7862919828125 0.4831921671875 0.762012921875 0.5005943171875 0.731259484375 0.49426622968749995 0.7021245609375 0.45471583437499996 0.66489668125 0.443641771875 0.5952968453125
0 0.39301719375 0.43991076093750003 0.41832942187500005 0.40915725937499997 0.354034846875 0.34101941875 0.2522178828125 0.38811541875 0.21741334218750002 0.41401305781250003 0.20317529531249998 0.45124093906249996 0.21424935937499998 0.48361301875 0.2458896734375 0.5014177 0.26961991093750004 0.5030362796875 0.301260228125 0.49008745937500003 0.36454098125 0.45609679999999997 0.39301719375 0.43991076093750003
0 0.576531003125 0.8186640625000001 0.5749490109375001 0.78143624375 0.5575468625 0.744208303125 0.5179964671875 0.7344966421875 0.4831921671875 0.7684873624999999 0.44996973906250004 0.7927664234375 0.41674742968749995 0.7830548234375 0.3281545703125 0.8235199234374999 0.301260228125 0.8413245437500001 0.291768278125 0.8720780453125 0.2980962453125 0.9125431453124999 0.337646640625 0.9335849234375001 0.5401447125 0.84618040625 0.576531003125 0.8186640625000001
0 0.21583147187499999 0.49332467968750005 0.18102717031249999 0.5176037390625 0.168117125 0.5271035609375 0.1066722359375 0.62443158125 0.073450046875 0.671371121875 0.092434190625 0.713454803125 0.1335666984375 0.7296408421875 0.16362490000000002 0.7150734437499999 0.19210123437499999 0.6794641421875001 0.2490536578125 0.6017711625 0.2759481203125 0.5596874203125 0.2712020234375 0.5192223203124999 0.24430780312499997 0.49332467968750005 0.21583147187499999 0.49332467968750005
0 0.35821289375 0.6827013625 0.3566309015625 0.6470920609374999 0.34713871093750004 0.608245540625 0.3164557328125 0.593851134375 0.2569637375 0.6195759046875 0.2126674875 0.6584223031249999 0.15887880468749999 0.7199292421875 0.1762810765625 0.7523013234375 0.2189954546875 0.75068274375 0.255381865625 0.7393524421875 0.291768278125 0.7264036218750001 0.326572578125 0.7085991265625 0.35821289375 0.6827013625
0 0.723658521875 0.42534330000000004 0.717330434375 0.39297121874999996 0.69201820625 0.37192937812500004 0.56566459375 0.363268609375 0.506922403125 0.376785178125 0.5100863875 0.39297121874999996 0.524324553125 0.42048749843750005 0.5322346328124999 0.47228283906249996 0.5496367828125 0.47875721875000005 0.5986792484375 0.48037586093750007 0.6667059765625 0.481994440625 0.6983462921875 0.47228283906249996 0.7220765296875 0.45609679999999997 0.723658521875 0.42534330000000004
0 0.312334290625 0.35250611875 0.34555671875 0.33955729843750004 0.2709652265625 0.24190938750000002 0.1082543484375 0.376785178125 0.095988896875 0.4366759453125 0.1323750671875 0.46904802500000004 0.1952652171875 0.4544781578125 0.20317529531249998 0.426961878125 0.2332335 0.3913526390625 0.277529990625 0.36869215781250003 0.312334290625 0.35250611875
0 0.44126761718749996 0 0.4123919390625 0.0174574796875 0.3222170859375 0.11942955 0.34436533125 0.1550388203125 0.38707970937499997 0.2035969421875 0.44877835 0.1323784328125 0.4709265953125 0.108099371875 0.5025669109375 0.0967691 0.5102848468750001 0.039644014062499996 0.4835826484375 0.0045086578125 0.4633116765625 0 0.44126761718749996 0
0 0.55951945625 0.1955039203125 0.57217563125 0.15989465 0.55951945625 0.117810940625 0.52610763125 0.094255665625 0.47725468125 0.10486212187499999 0.439286278125 0.14694580156249998 0.38707970937499997 0.2068341625 0.4645985078125 0.2845271421875 0.49940280625 0.2521550609375 0.5294611312499999 0.22302020156250002 0.55951945625 0.1955039203125
0 0.118137021875 0.8445641078125 0.15135945 0.8704618703125 0.205147890625 0.86884316875 0.2889947765625 0.84941996875 0.2921587609375 0.8429455296875 0.382333734375 0.7976246890625001 0.30956090937499997 0.744210709375 0.181417653125 0.7603967468749999 0.1545234328125 0.752303728125 0.12446498749999999 0.7668711890625 0.11022694375 0.8057177109375001 0.118137021875 0.8445641078125