1 0.66171875 0.18828125 0.14921875 0.13828125
1 0.46015625 0.10546875 0.13828125 0.13828125
1 0.85 0.29453125 0.140625 0.15
1 0.428125 0.55390625 0.14453125 0.15703125
1 0.45625 0.72578125 0.14765625 0.16875
1 0.68515625 0.62734375 0.14375 0.15859375
1 0.26484375 0.56484375 0.14453125 0.15859375
1 0.33125 0.78359375 0.14453125 0.1625
1 0.37734375 0.35234375 0.1390625 0.11796875
1 0.190625 0.46796875 0.14296875 0.13828125
1 0.78125 0.53203125 0.140625 0.1453125
1 0.48125 0.44375 0.1390625 0.13671875
1 0.53984375 0.62734375 0.14140625 0.13515625
1 0.1703125 0.71328125 0.14296875 0.13828125
1 0.1953125 0.8375 0.14140625 0.1515625
1 0.13046875 0.6078125 0.140625 0.1453125
1 0.240625 0.3609375 0.134375 0.11640625
1 0.2015625 0.26328125 0.12890625 0.125
1 0.33828125 0.24921875 0.1390625 0.11796875
1 0.51484375 0.33671875 0.13203125 0.11796875
1 0.6375 0.446875 0.128125 0.13125
1 0.5921875 0.5203125 0.140625 0.09609375
1 0.07265625 0.3015625 0.1359375 0.13828125
1 0.05703125 0.17265625 0.1140625 0.109375
1 0.1765625 0.171875 0.128125 0.09296875
1 0.0640625 0.5015625 0.128125 0.11953125
1 0.75 0.0671875 0.1390625 0.13125
1 0.70390625 0.39765625 0.13203125 0.13828125
1 0.33046875 0.6515625 0.14140625 0.11015625
1 0.3375 0.45703125 0.1359375 0.11953125