1 0.37890625 0.225 0.125 0.084375
1 0.4765625 0.30234375 0.1140625 0.0796875
1 0.30078125 0.296875 0.1140625 0.08125
1 0.71484375 0.51015625 0.096875 0.071875
1 0.6375 0.44609375 0.109375 0.071875
1 0.565625 0.37265625 0.1125 0.078125
1 0.396875 0.378125 0.1265625 0.0828125
1 0.64921875 0.5875 0.103125 0.075
1 0.575 0.51953125 0.1140625 0.075
1 0.4890625 0.45078125 0.1125 0.08125
1 0.52578125 0.8078125 0.10625 0.075
1 0.41875 0.82265625 0.1046875 0.08125
1 0.5265625 0.70546875 0.1015625 0.0796875
1 0.41484375 0.71640625 0.10625 0.08125
1 0.4078125 0.61484375 0.096875 0.075
1 0.515625 0.6078125 0.09375 0.071875
1 0.40234375 0.51484375 0.103125 0.0703125