1 0.2909694865605459 0.28211618574209363 0.09579199710451584 0.11463018577927472
1 0.2545332187778656 0.41148269216788425 0.10091614474715102 0.1241961867678579
1 0.21969583829873818 0.5400042815974805 0.11072779238978614 0.1339531887450242
1 0.1814423593911874 0.6749032050194655 0.09884422249740998 0.1131950197716634
1 0.2620373879272347 0.6856550212173571 0.09125004631872757 0.11756418479069168
1 0.29609351840636206 0.5571652652858582 0.09615587014004516 0.12244268577927464
1 0.33483714888548943 0.42848450836577595 0.09444782092583344 0.11925401878308026
1 0.3680756420610639 0.3008078359323741 0.09906254631872757 0.11788251977166349
1 0.4468898467757937 0.31631081912646014 0.0896147717116218 0.11593801779449713
1 0.41368774090377214 0.443206241559862 0.10462334160399789 0.1368235207602467
1 0.3758709096388564 0.568730164981847 0.09466614474715103 0.12394151878308027
1 0.34106991646328194 0.6964705044114432 0.09935364474715103 0.1241325197716634
1 0.525813213401182 0.32947005232054616 0.09324919396136266 0.1270028517868859
1 0.48625194561850177 0.45896389273872557 0.09771837014004525 0.12250635277546902
1 0.45599290322871566 0.5896382311797387 0.09735449710451576 0.1146938527754692
1 0.42108274814248237 0.7197223206093348 0.0960830955329394 0.12088018577927465
1 0.4951002909465533 0.7377600547920041 0.09103172249741007 0.1128766847906915
1 0.5340622452469983 0.6043917978719218 0.10091614474715094 0.12419618676785796
1 0.5705712876367844 0.4734627914461312 0.09310364474715094 0.12387785178688589
1 0.6038461681159119 0.34500486901272936 0.09793669396136266 0.12719385277546919
1 0.6813525839555121 0.3551027692030098 0.09444782092583352 0.11925401878308035
1 0.6477866050479613 0.48981069163641167 0.10298806699689197 0.13519735376405234
1 0.6139124110865984 0.6143941975679107 0.09452059553293939 0.12081651878308027
1 0.579147805214577 0.741353286997507 0.09622864474715094 0.12400518577927463
1 0.7646359648489242 0.37510225140851267 0.0945205955329392 0.12081651878308035
1 0.7290537216733497 0.5028744243362061 0.09303087014004525 0.12231535178688588
1 0.6943255031048811 0.6290522637658024 0.08790672249741008 0.11274935079830276
1 0.6583066122866714 0.7661994366934959 0.09630141935425698 0.12556768577927463