0 0.6305456530081202 0.7042371312460495 0.1110386858759707 0.09658519334818116
0 0.6086354711893392 0.6170098512492311 0.11402731818121907 0.08880905601527189
0 0.5426185535740178 0.3717342612587761 0.1014727711033185 0.08553860534690845
0 0.675154364044599 0.341291688574186 0.09823867694751698 0.07925224267981754
0 0.765466123787127 0.6714235365611412 0.10780459172016936 0.09029883068109008
0 0.6094439947282895 0.6154382605824584 0.10761367694751697 0.07936133068109026
0 0.7443235551988708 0.5849684158975502 0.10783186525911966 0.09186133068109026
0 0.5874656290621327 0.5321172305856401 0.10437958279171564 0.07307496801399935
0 0.7169173498411394 0.49936727056814084 0.0999375446422686 0.08708292401336308
0 0.5646923766265007 0.4495865412555945 0.10136367694751698 0.07928860534690844
0 0.695747507713933 0.41447464990454985 0.10136367694751698 0.07928860534690844
0 0.3283264082831259 0.5663762412874112 0.10799550649282175 0.10123633068109025
0 0.20836451014956497 0.5029415446371832 0.10201824188232515 0.11678860534690863
0 0.37479407954860006 0.45492057328136604 0.10541597727182861 0.13244996801399936