0 0.29609375 0.42265625 0.228125 0.2140625
0 0.44140625 0.33984375 0.190625 0.2171875
0 0.453125 0.67265625 0.196875 0.1765625
0 0.61875 0.865625 0.221875 0.16875
0 0.86171875 0.625 0.1671875 0.1515625
0 0.72109375 0.7734375 0.24375 0.15
0 0.91875 0.54921875 0.1625 0.128125
0 0.6515625 0.50390625 0.175 0.16875
0 0.54765625 0.275 0.178125 0.19375
0 0.8125 0.36953125 0.171875 0.1484375
0 0.74921875 0.1609375 0.128125 0.18125
0 0.66796875 0.21328125 0.125 0.190625
0 0.75234375 0.4296875 0.1265625 0.159375