0 0.15038316612815977 0.08130173813700191 0.07576633225631957 0.16260347627400382
0 0.2537081878796529 0.08779447726258699 0.07616637575930571 0.17558895452517398
0 0.3529814892664237 0.08810088338436646 0.07471297853284735 0.17620176676873292
0 0.4510014151782292 0.09586099800424312 0.07333231648875013 0.19172199600848625
0 0.5504929221120834 0.09955971783386577 0.07478571371520851 0.1950525148287476
0 0.6515832966371182 0.10873444657932754 0.0763482137152085 0.195116181824942
0 0.749548671162153 0.11803650931717806 0.0749311840799308 0.20130251482874764
0 0.854508928096007 0.12548957057215385 0.07482208130638882 0.19661501482874763
0 0.953255552621042 0.13475979981190717 0.07642094889756948 0.19824118182494202
0 0.0612297471502084 0.0788916625475701 0.044334494300416805 0.1577833250951402
0 0.07437009925815999 0.3058560691636412 0.06839024335048624 0.18854784684397002
0 0.1754604737831947 0.31503079790910293 0.07471297853284735 0.19192751482874754
0 0.2788945983082295 0.32411002616027307 0.0763482137152085 0.19511618182494192
0 0.3752247376509031 0.330350755894318 0.0763482137152085 0.195116181824942
0 0.4771145459715281 0.3402749011416826 0.07642094889756965 0.19824118182494194
0 0.5782412880877434 0.3510121298871443 0.07809255167111129 0.20299234882113648
0 0.6792407436348267 0.3562806086326061 0.0732232137152085 0.19498884783255327
0 0.778804985751042 0.36708150437426224 0.07496755167111128 0.20286501482874755
0 0.8790777426848961 0.37472556661782114 0.0764936840799308 0.2013661818249421
0 0.969407229482778 0.38331004635186605 0.06118554103444396 0.19811384783255317
0 0.022176392095556018 0.5496179980228336 0.023114110941666828 0.1882640039543327
0 0.10050141384704907 0.5550283982131141 0.07478571371520851 0.19505251482874755
0 0.19932077355444494 0.5674236274528675 0.07645731648875013 0.1998036818249421
0 0.30033841289711855 0.5734733561983292 0.07493118407993071 0.20130251482874756
0 0.40142878742215327 0.5826480849437908 0.07649368407993062 0.2013661818249421
0 0.5024827943560075 0.5902603136892527 0.07809255167111129 0.20299234882113631
0 0.6052265878589936 0.60327762543852 0.07496755167111128 0.20286501482874755
0 0.7032283299752089 0.6141421881763705 0.07820165444465292 0.2076798488211363
0 0.806498800339931 0.6161901664275407 0.07958231648875014 0.19993101581733086
0 0.902138608660556 0.6263689796596829 0.07028005167111147 0.2026740138401646
0 0.9827816846970663 0.6275229613708941 0.034436630605867435 0.20015650889724856
0 0.039695772888854834 0.7983592455513757 0.04666071371520849 0.19390650889724856
0 0.1259969488006604 0.8104825607606841 0.07653005167111128 0.20292868182494211
0 0.22775947055215345 0.8149379560080486 0.07478571371520851 0.19505251482874764
0 0.3288316612815979 0.8233314347535104 0.08110844889756966 0.19843218281352507
0 0.4282686168286812 0.8286635804951666 0.07467661094166682 0.19036501482874754
0 0.5293953589448966 0.8394008092406283 0.0764936840799308 0.2013661818249421
0 0.628905049674341 0.8478579549822844 0.07489481648875014 0.19974001482874754
0 0.7291414390170147 0.8539395172258434 0.0763482137152085 0.19511618182494211
0 0.8287056811332298 0.8647404129674996 0.07482208130638916 0.19661501482874755
0 0.9304500190891328 0.8684145582148641 0.07627547853284752 0.1919911818249421