0 0.160215071875 0.3525162296875 0.17942149062499999 0.6040315359374999 0.25533756093750004 0.58623403125 0.230581740625 0.3384631765625 0.160215071875 0.3525162296875
0 0.21248140625 0.05980903125 0.04417886875 0.0839137234375 0.055072109375 0.179525971875 0.22046468749999998 0.14893239375 0.21248140625 0.05980903125
0 0.3812477078125 0.0994701953125 0.3619254140625 0.157331034375 0.4727609734375 0.21740010625 0.4890493171875 0.156065653125 0.3812477078125 0.0994701953125
0 0.46497985625 0.052736371875 0.46912452499999996 0.1322028015625 0.621636009375 0.1315889296875 0.60473555 0.053304378124999996 0.46497985625 0.052736371875
0 0.46285183593749996 0.252361059375 0.4245831625 0.2816892609375 0.4947941375 0.42837661562499996 0.5353541046875 0.3948310796875 0.46285183593749996 0.252361059375
0 0.2746690265625 0.34789529375 0.275655746875 0.42690338125 0.41448279218749995 0.42430334375 0.409037478125 0.35071466406249996 0.2746690265625 0.34789529375
0 0.295440890625 0.41915858593750005 0.29939956875 0.50314791875 0.4421892203125 0.507189540625 0.4382925375 0.4216925734375 0.295440890625 0.41915858593750005
0 0.6196615828125001 0.30393652968749996 0.52404730625 0.46598834843750003 0.57067125 0.5167377078125 0.6629415859375001 0.358750446875 0.6196615828125001 0.30393652968749996
0 0.6870728328125 0.25899095 0.7091125421875 0.34105468125 0.8575400468750001 0.285249296875 0.8364289906250001 0.20635361562500001 0.6870728328125 0.25899095
0 0.7594791921875 0.3029968890625 0.7192820390625 0.5079745250000001 0.7827496843749999 0.53538584375 0.821089528125 0.3240721125 0.7594791921875 0.3029968890625
0 0.8187080421875 0.32827635625 0.7857567484375 0.5115561734375 0.8368405937500001 0.5311035687500001 0.865581284375 0.347212621875 0.8187080421875 0.32827635625
0 0.4311919140625 0.5116599171875 0.41625835 0.7203043171875 0.47421606875 0.7271997031249999 0.4859296875 0.5196045890625001 0.4311919140625 0.5116599171875
0 0.3291444 0.645478625 0.164228634375 0.6928243625 0.179660315625 0.7784789 0.3427629125 0.7263200999999999 0.3291444 0.645478625
0 0.509361734375 0.66860221875 0.46774125624999996 0.856690309375 0.522725709375 0.8843870078125 0.5623648828125 0.6929780765625 0.509361734375 0.66860221875
0 0.5027551484375 0.9558034453124999 0.429929046875 0.77385398125 0.37947771874999997 0.8120304109375001 0.444362140625 0.9852440515625001 0.5027551484375 0.9558034453124999
0 0.6990345984374999 1 0.70352949375 0.994043746875 0.6044643093750001 0.8280021468750001 0.5574631390625 0.8894288187500001 0.63294006875 1 0.6990345984374999 1
0 0.5716103046875001 0.7239978218750001 0.6623613171875 0.8812495328125 0.7035412609375 0.8326276578125 0.6178505328125 0.6761103984375 0.5716103046875001 0.7239978218750001