0 0.16187781875 0.727079540625 0.21338075937499998 0.8864602296875 0.25680481093749996 0.8530661796875 0.205301865625 0.7027929562499999 0.16187781875 0.727079540625
0 0.20137310468749997 0.6936854859375 0.25074564062500004 0.839404978125 0.28306121093750003 0.8060109296875 0.2396371640625 0.66636308125 0.20137310468749997 0.6936854859375
0 0.2386273015625 0.679922175 0.333554290625 0.75733565 0.3497120796875 0.7087624859375 0.258824534375 0.63590274375 0.2386273015625 0.679922175
0 0.285080934375 0.81663630625 0.271952734375 0.8864602296875 0.39010654218749996 0.9228901031250001 0.3961657125 0.8561020046875001 0.285080934375 0.81663630625
0 0.261854115625 0.7726168796875 0.3678895890625 0.8500303609375001 0.3850572359375 0.8060109296875 0.2871006578125 0.725561628125 0.261854115625 0.7726168796875
0 0.511541334375 0.6952033984375 0.43056846562500006 0.8090467546875001 0.45783473125 0.8515482671875001 0.546702553125 0.74225865 0.511541334375 0.6952033984375
0 0.462816578125 0.6800242843750001 0.3850572359375 0.7877959953125 0.41232349843750005 0.8363691578125 0.4910927046875 0.722525803125 0.462816578125 0.6800242843750001
0 0.3406233234375 0.6527018796874999 0.36082055625 0.7923497265624999 0.3991952984375 0.7741347921874999 0.3810177890625 0.6375227703124999 0.3406233234375 0.6527018796874999
0 0.38016098593750003 0.648148146875 0.3941459890625 0.722525803125 0.5062406296875 0.6876138421875 0.4961420140625 0.62386156875 0.38016098593750003 0.648148146875
0 0.3497120796875 0.643594415625 0.3800079265625 0.643594415625 0.46180671562500003 0.6344869453124999 0.44564893124999994 0.5828779625 0.343652909375 0.5813600484375 0.3396134625 0.6268973875 0.3497120796875 0.643594415625
0 0.4285486625 0.566180934375 0.5234756546875 0.6648451750000001 0.5497320546875 0.61930783125 0.4568247859375 0.523679415625 0.4285486625 0.566180934375
0 0.23559771562499998 0.5950212515625 0.3285049859375 0.6982392234375 0.3547613859375 0.640558590625 0.262863978125 0.5494839125000001 0.23559771562499998 0.5950212515625
0 0.1730902765625 0.5312689734375 0.2214596546875 0.6693989078125 0.261854115625 0.645112328125 0.21237089843749998 0.50394656875 0.1730902765625 0.5312689734375
0 0.155818646875 0.464480875 0.1266256328125 0.5312689734375 0.1628876796875 0.5965391640625 0.1941933890625 0.5631451140625 0.155818646875 0.464480875
0 0.15591855937500002 0.4766241640625 0.18510463593749998 0.525197328125 0.27498232031250003 0.4037644203125 0.24367660781249997 0.35822708125 0.15591855937500002 0.4766241640625
0 0.42965593437500005 0.41894353593749994 0.43252073125 0.48421372187499995 0.556733709375 0.47358834375000003 0.5537041234375 0.40528233281250003 0.42965593437500005 0.41894353593749994