1 0.29154681804879823 0.3992260763391012 0.10462585779368574 0.10911423871722885
1 0.3646588233810572 0.3288202996169239 0.09984735253201382 0.10741534639736088
1 0.32035362848743726 0.4920955379384413 0.10351838410204497 0.11688127461060631
1 0.4266337205666947 0.522485383082161 0.10673438936371685 0.11853470282385156
1 0.5374648047534443 0.5506678705457487 0.10646137357870131 0.11384720282385156
1 0.6492591494635376 0.5819980900626477 0.10021137357870132 0.11366534639736088
1 0.7666132494353026 0.6150499339527261 0.10820588410204497 0.11701766693047429
1 0.3903861364505323 0.42238008300301877 0.09654034200867016 0.10419941818411545
1 0.4996092180064459 0.4497358563599837 0.10150085779368574 0.10902331050398359
1 0.6052900706090469 0.483227969450392 0.09194384727034191 0.10562552586424748
1 0.7199819021649606 0.5107428671805364 0.09901289462538862 0.11986988229073817
1 0.7918044232822352 0.4449791263517365 0.09230786831702957 0.11187552586424747
1 0.5743747286003767 0.38093804374442913 0.10030237884037305 0.11522784639736088
1 0.6831805812029778 0.41452108504808277 0.096722352532014 0.10732441818411545
1 0.46119989441362713 0.3526873601209074 0.093597352532014 0.10723348997087019