1 0.22413967071131613 0.340452338873295 0.10187267735518084 0.16617827792830422
1 0.20859867608208713 0.615250943011738 0.10995789735836245 0.190025213703953
1 0.177015058123767 0.9145848004295413 0.11611699069063527 0.1708303991409174
1 0.4177533107097253 0.33888759610938424 0.14151698002863497 0.21822545680654795
1 0.41320436008113265 0.6189469103337355 0.14462379869508962 0.21682673111680728
1 0.4003161981221762 0.9082706026681049 0.1507647106938169 0.1834587946637903
1 0.6097680880410435 0.3341159661903437 0.135103348026726 0.2038354081860289
1 0.6241054974140418 0.626876676276252 0.1431885680299077 0.2276823439616777
1 0.6237082447883127 0.91128880031597 0.1586135733609078 0.17742239936806
1 0.7962868433720437 0.32671398122834905 0.15407152402927143 0.223568054047586
1 0.8208441374124508 0.6254757078226006 0.15439878803308948 0.2516930540475858
1 0.8485355221196309 0.9076049575974878 0.17432948002863496 0.18479008480502443