0 0.14892383421075955 0.08130173813700191 0.07284766842151909 0.16260347627400382
0 0.25288462636523723 0.08857572726258699 0.07451925273047451 0.17715145452517397
0 0.35211246672431684 0.08806904988626926 0.06984993344863373 0.17613809977253853
0 0.44907837031511305 0.09625162300424313 0.06990447560311139 0.19250324600848626
0 0.5483652980082102 0.09955971783386577 0.07300220452587265 0.196678681824942
0 0.6492238160603869 0.10873444657932754 0.07299311416679295 0.195116181824942
0 0.7469573341125637 0.11803650931717806 0.0714760659621911 0.20286501482874764
0 0.8493647166261209 0.12480382106644541 0.07144879488495234 0.19817751482874763
0 0.9502277798578376 0.13475979981190717 0.07302038524403187 0.19980368182494201
0 0.05984315349260032 0.07967291254757011 0.041561306985200636 0.15934582509514023
0 0.0689828459182245 0.3058560691636412 0.0651442527304745 0.18854784684397002
0 0.17062715914994106 0.31578021441100573 0.07142152380771338 0.19349001482874756
0 0.272262382022578 0.3241418596583703 0.07300220452587265 0.19667868182494191
0 0.37310271935659556 0.330191588403832 0.07300220452587265 0.1966786818249421
0 0.47084078258831213 0.3402749011416825 0.07458288524403187 0.19986734882113638
0 0.5717083909995685 0.3510121298871443 0.0746101563212708 0.20455484882113648
0 0.6694282735131258 0.35797044262499483 0.07143970452587248 0.19661501482874763
0 0.7718492915653025 0.36708150437426224 0.0714851563212708 0.20442751482874755
0 0.8719174692583997 0.37472556661782114 0.07460106596219092 0.20299234882113648
0 0.9665703973442803 0.38409129635186606 0.06685920531143949 0.19967634783255317
0 0.01335605639602544 0.5495861645247364 0.021403343089554126 0.1883276709505271
0 0.09074980337096333 0.5550283982131141 0.07143061416679297 0.19505251482874755
0 0.18928275214129933 0.5674236274528675 0.07302038524403179 0.1998036818249421
0 0.29012308947531684 0.5734733561983292 0.0714760659621911 0.20286501482874755
0 0.3925486527070334 0.5833656679475965 0.07303856596219101 0.20292868182494211
0 0.4933935352205907 0.5901966466930583 0.0746101563212708 0.2045548488211363
0 0.5958418243500063 0.6039952084423256 0.0714851563212708 0.20442751482874755
0 0.6920173875817228 0.6141421881763705 0.07462833703942984 0.2076798488211363
0 0.7951787490180413 0.6161901664275407 0.07614538524403187 0.19993101581733086
0 0.8905730622497579 0.6263689796596829 0.0667794756031114 0.2011115138401646
0 0.9773190833269968 0.6275229613708941 0.04335106596219092 0.20171900889724856
0 0.02652926384876427 0.7991086620532786 0.044877204525872606 0.19553267589344295
0 0.11177187226002064 0.8104825607606841 0.0730476563212707 0.2044911818249421
0 0.21338436923495854 0.8149379560080486 0.07300220452587255 0.1966786818249421
0 0.3142383421075955 0.8233314347535104 0.07769879488495217 0.19843218281352507
0 0.41351163426207316 0.8286635804951666 0.07141243344863372 0.19192751482874754
0 0.5182854926733296 0.8392416417501423 0.07303856596219109 0.20292868182494184
0 0.6136707155459665 0.8478579549822844 0.07145788524403188 0.19974001482874754
0 0.713729802879984 0.8539395172258434 0.07299311416679295 0.19511618182494211
0 0.8130349112912404 0.8647404129674996 0.07144879488495234 0.19817751482874754
0 0.9146610438047975 0.8715395582148642 0.06981357201231546 0.18561384783255336