1 0.67109375 0.75234375 0.10625 0.075
1 0.52890625 0.753125 0.1140625 0.078125
1 0.38828125 0.75234375 0.1234375 0.0875
1 0.240625 0.75390625 0.103125 0.08125
1 0.24609375 0.665625 0.109375 0.06875
1 0.3859375 0.66640625 0.115625 0.071875
1 0.52734375 0.6640625 0.1125 0.071875
1 0.6671875 0.66484375 0.109375 0.078125
1 0.6671875 0.5765625 0.109375 0.06875
1 0.52890625 0.575 0.128125 0.078125
1 0.38984375 0.578125 0.115625 0.071875
1 0.25 0.578125 0.115625 0.078125
1 0.66875 0.4890625 0.11875 0.06875
1 0.5265625 0.49453125 0.1140625 0.075
1 0.384375 0.48828125 0.1046875 0.078125
1 0.2421875 0.48671875 0.1125 0.075
1 0.2375 0.403125 0.103125 0.0703125
1 0.384375 0.4 0.1140625 0.078125
1 0.528125 0.40078125 0.115625 0.06875
1 0.66875 0.403125 0.11875 0.075
1 0.6734375 0.31796875 0.109375 0.071875
1 0.5265625 0.3140625 0.128125 0.078125
1 0.38984375 0.31328125 0.1125 0.0734375
1 0.2515625 0.3140625 0.1171875 0.071875
1 0.66953125 0.2234375 0.1125 0.071875
1 0.52890625 0.22421875 0.1140625 0.071875
1 0.39140625 0.22421875 0.103125 0.06875
1 0.24140625 0.2234375 0.11875 0.0734375