0 0.3016509122315284 0.8241965750784852 0.18452700246854192 0.3514407485296619
0 0.472906356760695 0.7395360492978875 0.20302242933027803 0.341485894391219
0 0.6201248892457644 0.6614187726127788 0.2062565321038196 0.3463371687014785
0 0.7636008258911463 0.5901280280398458 0.19837129692145866 0.34280273292582975
0 0.8885449680836114 0.5272296376053557 0.2080008700597225 0.35423155585660815
0 0.9159952080156252 0.8729350474888653 0.1680095839687496 0.2541299050222694
0 0.7803772839067716 0.9307215530295035 0.16137652393569457 0.13855689394099285
0 0.6048694440510077 0.9612495177515388 0.13056162860909737 0.07750096449692237
0 0.29199335714194474 0.3086944058111797 0.22489481648875015 0.20842108887329508
0 0.25344261626000036 0.46273345262267646 0.23161759517409736 0.22906113749381407
0 0.2017918101235769 0.5903361521931352 0.23063567021222245 0.1868736374938141
0 0.11144283310934092 0.7650694793077851 0.1370311405769446 0.1882104081860289
0 0.14080629084062576 0.9150860894391218 0.16493793502986126 0.16982782112175626
1 0.516431619109792 0.39692582541716936 0.10174695079743082 0.14734639077317446
0 0.6149743026210418 0.205455377655733 0.1818358007211806 0.23581574852966192
0 0.7225335359035419 0.26727370420455615 0.18972103590354178 0.2393501843053107
0 0.06272539086128504 0.38173135685197646 0.11206750816812514 0.1884627137039529
0 0.0801460141520488 0.22502433344622813 0.15454594889756962 0.20317366689245625
1 0.16975141517822925 0.11891817559888344 0.1436435100679862 0.13705734396167765
1 0.3180246078075348 0.08611339891377474 0.13234233415618063 0.12085913387576941