0 0.3673029390625 0.8738721625 0.6239898578124999 0.843655759375 0.5942517406250001 0.7667743359375 0.3422603140625 0.80250795625 0.3673029390625 0.8738721625
0 0.13195579531249998 1 0.20452586875 0.9886630265624999 0.148179959375 0.8208233125 0.057400439062499996 0.8327345140625001 0.1063665984375 1 0.13195579531249998 1
0 0.07305207968750001 0.6566535921875001 0.1356586484375 0.67397898125 0.1810484078125 0.558115434375 0.1153115109375 0.5440385531249999 0.07305207968750001 0.6566535921875001
0 0 0.4885622875 0.012280956249999999 0.5748335 0.0936694890625 0.5672536453125 0.0701920296875 0.41132513125000003 0 0.42977845312499996 0 0.4885622875
0 0.2186123453125 0.5686151859375 0.254611121875 0.6065144765625 0.3954758921875 0.52855021875 0.3547816265625 0.48848525625 0.2186123453125 0.5686151859375
0 0.3453906375 0.757028803125 0.42677917499999996 0.7526974562500001 0.40330171718749996 0.6108458234375 0.3281738375 0.6195085203125 0.3453906375 0.757028803125
0 0.41582302968749996 0.7340106125 0.5019070546875 0.7264307578125 0.48469024843749997 0.5802477765625 0.3970410578125 0.5878276312499999 0.41582302968749996 0.7340106125
0 0.2483504625 0.4060967796875 0.4299095046875 0.497055078125 0.475299265625 0.44724458125 0.29843571875 0.3595347921875 0.2483504625 0.4060967796875
0 0.1918694328125 0.3390537640625 0.27325796874999997 0.3130656796875 0.193434596875 0.1636341875 0.1151763875 0.1885394359375 0.1918694328125 0.3390537640625
0 0.22643816249999998 0.2631623984375 0.44399598281249997 0.29564750625 0.462777953125 0.22959445625 0.23895948125 0.19927502187499999 0.22643816249999998 0.2631623984375
0 0.24365496874999998 0.201533478125 0.4377353234375 0.2275215640625 0.45025663437499996 0.1744625546875 0.25617628125 0.1528058203125 0.24365496874999998 0.201533478125
0 0.49095090781249995 0.5900860921875 0.708508721875 0.5965831125000001 0.7069435562499999 0.53702708125 0.49095090781249995 0.5337785703125 0.49095090781249995 0.5900860921875
0 0.6443369890625 0.68697288125 0.7178997046875 0.8536205796875 0.8039837359374999 0.8342387015625 0.7257255265625 0.66964749375 0.6443369890625 0.68697288125
0 0.6412066656250001 0.5035520984375 0.841547671875 0.5382028796875 0.861894809375 0.4808125234375 0.658423465625 0.448327415625 0.6412066656250001 0.5035520984375
0 0.9385878515625 0.4982307890625 0.7617242984375 0.5803520046874999 0.808679225 0.6303368890625001 0.977716953125 0.5567039796875 0.9385878515625 0.4982307890625
0 1 0.32446485625 0.9479788359375 0.29131606875 0.79146241875 0.399599759375 0.861894809375 0.44507890781250004 1 0.3351494734375 1 0.32446485625
0 0.6890510109375 0.43756888125 0.8377416046875 0.338156671875 0.781395696875 0.29809170625000003 0.632705103125 0.392298515625 0.6890510109375 0.43756888125
0 0.5542209234375 0.3139945984375 0.5174621796875 0.2937865421875 0.339182334375 0.3470620609375 0.3509416640625 0.39825452031249997 0.54135541875 0.34522500312500004 0.5542209234375 0.3139945984375
0 0.5829122671875 0.209921953125 0.6736868359375 0.284601253125 0.714121465625 0.284601253125 0.7398526140625 0.27541582343750004 0.72514913125 0.24234822031249997 0.635090325 0.17437609999999998 0.6020073296875 0.1762130171875 0.58546586875 0.1909097609375 0.5829122671875 0.209921953125
0 0.7373512265625 0 0.7086078109375 0.0016898578125000001 0.644280009375 0.058639632812499995 0.60016935 0.11742632500000001 0.6203867015625 0.13763438125 0.667891596875 0.1318328390625 0.7637459234375 0.032920262500000005 0.7655836921875 0.0127124859375 0.7401468703125 0 0.7373512265625 0
0 0.8102893906249999 0.182361090625 0.780287175 0.113752209375 0.7490422999999999 0.11742632500000001 0.7343388171874999 0.1431454140625 0.7453665515625 0.1707017046875 0.77661135625 0.22397736250000003 0.800504596875 0.2203032453125 0.8152080093749999 0.205606503125 0.8102893906249999 0.182361090625