1 0.6015625 0.07109375 0.18125 0.140625
1 0.3984375 0.15546875 0.2421875 0.1875
1 0.16796875 0.3125 0.225 0.2171875
1 0.33515625 0.55390625 0.225 0.203125
1 0.5421875 0.3859375 0.215625 0.1796875
1 0.6921875 0.26796875 0.1734375 0.14375
1 0.29140625 0.9421875 0.253125 0.115625
1 0.128125 0.778125 0.1609375 0.2375
1 0.49296875 0.76328125 0.21875 0.1796875
1 0.66171875 0.57734375 0.178125 0.1578125
1 0.78828125 0.43828125 0.140625 0.13125
1 0.6453125 0.91796875 0.18125 0.1640625
1 0.77890625 0.7421875 0.159375 0.1390625
1 0.87734375 0.5984375 0.1421875 0.125
1 0.86796875 0.87578125 0.134375 0.128125
1 0.94765625 0.72578125 0.1046875 0.125
1 0.76640625 0.9890625 0.159375 0.021875