1 0.2684275299522489 0.3606413335874997 0.09250001324684387 0.10051045269729171
1 0.35579360989664854 0.2953780498681594 0.08781251324684387 0.10040134992375008
1 0.27838039411006665 0.455644709062465 0.089702395460829 0.10981271751493064
1 0.37863336525412616 0.4907808156357289 0.0928273954608291 0.1098854526972918
1 0.48360111824935104 0.525026569435451 0.09422620435383652 0.10523432028847228
1 0.5884870256910796 0.561616073235173 0.08797620435383635 0.10508884992375016
1 0.699541087579312 0.600403856670173 0.09589783175849824 0.10839568787965277
1 0.3626487559056318 0.3896729105254858 0.08452382213985139 0.095641114741389
1 0.46610857260318744 0.4223925319163885 0.09093751324684404 0.10047408510611114
1 0.5646899163425853 0.4606900060808329 0.0815079495445131 0.09869337955902786
1 0.6735639193378102 0.4948448409026035 0.08506945916315978 0.11126611474138884
1 0.7576685900263826 0.43356054236562436 0.08016370435383653 0.1049070119678472
1 0.5534473706964217 0.3579104981970481 0.08808533175849824 0.10821384992375008
1 0.6551264325846541 0.3969164871791314 0.08619544954451311 0.0988024823325695
1 0.4469171177011969 0.32370111198850654 0.08307044954451293 0.09872974715020835