0 0.2360411921875 0.5962884109375 0.2013125796875 0.35138424218750003 0.1319554921875 0.37572254374999997 0.161322059375 0.62519014375 0.2360411921875 0.5962884109375
0 0.0203931203125 0.217523578125 0.18351234375 0.1627623984375 0.17193614375 0.07453605156250001 0.00565976875 0.123212653125 0.0203931203125 0.217523578125
0 0.43704617187499994 0.194706421875 0.450727140625 0.130818375 0.3412794 0.08974749062500001 0.3244412875 0.1505932484375 0.43704617187499994 0.194706421875
0 0.5814933875 0.086967878125 0.561498128125 0.0109106828125 0.42258369218749997 0.030685554687499998 0.4299503640625 0.109785034375 0.5814933875 0.086967878125
0 0.46756525625 0.4031031328125 0.5065033921875 0.36355339375 0.428627115625 0.2312138734375 0.39179374375 0.26620018437500004 0.46756525625 0.4031031328125
0 0.387584215625 0.41070885625000003 0.37916515624999997 0.3376939484375 0.24551263125 0.3544265265625 0.249722159375 0.4335260109375 0.387584215625 0.41070885625000003
0 0.41850666406250003 0.48980833593749995 0.4111399875 0.404624278125 0.2690684046875 0.42287800625000005 0.27643507968750003 0.5065409187500001 0.41850666406250003 0.48980833593749995
0 0.546584171875 0.4806814734375 0.6318271234374999 0.3087922140625 0.5865746921875 0.26011560624999996 0.4981745953125 0.43656829999999996 0.546584171875 0.4806814734375
0 0.8222180234375 0.2067442484375 0.7980132359375001 0.1306870515625 0.6517321234375 0.2052231046875 0.6769892921875 0.28432258906249996 0.8222180234375 0.2067442484375
0 0.7581128875 0.46851232343750004 0.7875795875 0.25098874531250004 0.72548904375 0.2388195890625 0.6939175796875 0.4502585953125 0.7581128875 0.46851232343750004
0 0.8116942046875 0.45634316718749995 0.83274184375 0.2677213234375 0.7853846515625 0.25555217343750003 0.7601274796874999 0.4441740171875 0.8116942046875 0.45634316718749995
0 0.4593268046875 0.7058107687499999 0.4624839515625 0.4958929140625 0.4077600796875 0.4958929140625 0.4014457875 0.7073319140625001 0.4593268046875 0.7058107687499999
0 0.1686887359375 0.8001216937500001 0.328650815625 0.724064496875 0.3118127046875 0.6449650109375 0.149851971875 0.716458775 0.1686887359375 0.8001216937500001
0 0.513960328125 0.8564040171875 0.5455317921875 0.65865530625 0.49186030468749997 0.6419227281250001 0.45818407656250004 0.83662914375 0.513960328125 0.8564040171875
0 0.3686413359375 0.804685121875 0.4402033203125 0.9689686640625 0.4970319515625 0.93094006875 0.4172203953125 0.759050803125 0.3686413359375 0.804685121875
0 0.6981271953125 0.94006693125 0.592888984375 0.7879525375 0.5486889359375 0.8564040171875 0.6612938234375 0.9978703984375 0.6981271953125 0.94006693125
0 0.6915421234375 0.7781689421875 0.5999848796875 0.633660271875 0.55598774375 0.6884214515625 0.652603984375 0.832930121875 0.6915421234375 0.7781689421875