1 0.3703125 0.526587869109792 0.165625 0.253854964665139
1 0.60859375 0.6540089267648269 0.171875 0.2602504350298613
1 0.8375 0.7679305288727785 0.1734375 0.2774743026210418
1 0.93359375 0.39516713573038276 0.1328125 0.26246624525034734
1 0.715625 0.27603135676069507 0.16875 0.26955269984750013
1 0.48046875 0.15415178428802123 0.171875 0.26650043502986126
1 0.1453125 0.4057259359797918 0.178125 0.2760209053945834
1 0.06328125 0.7772541374428126 0.1265625 0.25763327488562504
1 0.26875 0.8872473864928822 0.178125 0.22550522701423584
1 0.4953125 0.9500584706490628 0.175 0.09988305870187446
1 0.2625 0.07329725531833356 0.16875 0.13830269984750015