0 0.48695944682972414 0.704511016843095 0.23862967207625302 0.25330004942915885
0 0.38189802556424995 0.5893714950942652 0.23339670129724627 0.22185904844057552
0 0.6711729853862082 0.523869806386422 0.19893988068039511 0.21577087452429886
0 0.8054547077900679 0.34509750205152845 0.19619671022569998 0.2375185405319101
0 0.540858599430807 0.16958953018896789 0.17029668344033871 0.18493736859279988
0 0.7018700117678275 0.26983356380079576 0.18550467207625304 0.2511353715585495
0 0.46206539772652383 0.12812493037924827 0.15313645697928915 0.1857995316346616
0 0.48045075365015266 0.3763541833449978 0.18764782467404081 0.19501270555093822
0 0.30238207507778264 0.5065006452845455 0.20965919236879244 0.2037165434976597
0 0.32691092207625305 0.25689723471414183 0.16878873051823948 0.1879987015966055
0 0.1582893814911741 0.3468325321289532 0.18852848620028234 0.1560138725471326
0 0.22186668627971257 0.4110979619767289 0.19475121266133194 0.15470604053191012
0 0.39323139731948664 0.2994149985543063 0.16813416558343128 0.1504987015966055