0 0.3597654986412036 0.8316731057412186 0.22590956128367523 0.3366537885175628
0 0.5165743413596859 0.738263934333581 0.24293328697341568 0.3513555474519924
0 0.6511363698538168 0.6431808804929791 0.24630394843880482 0.35617038144438096
0 0.7821606405460317 0.5549699091618912 0.23980828697341572 0.35122821345960364
0 0.8862368113972465 0.4777773508726648 0.22752637720550695 0.36404654844057555
0 0.9358234718445534 0.8241549437623021 0.12835305631089328 0.27693386760421673
0 0.8457749197175313 0.9060350020515285 0.1774300384437538 0.17250103558899427
0 0.6779975995002863 0.9512878925659418 0.14035276232447186 0.09742421486811637
0 0.28146684249133963 0.32797905585494935 0.24567542740790582 0.22517504942915875
0 0.2640380823145743 0.48630355041774187 0.2544705732694628 0.24424338441013074
0 0.23057820838842763 0.6213669585166878 0.24765400723608924 0.2034273834215476
0 0.16462341700399782 0.8057791092012596 0.15678334577069997 0.19504719764227268
0 0.21438880087976725 0.9320285914067625 0.18541295680654796 0.13594281718647494
1 0.5131163121881863 0.3896500207974277 0.1187167797373263 0.15295785672980172
0 0.585119707711059 0.18677437159573046 0.20775934757972223 0.24545837452429894
0 0.698390991632257 0.23582597832553223 0.21589939620024126 0.25202670950527095
0 0.07473988692798714 0.4294765943725121 0.11475962008095948 0.1964531887450242
0 0.0797505342598822 0.2722052638401644 0.14230476594251648 0.21628552768032883
1 0.13582239258219667 0.1520956936879401 0.1590142311168074 0.14836319863085595
1 0.2774057049975256 0.10173489083592131 0.14396908525525037 0.12904019566510647