0 0.43359375 0.675 0.19375 0.2046875
0 0.35859375 0.54375 0.19609375 0.17265625
0 0.659375 0.53359375 0.159375 0.1765625
0 0.834375 0.384375 0.1515625 0.2
0 0.61640625 0.165625 0.13671875 0.15078125
0 0.75078125 0.2921875 0.1359375 0.21953125
0 0.54921875 0.11015625 0.11796875 0.15703125
0 0.50703125 0.3546875 0.153125 0.15703125
0 0.3 0.4484375 0.17421875 0.16015625
0 0.38515625 0.21015625 0.134375 0.15546875
0 0.196875 0.26640625 0.1640625 0.11484375
0 0.24375 0.340625 0.171875 0.11171875
0 0.43984375 0.2640625 0.14375 0.1140625