0 0.259380806612048 0.4115650156939147 0.05417951734563573 0.09248016587924912
0 0.24802458859804863 0.5143353516287641 0.057340880012726636 0.09571429328391083
0 0.3031580786123661 0.41074904935917866 0.05258065467854491 0.08930060217691822
0 0.29492686059836676 0.5136285126986897 0.055851105346908445 0.10190972958157989
0 0.3426831079328667 0.5066989556197808 0.05109088001272664 0.0954960384745874
0 0.39048480860123025 0.495863148540872 0.05897610534690845 0.10201885698624161
0 0.4382774186028211 0.4858085914619631 0.05579656134627218 0.09722222958158007
0 0.34782568861395696 0.40058536487560803 0.055742017345635816 0.09253472958157989
0 0.30398478194622974 0.406870081210344 0.05105451734563582 0.09237103847458741
0 0.39798022994909327 0.3890501533501953 0.057377242679817544 0.09883929328391083
0 0.44034045261777505 0.3756796233131285 0.05265338001272681 0.09555060217691827
0 0.25824228389564113 0.7780803930985764 0.10267156134627217 0.09885914065150558
0 0.3683621712285503 0.7850521341129018 0.10103633601209036 0.09255457694917482
0 0.27364965523554996 0.7301612482707195 0.09943747334499946 0.08937501324684387
0 0.3783189739020045 0.7353795163268868 0.10254429201145401 0.08792164065150558
0 0.2852144112428678 0.6766369441870355 0.09304202267663593 0.07665675843752044
0 0.29670644191600387 0.6293626401033514 0.09142497867599957 0.07191469473518967
0 0.09005645257800407 0.6565352313956785 0.055978374681726575 0.11284722958157989
0 0.05544618992682156 0.5412177662420687 0.05427042401336302 0.10029266587924912
0 0.12400473858214026 0.6272396009957919 0.06546246268299924 0.12254961179556503
0 0.09326436326386683 0.5151835450980093 0.051145424013363014 0.10018353847458741
0 0.16183200258595826 0.6004241298517324 0.057522693348181164 0.11133929328391083
0 0.12635867393382122 0.49211063284695733 0.05746814934754481 0.10665179328391083
0 0.16645696260345746 0.4716270072563942 0.06529883068109026 0.10848711179556503
0 0.19801495058882176 0.5805853450053421 0.06538973734881748 0.11629961179556503
0 0.19887002060791178 0.43993306315417663 0.06061133068109026 0.10832342068857255
0 0.4285740599140949 0.6480357729503088 0.10308973201781732 0.1347966406515056
0 0.5344053419000956 0.7548983865599724 0.10632382001909005 0.1442807680561673
0 0.6105416752466859 0.6598611942718534 0.10719542934436319 0.08496033175849824
0 0.7282291619191856 0.6209847219466677 0.10248974801081764 0.08323414065150558
0 0.5353251412715029 0.47434779100647617 0.09931020401018138 0.07843751324684405
0 0.5535206105983668 0.5226588054344464 0.09927384134309047 0.07531251324684404
0 0.5709530112587762 0.5693800380112511 0.09769316000954512 0.07369544954451293
0 0.5884581372533674 0.6098512705880561 0.10238066000954511 0.07385914065150559
0 0.6396222899427298 0.4443825272114781 0.1007454346753633 0.06755457694917481
0 0.660188781269912 0.4904316371929445 0.0960579346753633 0.06739088584218215
0 0.6823995885980486 0.529504060876742 0.09774770401018137 0.07838294954451311
0 0.7045376705920035 0.5748264845605394 0.10076361600890867 0.06911707694917482
0 0.8756779686107754 0.44246539626343734 0.07138519867918128 0.09464286660488849
0 0.8234342159452751 0.43204376223535357 0.07452838001272673 0.09631449400955017
0 0.7736887546149115 0.40842272376076616 0.07619996801399935 0.10574405771188111
0 0.7247699966184113 0.38092271713734427 0.07609088001272664 0.09636905771188112
0 0.676705213956093 0.3471999923650877 0.069768154678545 0.08990080290255768
0 0.5466359059516386 0.3754837050716267 0.08535679201145392 0.08732143992586625
0 0.6182660052912292 0.3318726035276806 0.08842724801081765 0.08274306733052797