0 0.5037552125 0.8193910328125 0.5319823328125 0.8264445609375001 0.5542328015625 0.802028259375 0.5249255374999999 0.7453293109375 0.5090478421875 0.7276955515625 0.473763990625 0.7347489484375 0.47552815312499996 0.7735432921875 0.5037552125 0.8193910328125
0 0.48258495312500005 0.724168721875 0.49669848125 0.71182514375 0.5035273328125001 0.6873898109375001 0.48082071718749997 0.6254197125000001 0.4631787921875 0.6113126531249999 0.429659171875 0.6166028328125 0.4226023703125 0.6430534671875 0.45435782812500003 0.710061796875 0.48258495312500005 0.724168721875
0 0.43671590312499997 0.5972057265624999 0.4525936625 0.5742817921875 0.4462081109375 0.5529100921875 0.4226023703125 0.49316653749999995 0.3926110828125 0.4755327828125 0.3643840234375 0.4896398421875 0.3590914578125 0.51256364375 0.40672461093749995 0.598969078125 0.43671590312499997 0.5972057265624999
0 0.39613934687499996 0.41205128750000003 0.382025953125 0.38207381875 0.38007054687499997 0.3831570046875 0.346742096875 0.315065625 0.32027920781249997 0.3009585640625 0.2991087453125 0.3185923234375 0.28852375 0.3379894265625 0.3343926015625 0.4437919671875 0.3661481890625 0.4561356765625 0.3890826859375 0.44026526875 0.39613934687499996 0.41205128750000003
0 0.4226023703125 0.3556231859375 0.42083820781250003 0.3238825046875 0.41025300937500003 0.295668384375 0.39084691718750003 0.2515839953125 0.36967645312499997 0.235713721875 0.346742096875 0.2462938140625 0.3343926015625 0.2656910515625 0.336156903125 0.293905171875 0.36261979218749996 0.322119153125 0.3767333890625 0.3556231859375 0.39084691718750003 0.375020421875 0.412017240625 0.3732569390625 0.4226023703125 0.3556231859375
0 0.4349517359375 0.3895848421875 0.39613934687499996 0.41205128750000003 0.401432046875 0.4526088421875 0.41025300937500003 0.45835665781249996 0.42083820781250003 0.498914078125 0.4349517359375 0.5178538234375 0.4525936625 0.5213805234375 0.4719997546875 0.5160904765625001 0.48082071718749997 0.4883339859375 0.4631787921875 0.4548296890625 0.4349517359375 0.3895848421875
0 0.49140625 0.59375 0.08125 0.10625
0 0.54140625 0.7015625 0.06875 0.096875
0 0.4109375 0.24609375 0.1 0.1359375
0 0.46953125 0.39609375 0.08125 0.13125
0 0.5140625 0.528125 0.0765625 0.1046875
0 0.56015625 0.6390625 0.0671875 0.103125
0 0.44453125 0.18359375 0.1 0.15
0 0.4984375 0.33515625 0.08125 0.1203125
0 0.540625 0.46875 0.071875 0.109375
0 0.5796875 0.57890625 0.06875 0.1