1 0.23301595207640177 0.5837907987027537 0.09989585099579193 0.1329136858759707
1 0.3166791347458739 0.4947771172910099 0.09488096878180681 0.12345686525911966
1 0.2992709238534334 0.667842470375265 0.0964434687818068 0.12348413879807012
1 0.5388641256753812 0.2759241570653099 0.08485120435383653 0.10454322402541774
1 0.47019846042910435 0.3466963530875504 0.0868502139724832 0.11707049756436802
1 0.3919668222246694 0.41216344034349295 0.0932093413771451 0.12030459172016936
1 0.38533242022523634 0.5803503786550956 0.10000497840045357 0.1360386858759707
1 0.610932587833766 0.34736673458201983 0.08819445916315978 0.11084777110331831
1 0.5382788270339928 0.41586336445163613 0.09013890507947586 0.12181254464226861
1 0.46441723029937015 0.49454351786020273 0.09638890507947587 0.12192163879807012
1 0.8206945121505356 0.4891064009795253 0.08992065027015243 0.1155625446422686
1 0.8275844076113646 0.5968643539016245 0.0944990228654909 0.11251936525911965
1 0.7187500662342196 0.4799416810112973 0.09282739546082901 0.10936709172016953
1 0.7226513709508758 0.5916604310112973 0.09455358656782167 0.11408186525911965
1 0.6217337116950487 0.5895133242735943 0.0880307680561673 0.10616027110331831
1 0.6226563162342196 0.48161900365674326 0.08317957694917481 0.10139095048646744
1 0.521570020588056 0.586571330766416 0.08350695916315995 0.11076595048646727