0 0.8859375 0.89921875 0.190625 0.05
0 0.88359375 0.79296875 0.196875 0.05
0 0.8890625 0.6921875 0.190625 0.0484375
0 0.884375 0.590625 0.196875 0.046875
0 0.88515625 0.4890625 0.190625 0.0484375
0 0.884375 0.3859375 0.190625 0.0515625
0 0.88203125 0.2859375 0.196875 0.0484375
0 0.884375 0.178125 0.19375 0.0484375
0 0.88203125 0.0765625 0.19375 0.05
0 0.87890625 0.9890625 0.1875 0.01875
0 0.63671875 0.95234375 0.184375 0.04375
0 0.63515625 0.84921875 0.1875 0.0484375
0 0.63515625 0.74296875 0.190625 0.05
0 0.63671875 0.64453125 0.190625 0.05
0 0.63515625 0.540625 0.19375 0.05
0 0.6328125 0.4359375 0.2 0.0515625
0 0.63515625 0.33359375 0.190625 0.0484375
0 0.6328125 0.23046875 0.2 0.0484375
0 0.63359375 0.12890625 0.196875 0.05
0 0.63203125 0.0265625 0.19375 0.05
0 0.384375 0.98984375 0.190625 0.0171875
0 0.38671875 0.9 0.190625 0.0484375
0 0.3828125 0.7984375 0.196875 0.05
0 0.38515625 0.69609375 0.196875 0.0484375
0 0.38359375 0.59296875 0.196875 0.05
0 0.384375 0.4890625 0.2 0.05
0 0.3796875 0.38359375 0.2 0.046875
0 0.37734375 0.2828125 0.203125 0.05
0 0.38359375 0.178125 0.19375 0.053125
0 0.38125 0.07890625 0.2 0.04375
0 0.13359375 0.9515625 0.190625 0.05
0 0.13125 0.8484375 0.2 0.05
0 0.13515625 0.7453125 0.190625 0.0484375
0 0.134375 0.6421875 0.19375 0.0546875
0 0.1375 0.540625 0.1875 0.0484375
0 0.13515625 0.43671875 0.196875 0.05
0 0.134375 0.334375 0.196875 0.0484375
0 0.13671875 0.23203125 0.190625 0.05
0 0.134375 0.1296875 0.19375 0.0484375
0 0.1359375 0.02578125 0.19375 0.0515625