0 0.25859375 0.3671875 0.1 0.115625
0 0.35 0.3921875 0.09375 0.1171875
0 0.6078125 0.46640625 0.0875 0.10625
0 0.6390625 0.32734375 0.08125 0.103125
0 0.290625 0.2265625 0.09375 0.1109375
0 0.35078125 0.39140625 0.08125 0.1125
0 0.38203125 0.25 0.096875 0.1109375
0 0.43984375 0.415625 0.075 0.10625
0 0.47265625 0.2796875 0.090625 0.103125
0 0.52578125 0.44140625 0.08125 0.10625
0 0.56171875 0.3046875 0.08125 0.1046875
0 0.40625 0.6875 0.10625 0.1109375
0 0.47421875 0.81484375 0.121875 0.10625
0 0.52265625 0.640625 0.1375 0.10625