0 0.52043010625 0.4802867375 0.48172043125 0.5978494624999999 0.4802867375 0.6451612890625 0.5103942671875 0.6824372750000001 0.551971325 0.6666666671875 0.6093189953125 0.5032258046875 0.612186378125 0.46021505312500005 0.5935483859375 0.4344086 0.56200716875 0.42293906718749996 0.5347670265625 0.43584229375000005 0.52043010625 0.4802867375
0 0.5491039421874999 0.2666666671875 0.587813621875 0.418637990625 0.613620071875 0.45304659531249997 0.6523297515625 0.458781359375 0.6781362 0.4315412171875 0.6824372750000001 0.41146953281250004 0.623655915625 0.20071684374999998 0.5949820796874999 0.182078853125 0.5591397859375 0.18351254687500002 0.5376344093750001 0.21792114687500003 0.5491039421874999 0.2666666671875
0 0.44444444375 0.414336915625 0.2724014359375 0.45734767187500003 0.24229390624999997 0.4702508984375 0.23369175625 0.4989247328125 0.239426525 0.5290322578125 0.259498209375 0.5491039421874999 0.46021505312500005 0.5089605734375 0.47885304375000004 0.4874551953125 0.48458781406250007 0.45734767187500003 0.4759856625 0.425806453125 0.44444444375 0.414336915625
0 0.8946236578125 0.6107526890625 0.7240143375 0.59641576875 0.6953405015625 0.6107526890625 0.6881720437500001 0.6437276 0.6967741953125001 0.668100359375 0.72258064375 0.6896057328125 0.9132616484374999 0.708243728125 0.9405017906250001 0.68387096875 0.9405017906250001 0.6494623640625 0.9261648750000001 0.622222221875 0.8946236578125 0.6107526890625
0 0.5863799281250001 0.7483870984375 0.59641576875 0.7154121859375 0.583512546875 0.6767025109375 0.5591397859375 0.6609318984375 0.361290325 0.739784946875 0.339784946875 0.7684587828125 0.342652328125 0.81003584375 0.3684587828125 0.8372759859375 0.4344086 0.81003584375 0.5863799281250001 0.7483870984375
0 0.26093189843750003 0.7512544796875 0.258064515625 0.6953405015625 0.216487453125 0.6767025109375 0.18351254687500002 0.6924731203125 0.0759856625 0.81003584375 0.06164874687500001 0.8530465953125 0.096057346875 0.8845878140625001 0.1390681015625 0.8688172046875 0.16200716875 0.8215053781250001 0.26093189843750003 0.7512544796875
0 0.8272401421875 0.1390681015625 0.8229390671875001 0.0946236578125 0.79426523125 0.0716845859375 0.7569892484375 0.07741935625 0.658064515625 0.24802867499999998 0.6451612890625 0.27956989375 0.658064515625 0.31827956875 0.6881720437500001 0.334050178125 0.7168458796875 0.3154121859375 0.8272401421875 0.1390681015625
0 0.8530465953125 0.3154121859375 0.9820788531250001 0.24516128906249998 0.9820788531250001 0.2050179203125 0.960573475 0.18637992812499998 0.9189964171874999 0.176344084375 0.75555555625 0.26523297343749996 0.7340501781250001 0.28243727500000004 0.7268817203125 0.31827956875 0.735483871875 0.342652328125 0.778494621875 0.34838709843750004 0.8530465953125 0.3154121859375
0 0.2781362 0.0845878140625 0.3068100359375 0.1275985640625 0.3885304671875 0.22365591562499998 0.418637990625 0.23799283125 0.45734767187500003 0.23799283125 0.47168458593749996 0.220788528125 0.4759856625 0.19354838593749998 0.341218640625 0.0172043015625 0.30967741718749997 0 0.2752688171875 0.014336915624999998 0.2695340484375 0.0544802890625 0.2781362 0.0845878140625
0 0.2265232984375 0.32688172031249996 0.182078853125 0.273835125 0.1476702484375 0.2695340484375 0.13046595156250002 0.2910394265625 0.13333333281249998 0.32831541406250003 0.21935484062500002 0.455913978125 0.24372760000000002 0.46594982187499995 0.2695340484375 0.45734767187500003 0.2853046578125 0.430107528125 0.28100358281250004 0.38709677343750004 0.2265232984375 0.32688172031249996
0 0.4759856625 0.8358422937500001 0.47311827968750003 0.8903225828125001 0.5218638 0.9247311828125 0.739784946875 0.896057346875 0.7469534046875 0.8444444437499999 0.7340501781250001 0.818637990625 0.698207884375 0.8 0.5060931906249999 0.81003584375 0.4759856625 0.8358422937500001
0 0.8874551953125 0.99641576875 0.8688172046875 0.7498207859375 0.8430107515625 0.7240143375 0.8028673828124999 0.7254480265625001 0.779928315625 0.7526881734375 0.784229390625 0.8272401421875 0.8 0.99928315625 0.8874551953125 0.99641576875
0 0.1232974890625 0.47885304375000004 0.11612903125 0.5691756265625 0.1146953421875 0.5691756265625 0.106093190625 0.702508959375 0.13333333281249998 0.7283154140625 0.1634408625 0.7211469562499999 0.187813621875 0.6953405015625 0.19928315624999998 0.4802867375 0.177777778125 0.45734767187500003 0.1491039421875 0.45734767187500003 0.1232974890625 0.47885304375000004
0 0.8315412171875 0.40143369375000004 0.8702508984374999 0.3727598578125 0.8702508984374999 0.3512544796875 0.860215053125 0.32114695625 0.8315412171875 0.32688172031249996 0.775627240625 0.34408602187500004 0.693906809375 0.395698925 0.6781362 0.41720430156250005 0.6752688171875 0.45448028906250004 0.6953405015625 0.4802867375 0.7340501781250001 0.48458781406250007 0.8286738359375001 0.41720430156250005 0.8315412171875 0.40143369375000004
0 0.213620071875 0.227956990625 0.24516128906249998 0.34408602187500004 0.28100358281250004 0.378494621875 0.2853046578125 0.41003584374999996 0.28387096875 0.45017921406249994 0.3541218625 0.4344086 0.3526881734375 0.41720430156250005 0.342652328125 0.374193546875 0.28100358281250004 0.21218637812500002 0.24372760000000002 0.19354838593749998 0.213620071875 0.227956990625