0 0.8348312171875 0.3127530390625 0.7964146109375 0.58434548125 0.8790685171874999 0.6163967625 0.9115536593750001 0.3397435890625 0.8348312171875 0.3127530390625
0 1 0.044672384375 0.8673272750000001 0.00573549375 0.85452174375 0.10357625 1 0.152537859375 1 0.044672384375
0 0.5589301546875001 0.068151146875 0.57406396875 0.139001353125 0.69862689375 0.090080975 0.6800006640625 0.0226045890625 0.5589301546875001 0.068151146875
0 0.41939666875 0 0.414277225 0.0195220703125 0.5819133140625 0.0448257109375 0.5860775484375 0 0.41939666875 0
0 0.4972307609375 0.3262483140625 0.5403039203125 0.3701079609375 0.6241219640625 0.218286103125 0.583377084375 0.1794871796875 0.4972307609375 0.3262483140625
0 0.6380916421875 0.297570853125 0.6287785218749999 0.37854251250000004 0.781280796875 0.40384615312500005 0.7859373546875 0.316126853125 0.6380916421875 0.297570853125
0 0.6027212515625 0.37179487187500004 0.594572275 0.4662618078125 0.7517311062500001 0.4848178140625 0.759880084375 0.39203778906250003 0.6027212515625 0.37179487187500004
0 0.3585983140625 0.2655195703125 0.452893615625 0.456140353125 0.50644403125 0.407219975 0.40865631406249997 0.2115384609375 0.3585983140625 0.2655195703125
0 0.17476411875 0.0680055125 0.1479889109375 0.15235099375 0.3086401640625 0.238383384375 0.33657950937500003 0.15066408281250002 0.17476411875 0.0680055125
0 0.186305765625 0.20141700624999997 0.218901671875 0.44264507656249996 0.28991418125 0.4224021609375 0.2549899953125 0.18792172499999998 0.186305765625 0.20141700624999997
0 0.1363475171875 0.21997300625 0.1596303046875 0.42914979531249997 0.21667314218749997 0.41565451875 0.1887337921875 0.20647773125 0.1363475171875 0.21997300625
0 0.54592483125 0.4730094484375 0.5494172515625 0.7058029671875 0.613444925 0.707489878125 0.6064600890625 0.4730094484375 0.54592483125 0.4730094484375
0 0.6939703359375 0.7260458843750001 0.8709195390625 0.810391365625 0.89175666875 0.7176113328125 0.712596565625 0.6383265828125 0.6939703359375 0.7260458843750001
0 0.45405775156250006 0.65350876875 0.4889819375 0.87280701875 0.5506813312500001 0.8508771921875 0.5134288671875 0.6349527687500001 0.45405775156250006 0.65350876875
0 0.5705715484375 0.9976383265625 0.6497330359375 0.8154520890624999 0.5959951375 0.7648448015625 0.5077080171875 0.9554655890625 0.5705715484375 0.9976383265625
0 0.34957560625 1 0.4505653359375 0.87280701875 0.40167147812500004 0.7968960828125 0.28525752656250003 0.9655870453125001 0.3071310921875 1 0.34957560625 1
0 0.3938220359375 0.6257899171875 0.2925418984375 0.7860463265625001 0.3356150625 0.8467750703125001 0.44249143437500005 0.6865186609375 0.3938220359375 0.6257899171875