0 0.1671245 0.39079670625 0.1417691109375 0.4139029609375 0.149093928125 0.443215740625 0.19670504375 0.47252845624999995 0.2369914765625 0.474360471875 0.244316159375 0.4377195484375 0.226004178125 0.42123117343749994 0.1671245 0.39079670625
0 0.35052568281249996 0.46703233125 0.2861721203125 0.443452384375 0.260796965625 0.45054388437500004 0.24797863437499998 0.46520024062500004 0.262628134375 0.49451302343750003 0.33221370625 0.527489846875 0.3596816734375 0.5201616296875 0.365175321875 0.48535279375 0.35052568281249996 0.46703233125
0 0.48786551874999995 0.527489846875 0.425824134375 0.5029761921875 0.403630446875 0.49634504375 0.379824821875 0.5128334859375 0.3779936484375 0.5439782890625 0.46772237031249997 0.5934434859375 0.49152785625 0.5879473609375 0.5061774953125 0.5586346437499999 0.48786551874999995 0.527489846875
0 0.669154125 0.6557332265625 0.68746610625 0.6337485140625 0.672816465625 0.6062678218750001 0.6021061875 0.571657509375 0.603231034375 0.56962689375 0.5721005859375 0.554970678125 0.5428014515624999 0.56229875 0.52632064375 0.5861153406249999 0.5391391109375 0.6190922984375 0.64901098125 0.6667253359374999 0.669154125 0.6557332265625
0 0.6947907843750001 0.6172601390625 0.7240900625 0.6190922984375 0.744233346875 0.6062678218750001 0.755220365625 0.582451375 0.738739696875 0.5604666640625 0.6929597546874999 0.5403141828125 0.6636604765625 0.5293218609375 0.630699 0.527489846875 0.6123870234375001 0.5384820968749999 0.610555715625 0.5604666640625 0.630699 0.57512301875 0.6654916484375 0.589779446875 0.6947907843750001 0.6172601390625
0 0.462228721875 0.5146655046874999 0.48189691874999996 0.5293218609375 0.524014240625 0.5403141828125 0.529983125 0.5494744140625001 0.5721005859375 0.554970678125 0.595431125 0.5146655046874999 0.5276768609375 0.48535279375 0.4928839375 0.46703233125 0.4640598890625 0.47619256249999997 0.4585663796875 0.49634504375 0.462228721875 0.5146655046874999
0 0.3828125 0.45625 0.109375 0.084375
0 0.271875 0.40390625 0.1015625 0.071875
0 0.74453125 0.5390625 0.140625 0.1046875
0 0.58828125 0.478125 0.134375 0.084375
0 0.4515625 0.4328125 0.109375 0.0796875
0 0.33671875 0.384375 0.1078125 0.06875
0 0.80859375 0.5046875 0.15625 0.103125
0 0.6515625 0.44921875 0.125 0.084375
0 0.51328125 0.4046875 0.1125 0.0734375
0 0.3984375 0.3640625 0.103125 0.0703125