1 0.28828125 0.35625 0.084375 0.09453125
1 0.3765625 0.296875 0.0796875 0.09375
1 0.296875 0.4515625 0.08125 0.103125
1 0.39609375 0.49453125 0.084375 0.103125
1 0.50078125 0.53671875 0.08515625 0.09921875
1 0.6046875 0.58125 0.07890625 0.09921875
1 0.71484375 0.62890625 0.08671875 0.1015625
1 0.38203125 0.3921875 0.07734375 0.08984375
1 0.484375 0.4328125 0.08203125 0.09453125
1 0.5828125 0.47890625 0.07265625 0.09296875
1 0.690625 0.52109375 0.07578125 0.10625
1 0.77578125 0.465625 0.07109375 0.1
1 0.5734375 0.375 0.07890625 0.1015625
1 0.67421875 0.421875 0.07734375 0.09296875
1 0.4671875 0.3328125 0.07421875 0.09375