0 0.756571178125 0.6186594624999999 0.748106978125 0.554301725 0.64822935625 0.47639499531249996 0.51280210625 0.3849392171875 0.43323864843750004 0.33751773281249997 0.3706034671875 0.3358240671875 0.323204009375 0.36800296875 0.31135404375000003 0.43066710625000004 0.3485966171875 0.48147585781249996 0.6059083375000001 0.6457575015625 0.6719291468749999 0.674549075 0.712557221875 0.6643874796875 0.756571178125 0.6186594624999999
0 0.7193287374999999 0.7185833640625 0.7430284046875 0.7321324796875001 0.7870423640624999 0.6694682140625 0.8327490093750001 0.43744156875 0.8293633781249999 0.37477749375 0.781963790625 0.3459858578125 0.7362571421874999 0.3459858578125 0.6776719203125 0.372910053125 0.6516149828125 0.4747013328125 0.6956288140625 0.4984121109375 0.7396427734375 0.5424463328125 0.756571178125 0.6000296140625 0.7345642 0.652531959375 0.665157759375 0.681323728125 0.634686578125 0.6779363375 0.6465365375000001 0.7016471109375 0.68885755625 0.7016471109375 0.7193287374999999 0.7185833640625
0 0.8496774140625 0.6271275859375 0.827936471875 0.6311111109375 0.7836567328124999 0.674549075 0.7768852171875 0.7270514890625 0.80397076875 0.7964900890625 0.844598840625 0.8727032140625001 0.8666058218750001 0.9404482171874999 0.8767629687499999 0.9556908671875 0.9901832359375 0.8100391421875001 0.9664833156249999 0.7338259515625001 0.9123124671875 0.652531959375 0.8496774140625 0.6271275859375
0 0.91569809375 0.5424463328125 0.881841284375 0.603416875 0.8869198578124999 0.6372893734375 0.9275481859375001 0.6593064890625 0.9681762578124999 0.7456813375 0.9918759250000001 0.8049582140625 0.9951322359375 0.540105821875 0.9478622218750001 0.528897346875 0.91569809375 0.5424463328125
0 0.68885755625 0.36630936875 0.705785959375 0.3544539828125 0.748106978125 0.34259859531250003 0.80397076875 0.3459858578125 0.8293633781249999 0.37816469375 0.841213209375 0.4137308578125 0.88522716875 0.43913523593750003 0.9478622218750001 0.43236070625 0.9681762578124999 0.38155195625 0.9529407953125 0.31211335625 0.84290615625 0.24436835625 0.6755555156249999 0.1845502671875 0.6516149828125 0.1698488265625 0.6008297640625 0.15799347187499999 0.5449661015625 0.1681551953125 0.5178806796875 0.2003340984375 0.507723528125 0.23590023124999998 0.5365018984375001 0.24098109375 0.57543715625 0.2782408578125 0.5974441374999999 0.3290496046875 0.68885755625 0.36630936875
0 0.8682987640625001 0.2562237421875 0.936012390625 0.29687070625 0.9918759250000001 0.3290496046875 1 0.20372132812500002 0.7650353828124999 0.0953293953125 0.7193287374999999 0.066537728125 0.644843725 0.041133351562499997 0.6092939687500001 0.0428269515625 0.5635873250000001 0.069925021875 0.539887528125 0.1122656484375 0.55343030625 0.15799347187499999 0.6059083375000001 0.154606275 0.7751925281250001 0.217270315625 0.8682987640625001 0.2562237421875
0 0.43154570156250005 0.23081936875000003 0.39261044375 0.1867850796875 0.346903671875 0.1833978484375 0.31304685781249997 0.2003340984375 0.26920631093749997 0.22899471093749998 0.1826981828125 0.29517710625000004 0.0862063203125 0.36800296875 0.037113915625 0.41881172031249997 0.037113915625 0.4425224984375 0.0591207640625 0.471314071875 0.06758496875 0.525510084375 0.13699153749999998 0.5085738359375 0.379067671875 0.3341304671875 0.43323864843750004 0.274853590625 0.43154570156250005 0.23081936875000003
0 0.35028943125 0.47639499531249996 0.3164326171875 0.43236070625 0.3115343515625 0.3792592625 0.23179058593750002 0.43744156875 0.153919946875 0.48486312500000006 0.082820559375 0.54414 0.048963746875000005 0.589867821875 0.0506565640625 0.6440638359374999 0.06589215625 0.6779363375 0.0912847640625 0.688098125 0.3164326171875 0.5576889859375 0.38245342656250003 0.5119610984375 0.35028943125 0.47639499531249996
0 0.03372815625 0.8015710171875 0.06250652500000001 0.8371371156249999 0.1166773734375 0.8557669640625001 0.15561275937500002 0.8608478937499999 0.152227 0.8337499156250001 0.165769778125 0.7880219640624999 0.2148621828125 0.7626175859375001 0.43428567500000004 0.6374603203125 0.4857166796875 0.601723209375 0.462016884375 0.5644634484375 0.419695871875 0.5305909468750001 0.3858390578125 0.5119610984375 0.3198182484375 0.5559953203125 0.18100536875 0.6389831015625 0.06589215625 0.7016471109375 0.03372815625 0.7439877375 0.03372815625 0.8015710171875
0 0.6363795203125 0.6965662484374999 0.612679728125 0.657612821875 0.5686658984374999 0.6203531250000001 0.52126630625 0.603416875 0.4738667203125 0.6203531250000001 0.38984123125000003 0.664973546875 0.22163356875 0.757536790625 0.162384146875 0.7947964890625 0.152227 0.8472988406249999 0.17931255625 0.8828649375 0.23348339999999998 0.90996304375 0.280882990625 0.9235119640624999 0.3079684140625 0.8659286890625 0.3485966171875 0.840524315625 0.4738667203125 0.777860240625 0.6363795203125 0.6965662484374999
0 0.3079684140625 0.8710096171874999 0.2791900484375 0.92859289375 0.30966123125 0.9624653953125 0.3485966171875 0.99633789375 0.3943032625 0.967546190625 0.4484741109375 0.9455291421875 0.506030715625 0.9539972671875001 0.665157759375 0.8710096171874999 0.6854717953125 0.8134263374999999 0.7430284046875 0.79140929375 0.7464140312499999 0.7710857156250001 0.741335715625 0.7321324796875001 0.6956288140625 0.7016471109375 0.6380723374999999 0.6931789859374999 0.379067671875 0.830362590625 0.3079684140625 0.8710096171874999
0 0.6143725421874999 0.9997250937500001 0.8225918625 1 0.8615272484375 0.9235119640624999 0.8395202671875 0.8540733640625 0.8107420265625 0.8083455421875 0.7602116 0.7961904796875 0.6871647421875 0.8134263374999999 0.6143725421874999 0.9997250937500001
0 0 0.1783169515625 0.030342528125 0.24098109375 0.06589215625 0.2477556171875 0.10482754218749998 0.276547190625 0.1285273328125 0.30872609375 0.18100536875 0.2884025828125 0.19962659062500002 0.269772728125 0.2148621828125 0.23081936875000003 0.1928552 0.1800106484375 0.0167997515625 0.00217995625 0 0.00217995625 0 0.1783169515625
0 0.25015869375 0 0.19962659062500002 0.1224273421875 0.18777675625 0.1647679640625 0.2233263828125 0.23251296875 0.252104621875 0.24944921718750002 0.302889840625 0.20202769843750001 0.34182522656250003 0.1918659734375 0.35198224375 0.1800106484375 0.40953885312500005 0 0.25015869375 0
0 0.4044602796875 0 0.3638320796875 0.14952534687500002 0.355367875 0.1833978484375 0.387531871875 0.18170421718750002 0.40276746250000006 0.207108590625 0.4349314625 0.2342065640625 0.4450884796875 0.2613046046875 0.489312128125 0.23957672031250002 0.5246519375 0.17492972499999998 0.546658915625 0.066537728125 0.5737443421874999 0 0.507723528125 0 0.4450884796875 0 0.4044602796875 0
0 0 0.7981836890625 0.0049499203125 0.9556908671875 0.1132917421875 0.9997250937500001 0.32828245312500004 0.9946442937500001 0.31473980468749996 0.9658525906250001 0.2876542484375 0.93198009375 0.22501920000000003 0.906575715625 0.15068779062499998 0.87449735625 0 0.7981836890625
0 0.5889799328125 0.3155006171875 0.5635873250000001 0.2663854671875 0.5263448796875 0.24606195625 0.4823309203125 0.24606195625 0.45016705312500005 0.2646918671875 0.428160075 0.30195156875 0.43154570156250005 0.339211328125 0.619451115625 0.462845946875 0.59405850625 0.36461570625 0.5889799328125 0.3155006171875
0 0.7921209375 0.0343588265625 0.790427990625 0.068231325 0.793813621875 0.10210382656250001 1 0.19525320468750001 0.9908994312500001 0.0702645515625 0.8801485953125001 0.0258907015625 0.8293633781249999 0.019116209375000002 0.7921209375 0.0343588265625