0 0.04375 0.109375 0.053125 0.2
0 0.15546875 0.11171875 0.053125 0.209375
0 0.26171875 0.10546875 0.05 0.2
0 0.36875 0.1109375 0.0484375 0.2078125
0 0.4765625 0.11015625 0.05 0.203125
0 0.5859375 0.1109375 0.053125 0.2
0 0.690625 0.11328125 0.05 0.209375
0 0.8046875 0.1109375 0.05 0.203125
0 0.9109375 0.11328125 0.0515625 0.20625
0 0.99609375 0.10625 0.0078125 0.2
0 0.096875 0.37421875 0.05 0.2
0 0.20859375 0.37421875 0.053125 0.203125
0 0.3125 0.37265625 0.053125 0.203125
0 0.421875 0.37421875 0.053125 0.20625
0 0.53203125 0.3765625 0.053125 0.2109375
0 0.640625 0.37421875 0.05 0.203125
0 0.7484375 0.3765625 0.05 0.2109375
0 0.85625 0.37578125 0.053125 0.209375
0 0.9640625 0.378125 0.0515625 0.20625
0 0.04296875 0.6375 0.05 0.203125
0 0.15 0.64140625 0.053125 0.2078125
0 0.25859375 0.6390625 0.05 0.209375
0 0.3671875 0.640625 0.053125 0.209375
0 0.4765625 0.63984375 0.053125 0.2109375
0 0.5875 0.6453125 0.05 0.2109375
0 0.69375 0.64765625 0.053125 0.215625
0 0.80390625 0.640625 0.05625 0.20625
0 0.90859375 0.64296875 0.0453125 0.2109375
0 0.99375 0.63515625 0.0125 0.2125
0 0.00625 0.9 0.0125 0.2
0 0.0953125 0.9 0.05 0.2
0 0.2046875 0.9 0.05 0.2
0 0.3125 0.9 0.0546875 0.2
0 0.4203125 0.9 0.05 0.2
0 0.5296875 0.896875 0.05 0.20625
0 0.6390625 0.9 0.05 0.2
0 0.74609375 0.9 0.0546875 0.2
0 0.853125 0.9 0.05 0.2
0 0.96484375 0.9 0.0546875 0.2