1 0.35625 0.740625 0.1 0.090625
1 0.29296875 0.64609375 0.1 0.084375
1 0.4578125 0.73125 0.109375 0.0875
1 0.503125 0.62578125 0.109375 0.090625
1 0.5484375 0.5140625 0.10625 0.090625
1 0.5953125 0.40390625 0.10625 0.084375
1 0.646875 0.2859375 0.109375 0.0921875
1 0.39453125 0.640625 0.096875 0.08125
1 0.4375 0.53125 0.1 0.0875
1 0.48671875 0.4265625 0.1 0.078125
1 0.53203125 0.31171875 0.1125 0.08125
1 0.471875 0.2203125 0.10625 0.075
1 0.37578125 0.43671875 0.1078125 0.084375
1 0.425 0.32890625 0.1 0.08125
1 0.33125 0.55 0.1 0.078125