0 0.2703125 0.49296875 0.04296875 0.1015625
0 0.3234375 0.4765625 0.04296875 0.1140625
0 0.37421875 0.45859375 0.0421875 0.103125
0 0.28125 0.60625 0.04453125 0.11328125
0 0.334375 0.584375 0.0515625 0.1125
0 0.38671875 0.56328125 0.05078125 0.10625
0 0.44296875 0.540625 0.0515625 0.1171875
0 0.50078125 0.525 0.053125 0.115625
0 0.48125 0.40546875 0.04921875 0.10625
0 0.428125 0.43203125 0.04921875 0.109375
0 0.59375 0.57421875 0.05703125 0.10078125
0 0.6390625 0.55234375 0.0625 0.10703125
0 0.6875 0.53046875 0.05859375 0.109375
0 0.7375 0.5125 0.059375 0.10390625
0 0.6859375 0.4140625 0.06171875 0.10625
0 0.63984375 0.4359375 0.05859375 0.10859375
0 0.5890625 0.45703125 0.0578125 0.1