1 0.10200146185384835 0.46077162905213465 0.1561796363624381 0.18391851564384112
1 0.19504057549141027 0.6301748054593159 0.18838421022569998 0.24042612087727822
1 0.34707285958366746 0.8179947819229669 0.21313874837514693 0.22781970506402766
1 0.5577763547124034 0.640266082120611 0.20217397483619665 0.22562016823232475
1 0.3967684910748416 0.47482163459615523 0.17860010714144484 0.21644258930724708
1 0.2818037844992943 0.3543032792215438 0.14195349512873606 0.17372446828879456
1 0.920771232553425 0.6355136087819061 0.138547851459402 0.246888952503779
1 0.7696063786583909 0.8004091086407318 0.22621940097293472 0.17238875241907436
1 0.7386014350684872 0.4752039822900202 0.1801898806803953 0.21809609456891899
1 0.5629310535740177 0.344953582120611 0.1560978157455871 0.1792310156438411
1 0.43193224391421536 0.2487827793627182 0.1289080243497292 0.14174642619541977
1 0.8723606006519183 0.32380954030958486 0.16242963636243815 0.1842825366905286
1 0.7071231586868677 0.22182835330847275 0.13702053327818292 0.159388952503779
1 0.572576609173335 0.15005831107392362 0.12424779788867965 0.1430359104104042
1 0.8227266136375618 0.12690371920642776 0.12567393019392767 0.13531441567207608
1 0.6847959655040011 0.07015943749522233 0.12219437418757337 0.11481990514873237
1 0.9509413425342437 0.2037252824876643 0.06972393912238176 0.1492257262518895