0 0.10485789062499999 0.6881584609375 0.12889303593749998 0.8535500234375 0.1773603984375 0.8270694578125 0.1517943046875 0.6706851781250001 0.10485789062499999 0.6881584609375
0 0.1483440875 0.660916990625 0.1725732125 0.8124764687500001 0.21007795312500002 0.7843213078125 0.190698575 0.6396634156250001 0.1483440875 0.660916990625
0 0.1885267078125 0.653089765625 0.2691942609375 0.7439618968749999 0.293304946875 0.6983588109375 0.21585832656249998 0.612599265625 0.1885267078125 0.653089765625
0 0.21138904374999998 0.79530291875 0.186695959375 0.86237971875 0.297174621875 0.91622049375 0.31438117499999996 0.851080471875 0.21138904374999998 0.79530291875
0 0.195866765625 0.74826626875 0.2874969484375 0.8408130046875 0.311838759375 0.799865796875 0.22869171093750001 0.705534525 0.195866765625 0.74826626875
0 0.4552886359375 0.7093445484374999 0.35624211093749997 0.8097290234375001 0.3760059546875 0.8558733984375 0.48207829843749994 0.7611827328125 0.4552886359375 0.7093445484374999
0 0.4097552140625 0.686987171875 0.3149006515625 0.7818512234375 0.3336438609375 0.8340004625 0.43051565781249995 0.7332837890625 0.4097552140625 0.686987171875
0 0.293759196875 0.6415447390625 0.2902167265625 0.7827011984375 0.3311495015625 0.7704715984375 0.33617485937499997 0.6326220421875 0.293759196875 0.6415447390625
0 0.3335432015625 0.6430013796875 0.33484185312500003 0.7186691203125 0.45133331875 0.7010393984375 0.452083921875 0.63646603125 0.3335432015625 0.6430013796875
0 0.3042595625 0.6339075796875 0.334157625 0.6384746640625 0.41641334375000005 0.6417984999999999 0.4091430734375 0.5883214328124999 0.30874141875 0.57144436875 0.29710027656250004 0.61587185625 0.3042595625 0.6339075796875
0 0.39507406718750004 0.5692302140625001 0.4721694125 0.6811193531249999 0.5057358 0.6400410546875 0.4301233421875 0.5314588171875 0.39507406718750004 0.5692302140625001
0 0.1998085703125 0.568666034375 0.274145240625 0.68475434375 0.3097528875 0.6316663296875 0.2343715578125 0.5277399765624999 0.1998085703125 0.568666034375
0 0.148838478125 0.49619205937500005 0.1733534125 0.6400942390625 0.2173000171875 0.622164253125 0.1921961859375 0.47509173125000004 0.148838478125 0.49619205937500005
0 0.1430205671875 0.42753493281250005 0.102983915625 0.48918753906249995 0.127798059375 0.55920625 0.1643061953125 0.53089885 0.1430205671875 0.42753493281250005
0 0.1410779046875 0.439559709375 0.1617157203125 0.49199836093749993 0.2708259296875 0.38545021562500004 0.24758599375 0.3356944609375 0.1410779046875 0.439559709375
0 0.42091710156250006 0.4237793296875 0.4127725015625 0.4887634171875 0.5371406671875001 0.4969799609375 0.5456329578125 0.42896859843749996 0.42091710156250006 0.4237793296875