0 0.4276781061611481 0.6926324028291324 0.22641921444818677 0.23161759517409736
0 0.34198729836621344 0.5694293325406601 0.22358337452429886 0.20033122758291685
0 0.6415535582520452 0.5294823586605562 0.18764587452429887 0.1994947729857639
0 0.8039301773391367 0.3635696839830215 0.1838497124710205 0.22126067021222234
0 0.5687288008748524 0.16728952355444493 0.1614362015966055 0.16922539152687516
0 0.7127096111412451 0.28011944471659783 0.17048754942915884 0.23812086189159737
0 0.49720131076068413 0.11870524676895874 0.14287720258518882 0.1734764804327084
0 0.47461009186387315 0.36607055603951427 0.17900570357377177 0.1790004350298613
0 0.2760214001530994 0.48031097473312523 0.199509204562355 0.1841607137152085
0 0.3415495355518132 0.23472702422003505 0.15850220258518863 0.17384015634451405
0 0.15786560224399646 0.30943281743868073 0.18203786167271768 0.13848453780340292
0 0.21137792140763761 0.37792955072118073 0.18972302768032892 0.13554137575930572
0 0.4005770256659815 0.28302036027607674 0.16159802768032883 0.13488675911805573