0 0.608165604109648 0.8488571048436452 0.3061237767345796 0.25574050079142274
0 0.20878322764621493 0.8323481840857401 0.32804422852997767 0.26418949828414034
0 0.5701696586589617 0.6303942613492781 0.276309011707465 0.23300168276559177
0 0.20599807435000633 0.6222373981923628 0.29827491529826117 0.24926318025830946
0 0.19946575233769104 0.43958402256554213 0.2683510659621911 0.2077743622324785
0 0.537819725210328 0.44224104348173177 0.23859993344863373 0.19597304420664757
0 0.8238026770057261 0.44173361196978106 0.23380334913967848 0.17708665188677947
0 0.8787361375817229 0.6167276002912986 0.24022606596219126 0.20695600831327016
0 0.4510095507386847 0.29474156934597917 0.22586358411256366 0.15498433135366607
0 0.7245424995090207 0.30319160068701 0.208621541958086 0.14510922618081654
0 0.15880841520006528 0.30089960728442056 0.24470448770335987 0.17115490063313823
0 0.43783231898725317 0.17869903219896063 0.213309041958086 0.1452456185006846
0 0.6817004936552882 0.19191913156582235 0.1929692708808471 0.13996708511458983
0 0.9491874546240684 0.28959078728003257 0.10162509075186321 0.121750631037097
0 0.9238738372358217 0.19344321298599546 0.15225232552835663 0.14508048244902277
0 0.8967709817514316 0.09033258485189237 0.1757272287263696 0.1300919799417403
0 0.6420653010332723 0.0946182342313894 0.18359427088084707 0.1396943004748537
0 0.41615678600615763 0.07931279763836682 0.19449540944452864 0.13376254922121247
0 0.15804027985783758 0.16886835728442057 0.23849993949875792 0.17878554420664755
0 0.15822611133812262 0.07038905634734845 0.21957722267624522 0.1407781126946969
0 0.39310965056573405 0.019899659870845292 0.19246930113146812 0.039799319741690584
0 0.16103294877033597 0.015474235814235038 0.19394089754067195 0.030948471628470076
0 0.6143215752337691 0.03599836982083286 0.16299996974937905 0.07199673964166572