0 0.14268713125000002 0.3118487234375 0.11514529062500001 0.5627933515625 0.1945596859375 0.546390915625 0.215841784375 0.2990799484375 0.14268713125000002 0.3118487234375
0 0.249541740625 0.021113778125 0.0763397984375 0.04218104375 0.069470778125 0.13763932343750002 0.24096287656249998 0.11005556718750001 0.249541740625 0.021113778125
0 0.41134465625 0.063590453125 0.38120948593750004 0.12090381718750001 0.481141965625 0.1826992078125 0.5088819906250001 0.12187157500000001 0.41134465625 0.063590453125
0 0.5039781203125 0.018493115625 0.49334790625 0.097745515625 0.6463493171875 0.09980749531250001 0.6439724234375 0.021509090624999998 0.5039781203125 0.018493115625
0 0.4647037703125 0.21736031875 0.420884175 0.2459118375 0.46397626093750005 0.39330084374999996 0.510877446875 0.36058737500000004 0.4647037703125 0.21736031875
0 0.2582827890625 0.30925091875 0.244572125 0.38799126875 0.38422491718749996 0.38783435 0.39245770156250004 0.3144156921875 0.2582827890625 0.30925091875
0 0.26584696406249997 0.3806212640625 0.25418879375 0.4643769875 0.3965782453125 0.4709072359375 0.408579065625 0.3856504 0.26584696406249997 0.3806212640625
0 0.612303965625 0.2714987109375 0.48630365937500003 0.4312897140625 0.5236003109375 0.4826733390625 0.645492209375 0.326873609375 0.612303965625 0.2714987109375
0 0.688243615625 0.22789704687499998 0.6950692875 0.31005109218750004 0.8542452890625001 0.2570490765625 0.8477611296875001 0.17806793125 0.688243615625 0.22789704687499998
0 0.752640840625 0.2730135640625 0.674207634375 0.4765470265625 0.7327316296874999 0.5049720875 0.8104818125 0.2950928296875 0.752640840625 0.2730135640625
0 0.8073122406250001 0.2992401546875 0.7401797234374999 0.4812811015625 0.7877525296875 0.5016535156249999 0.8507777750000001 0.31892982812500004 0.8073122406250001 0.2992401546875
0 0.3847221140625 0.47516869218749996 0.3309325140625 0.6827985812499999 0.38775009374999997 0.6906851296875 0.43811659062499997 0.48404429843749996 0.3847221140625 0.47516869218749996
0 0.2575256203125 0.6067156625 0.0833946921875 0.6509995 0.0829279703125 0.736615553125 0.2561367546875 0.6875042312499999 0.2575256203125 0.6067156625
0 0.4338846703125 0.6329151734375 0.357167009375 0.8195950703125 0.40713381875000004 0.8481557656250001 0.482483153125 0.6581322765625 0.4338846703125 0.6329151734375
0 0.37382670625 0.9189644593749999 0.33467372812499996 0.7363947125 0.27699521250000003 0.7735489671875 0.3098122859375 0.94727518125 0.37382670625 0.9189644593749999
0 0.49956444375000003 0.7934072578125 0.44101877187499994 0.8537883609374999 0.510029153125 0.993455453125 0.5367674765625 0.9931443249999999 0.5679808765625001 0.9605865203124999 0.49956444375000003 0.7934072578125
0 0.485979984375 0.689202190625 0.5476971609375 0.8474775234375 0.5980248765625 0.7997529734375 0.5412437999999999 0.6422981546875 0.485979984375 0.689202190625