0 0.7141652109375001 0.1996422046875 0.8805577078125 0.25666968749999997 0.91753381875 0.2085876921875 0.7410569312499999 0.1515602140625 0.7141652109375001 0.1996422046875
0 0.6738276328125 0.237660528125 0.8284550093749999 0.2857425171875 0.8654311171875 0.2499605703125 0.704080815625 0.19529201875 0.6738276328125 0.237660528125
0 0.6400999234375 0.258906059375 0.7207750703125 0.3595427875 0.7745585046875 0.341651809375 0.6888411624999999 0.236542340625 0.6400999234375 0.258906059375
0 0.883919175 0.41097933593749997 0.95787139375 0.4042702203125 0.91753381875 0.2734424734375 0.8402201312500001 0.2879788890625 0.883919175 0.41097933593749997
0 0.739376196875 0.2902152609375 0.8284550093749999 0.3986792921875 0.8771962468750001 0.3796701328125 0.7914788984375 0.2622606125 0.739376196875 0.2902152609375
0 0.7578642484375 0.5776637265625 0.8788769734375 0.47926337031250005 0.8318164749999999 0.44907234999999995 0.7057615484374999 0.5387308890625 0.7578642484375 0.5776637265625
0 0.7360147296874999 0.5160888078125 0.8620696562499999 0.428870309375 0.8082862234375 0.3986792921875 0.688954225 0.4847796015625 0.7360147296874999 0.5160888078125
0 0.641893725 0.3942065484375 0.79315963125 0.41433389375 0.8133284171874999 0.3718428296875 0.65870104375 0.34947911249999997 0.641893725 0.3942065484375
0 0.626767134375 0.5216797390625 0.6973578875 0.532861596875 0.7360147296874999 0.40874296406250005 0.6536588484375 0.3932578390625 0.626767134375 0.5216797390625
0 0.6301285953125 0.3483609265625 0.5797066281250001 0.352833671875 0.5813873640625 0.46577044218749997 0.6385322578125 0.483661415625 0.6486166546875001 0.3930883609375 0.6486166546875001 0.3595427875 0.6301285953125 0.3483609265625
0 0.5158388 0.4781450921875 0.621724934375 0.5810181921875001 0.67214690625 0.5519453609375 0.5628993046875 0.4468358890625 0.5158388 0.4781450921875
0 0.544411253125 0.2633788 0.6452551875 0.3651337140625 0.709123015625 0.33606088437500004 0.5948332203125 0.23318778125 0.544411253125 0.2633788
0 0.4939892796875 0.20746950625 0.6502973875 0.2622606125 0.6771891015625 0.21753318125 0.5242424625 0.16397539218749999 0.4939892796875 0.20746950625
0 0.5595378421875 0.1873421609375 0.596513953125 0.1526784 0.5242424625 0.1125266515625 0.45029024218749997 0.144851096875 0.5595378421875 0.1873421609375
0 0.3326389828125 0.24213326875000002 0.38306095 0.2767970328125 0.5175195328125 0.17727848906250002 0.4637360984375 0.1449617265625 0.3326389828125 0.24213326875000002
0 0.3847416828125 0.5854163296875 0.4603746359375 0.5887708890625001 0.4721397609375 0.451234028125 0.399868275 0.44806193437499997 0.3847416828125 0.5854163296875