0 0.5120466703125001 0.49542970625000005 0.4712849296875 0.6118660953124999 0.46902540468750004 0.65913620625 0.49848227968750003 0.6972882312500001 0.540334615625 0.6827273921875 0.60053515625 0.5209551765625 0.60415329375 0.4780278578125 0.58596575625 0.45167909375 0.554624740625 0.43929180624999997 0.5271593703125 0.45140242500000005 0.5120466703125001 0.49542970625000005
0 0.5444492578125 0.282643959375 0.58050626875 0.4357416203125 0.6057121140625 0.470901115625 0.64432169375 0.47776221718749995 0.6706036203125 0.451272965625 0.675255046875 0.4313264296875 0.620152390625 0.218863378125 0.5918038812499999 0.1993910640625 0.5559365625 0.19978185312500002 0.5338305812499999 0.2335647109375 0.5444492578125 0.282643959375
0 0.437212165625 0.427268928125 0.264418403125 0.46527374374999997 0.23408564687500003 0.47730093125 0.2249829921875 0.50572446875 0.23019223281249998 0.5359988578125 0.2499135640625 0.55665456875 0.4513311125 0.5223514640625 0.47034448125 0.5013883953125 0.47660478125 0.4714477375 0.46855318281249997 0.439656221875 0.437212165625 0.427268928125
0 0.8839629296875 0.636783578125 0.7136038609375001 0.617482434375 0.6846797734375001 0.63098503125 0.6769357359375 0.6637513609375 0.6851124609375 0.6883744171874999 0.71054353125 0.7106306828125 0.9008992078125001 0.734816928125 0.928564778125 0.7112367765625 0.9291653828124999 0.676828171875 0.9153039453125 0.6491708671875001 0.8839629296875 0.636783578125
0 0.5733167828125 0.7654490125 0.5839282031249999 0.7327661125 0.5717006609374999 0.6936809921875 0.5476031765625 0.6772012046875 0.34837733125 0.750297421875 0.3263714484375 0.778345515625 0.3285131 0.8200060078125 0.3538440765625 0.8479970421875 0.420269371875 0.8226758437499999 0.5733167828125 0.7654490125
0 0.247818703125 0.758846821875 0.2459273015625 0.7028494125 0.20467556718750002 0.683001653125 0.171425384375 0.697812790625 0.061846434375 0.8122467999999999 0.0467587625 0.854840390625 0.080616809375 0.887382796875 0.12390284062500001 0.8728636734374999 0.1476677390625 0.8262193046874999 0.247818703125 0.758846821875
0 0.8248127000000001 0.16313833125 0.8212874046875 0.11856873906250001 0.793013971875 0.09479534375000001 0.7556378890625 0.09944549375 0.653735159375 0.267176396875 0.640281378125 0.2983421703125 0.652508925 0.337427290625 0.6823411765625 0.3540739390625 0.7113403390624999 0.3362702703125 0.8248127000000001 0.16313833125
0 0.8475410546875001 0.34023330625 0.9777995468749999 0.273736865625 0.9785002515624999 0.23359349687500003 0.9573202015625 0.21432976093749997 0.9159183203125 0.20308414843749997 0.750925896875 0.2872173953125 0.7291202171875 0.30379595312499996 0.7213261296875 0.3394296671875 0.729502853125 0.3640527234375 0.772413503125 0.371038978125 0.8475410546875001 0.34023330625
0 0.2766597140625 0.0926807515625 0.3045827953125 0.136525825 0.3846265390625 0.234960996875 0.4144838109375 0.250173953125 0.4531934921875 0.2513002890625 0.4678307078125 0.23451314843749999 0.47260726249999996 0.20739815468749997 0.3409183390625 0.02713275 0.30967741718749997 0.009010692187499999 0.27501856562500004 0.0223464203125 0.2685830921875 0.062322928124999996 0.2766597140625 0.0926807515625
0 0.22081755625000002 0.333472875 0.17729904375 0.279133078125 0.1429655140625 0.2738308140625 0.1253858390625 0.2948355984375 0.127602565625 0.3321950171875 0.2113968328125 0.46229655156250005 0.235594415625 0.4730415703125 0.261551015625 0.46519031093749996 0.277797103125 0.4384090453125 0.27424678281250003 0.3952731421875 0.22081755625000002 0.333472875
0 0.46139598125000003 0.8496920625 0.457577640625 0.90408891875 0.5057225578125 0.93991586875 0.7241442078125 0.9175828906250001 0.732213571875 0.86617856875 0.7197607984375 0.8399966687499999 0.6842438328125 0.8203157750000001 0.49195396249999995 0.8247616515624999 0.46139598125000003 0.8496920625
0 0.8687729125000001 1 0.8557290343749999 0.775100784375 0.8303730343750001 0.7485434453125 0.7902046406250001 0.74880908125 0.7667900953125 0.7753817703125 0.7697898609375 0.8500588875 0.7808876296875 1 0.8687729125000001 1
0 0.114939078125 0.48244063437499995 0.106194034375 0.5725546359375 0.1047603453125 0.5725129203125 0.0938308515625 0.70559595625 0.12062054062500001 0.7321950171875 0.15085319531250002 0.7259026000000001 0.1756764078125 0.7008053203125 0.1908997203125 0.486085284375 0.1697947453125 0.4625204765625 0.141120909375 0.46168615312499994 0.114939078125 0.48244063437499995
0 0.824534165625 0.425629071875 0.8637443515625 0.3980815734375 0.8641197281249999 0.37657619531250003 0.8546094125 0.3461766578125 0.8258354750000001 0.3510770984375 0.769621196875 0.3666544703125 0.686999859375 0.41588955156249996 0.670853871875 0.43693605 0.667335834375 0.47412860468750007 0.6869570656249999 0.5005190796875 0.725591665625 0.5059464921875 0.8213915078125 0.44131624687500004 0.824534165625 0.425629071875
0 0.20964106718750003 0.2341727 0.23915524531250001 0.3512194875 0.274396934375 0.386670990625 0.27814745625000004 0.41833736093749996 0.2760130609375 0.45843901562499995 0.3465392328125 0.44471249375 0.3454058453125 0.4274664796875 0.33612075468749997 0.3841637109375 0.27729985625000003 0.22036274687500002 0.24034919999999999 0.200640134375 0.20964106718750003 0.2341727