1 0.23917911202549366 0.377193707162604 0.0850022347764936 0.10977634992375015
1 0.2587325670423456 0.5071896784772567 0.08974427693097135 0.1192604526972918
1 0.27907636241827716 0.6356049659963192 0.09761131908544911 0.12881729065319458
1 0.29859800117835034 0.771069687310972 0.089680644417414 0.1083229526972918
1 0.37917129030776603 0.7512280063651733 0.08033291549465282 0.11279224715020834
1 0.35804169975229466 0.623612152641701 0.08504768657189174 0.11758884992375015
1 0.34161324473544274 0.49354344614468726 0.08346700585373253 0.1144274823325695
1 0.32047910900043153 0.366708842421215 0.08970791549465282 0.11301045269729171
1 0.40180637705260835 0.3515364776798261 0.0803238251355733 0.11122974715020843
1 0.4221592627876195 0.4783892651988886 0.09137949980360816 0.13179682028847245
1 0.43861044370217045 0.6045517216959024 0.08349427693097126 0.1191149823325695
1 0.45817753425764174 0.7322039430105551 0.08818177693097126 0.11922408510611113
1 0.48157569028432495 0.3356192305296177 0.08194995764913067 0.12220361474138901
1 0.497999600121637 0.46646918702663154 0.08661018657189175 0.11762521751493064
1 0.5230308954975685 0.5947753717721523 0.08655564441741408 0.10825021751493065
1 0.5433656005144204 0.7247531592912149 0.08503859621281204 0.11602634992375016
1 0.6215405974893583 0.7143410297321869 0.08030564441741408 0.10810474715020835
1 0.6035723683702054 0.5804024408263537 0.08974427693097127 0.1192604526972918
1 0.5832467537124332 0.44886215330729123 0.08193177693097127 0.11907861474138884
1 0.5621171631569618 0.32124629958381895 0.08663745764913067 0.12231271751493064
1 0.6395609071068377 0.3022586038203814 0.08345791549465283 0.1128649823325695
1 0.6629978862259904 0.4360699061570828 0.08980790944452863 0.13019795269729179
1 0.6825831574996211 0.5605971274717355 0.08346700585373253 0.1144274823325695
1 0.7021547932346323 0.6874680987863883 0.08349427693097126 0.1191149823325695
1 0.7263387444408551 0.2900839525098605 0.08347609621281223 0.11598998233256949
1 0.7451200398167867 0.41853560762010356 0.08192268657189175 0.11751611474138901
1 0.7646962207313377 0.5446253289347563 0.07874314441741408 0.10806837955902786
1 0.7873337691323312 0.681579815067048 0.08506586729005079 0.12071384992375016