1 0.3796875 0.5441537800350673 0.2078125 0.2786273806803951
1 0.640625 0.5958490990303605 0.215625 0.28345124837514674
1 0.88984375 0.6375927195677814 0.2203125 0.3007205689919978
1 0.890625 0.2500790827983062 0.1875 0.28139782467404084
1 0.64609375 0.2012223916440344 0.2140625 0.29279897483619655
1 0.38828125 0.1533787755708405 0.2171875 0.28972852191409726
1 0.13203125 0.49535163595869636 0.2234375 0.3007751160698987
1 0.1421875 0.870174357955519 0.184375 0.25790577759614025
1 0.375 0.8950168506519184 0.215625 0.20063874837514684
1 0.6109375 0.919804796270417 0.190625 0.1423898717519414
1 0.15859375 0.13551298579654047 0.190625 0.1767648717519415