0 0.128046471875 0.443546009375 0.2114365140625 0.6797125921875 0.278027790625 0.63432085625 0.1904050765625 0.40383597968749996 0.128046471875 0.443546009375
0 0.1009988828125 0.1410070234375 0.0056721671874999996 0.1949397484375 0.0087355890625 0.3002227078125 0.1316524640625 0.22425458593749997 0.1009988828125 0.1410070234375
0 0.2713702671875 0.1163229890625 0.268282825 0.179464128125 0.38787082968750003 0.196433821875 0.387209271875 0.13105863281250002 0.2713702671875 0.1163229890625
0 0.43948683749999995 0 0.33603019375 0.040451846875 0.3605727859375 0.1157827765625 0.5034847421875 0.0585850109375 0.4729481046875 0 0.43948683749999995 0
0 0.38591921406249996 0.2343419484375 0.3576420703125 0.27691485625 0.4616333609375 0.392749496875 0.49096382812500006 0.3452466890625 0.38591921406249996 0.2343419484375
0 0.2342150421875 0.3965970234375 0.255676025 0.47265664999999996 0.385234328125 0.41861655156250005 0.3609993078125 0.34945399374999997 0.2342150421875 0.3965970234375
0 0.2710669296875 0.45809531249999996 0.29661060625 0.537870353125 0.43161250781250005 0.4887841375 0.40573513281249995 0.4075277265625 0.2710669296875 0.45809531249999996
0 0.5464281421875 0.22603252343750002 0.49885167812500003 0.41827476875 0.5557802359374999 0.4500612046875 0.601276175 0.2629917625 0.5464281421875 0.22603252343750002
0 0.59798485 0.15753652812500002 0.6399899125 0.22873820625 0.7647256062500001 0.11966851875 0.7244151359375001 0.0511866796875 0.59798485 0.15753652812500002
0 0.6773472593750001 0.17323090937500002 0.6929148125 0.3864281984375 0.7595786078125 0.3893878921875 0.740621865625 0.170750925 0.6773472593750001 0.17323090937500002
0 0.739480528125 0.1757016359375 0.7562058734375 0.36522099375 0.8092084375 0.36516997500000004 0.7883742734375 0.176622209375 0.739480528125 0.1757016359375
0 0.42361443593750003 0.4969165078125 0.46383488906250003 0.7042842515625 0.5199974187499999 0.689443521875 0.4770290515625 0.484285840625 0.42361443593750003 0.4969165078125
0 0.36440755 0.66382395 0.2220053828125 0.7708300265625 0.2587447359375 0.8479576921875 0.3981949796875 0.736968809375 0.36440755 0.66382395
0 0.5377373515625 0.6197170375 0.5475798453125 0.8171050484375 0.606359703125 0.82348929375 0.593795409375 0.62362433125 0.5377373515625 0.6197170375
0 0.606187415625 0.899983590625 0.49057774062500004 0.7510099171875 0.4531717890625 0.8066634015625 0.559060784375 0.9501342859375 0.606187415625 0.899983590625
0 0.6402574359375001 0.8154736781249999 0.78120195625 0.92725101875 0.8044736703125 0.86245756875 0.6683837078125 0.7386103562499999 0.6402574359375001 0.8154736781249999
0 0.6105310453125 0.65019885 0.7365368359375 0.7686292265625 0.7625303515625 0.7063127203125 0.6414625218750001 0.5867146921875 0.6105310453125 0.65019885
0 0.699010471875 0.4948675359375 0.7103432796875 0.45554377187500006 0.6217953406250001 0.298759084375 0.5757401 0.3213721296875 0.66664164375 0.48969628906249996 0.699010471875 0.4948675359375
0 0.8038532281249999 0.4986776875 0.7523640031250001 0.6013441796875 0.7609847328125 0.6396140484374999 0.7751841640625 0.661907184375 0.80341805 0.6405733 0.8486972906249999 0.540088778125 0.8399014015624999 0.50918900625 0.8224330656250001 0.4968298421875 0.8038532281249999 0.4986776875
0 1 0.550916278125 0.96044683125 0.52282495625 0.8952759546875001 0.4942626453125 0.8804164984374999 0.5179305984375 0.8960480937499999 0.561590834375 1 0.6239389265625 1 0.550916278125
0 0.8784752687499999 0.7076993203125 0.937162715625 0.6639132875 0.9270159078125 0.635165340625 0.899483378125 0.627018240625 0.8756939765625 0.6436368890625 0.8318169 0.6851595046875001 0.840396328125 0.706949403125 0.8574727890625 0.7175689249999999 0.8784752687499999 0.7076993203125