1 0.4597558738640988 0.2827306198722913 0.07260705417661058 0.0844126740119445
1 0.43529522125906495 0.3722658985576385 0.06762845574818713 0.07805357123840277
1 0.41105289247534865 0.4571136772429858 0.0726070541766104 0.08441267401194459
1 0.3890815390845265 0.5434694045415622 0.07751287799792798 0.08920927678548622
1 0.36520308333633944 0.6205046832269094 0.07246150496239875 0.08128767401194459
1 0.4263010951231638 0.6659067957840967 0.07595037799792799 0.08917290919430557
1 0.492122994213541 0.7104185555677426 0.07729455417661057 0.08452177678548622
1 0.4496893992997742 0.5826397008943399 0.07431510339082212 0.08757404160312507
1 0.5358473771738677 0.5423946009705898 0.07438787799792798 0.08913654160312508
1 0.4748949146012551 0.49386748841340233 0.07282537799792799 0.08910017401194459
1 0.5570010932611369 0.4568383074676037 0.07446065260503384 0.09069904160312507
1 0.49824683147431265 0.41138164352364537 0.07438787799792798 0.08913654160312508
1 0.5820610593484061 0.37119109498666614 0.08205482878371625 0.08619337955902787
1 0.5199634737402643 0.330494666225069 0.07453342721213971 0.09226154160312508