0 0.2965573332190855 0.503926620703362 0.05227955223856364 0.10367044000636341
0 0.3479593809350933 0.4865669453771343 0.0529346494796016 0.11617044000636341
0 0.3969357914959714 0.4676174980505886 0.0507989393936934 0.10521475867281786
0 0.3173379019659925 0.6173805933720437 0.054415262324471844 0.11462612133990877
0 0.3684124010614814 0.593770918045816 0.06066526232447185 0.1146988466740904
0 0.4187875373120999 0.5717146520528157 0.06033771370395295 0.10844884667409041
0 0.47298703640758877 0.548141339393679 0.062473423789861114 0.11940452800763594
0 0.5290765841235967 0.5308362080680877 0.06395403663473154 0.1178602093411815
0 0.4994156603337355 0.4118134880649061 0.058775213703953 0.10843066534054517
0 0.44854587912607097 0.43932941339113374 0.05893898801421251 0.11155566534054503
0 0.6260235051999243 0.5780299287475872 0.06634205223856356 0.1038340720082724
0 0.669326447872978 0.5551105967536324 0.07135710085908258 0.11013861600890866
0 0.7157543905460317 0.5322276274267684 0.06831398801421251 0.11166475334181776
0 0.7639086075293451 0.51248783943345 0.06806832654882307 0.10697725334181776
0 0.7041850474888653 0.4157577427593594 0.071275213703953 0.10857611600890867
0 0.6601008548158115 0.43866798408654145 0.06831398801421251 0.11166475334181776
0 0.6112882185651929 0.46074243141308724 0.06626016508343398 0.10227157200827239