0 0.875 0.31484375 0.225 0.29375
0 0.89453125 0.73671875 0.2109375 0.31875
0 0.64765625 0.38515625 0.203125 0.265625
0 0.68203125 0.76875 0.21875 0.284375
0 0.490625 0.80078125 0.178125 0.259375
0 0.453125 0.4453125 0.171875 0.23125
0 0.41875 0.1453125 0.1515625 0.228125
0 0.59375 0.0890625 0.1875 0.178125
0 0.30703125 0.5578125 0.128125 0.221875
0 0.284375 0.26875 0.11875 0.2046875
0 0.34765625 0.8625 0.14375 0.240625
0 0.18671875 0.5875 0.11875 0.209375
0 0.171875 0.33046875 0.1171875 0.1890625
0 0.240625 0.040625 0.109375 0.08125
0 0.14140625 0.07421875 0.1265625 0.1484375
0 0.0453125 0.1203125 0.090625 0.175
0 0.07421875 0.38515625 0.11875 0.178125
0 0.08359375 0.62421875 0.1109375 0.190625
0 0.209375 0.88203125 0.153125 0.2328125
0 0.090625 0.89609375 0.1328125 0.2078125
0 0.01484375 0.66171875 0.0296875 0.1953125
0 0.02421875 0.90390625 0.0484375 0.1921875
0 0.01796875 0.42578125 0.0359375 0.1625