1 0.52421875 0.29375 0.053125 0.071875
1 0.4828125 0.375 0.04921875 0.06640625
1 0.44296875 0.45234375 0.05234375 0.071875
1 0.4046875 0.53125 0.05703125 0.0765625
1 0.36640625 0.6 0.053125 0.06875
1 0.41640625 0.6609375 0.0546875 0.0765625
1 0.47109375 0.721875 0.0578125 0.07109375
1 0.45546875 0.58515625 0.053125 0.07578125
1 0.54609375 0.56875 0.05390625 0.07734375
1 0.496875 0.5046875 0.0515625 0.0765625
1 0.58359375 0.490625 0.053125 0.078125
1 0.5359375 0.4296875 0.05390625 0.0765625
1 0.625 0.4125 0.06328125 0.07109375
1 0.57265625 0.35625 0.05234375 0.0796875