0 0.116816484375 0.6841801953125 0.1437263421875 0.8486495156249999 0.1917068703125 0.8207964406249999 0.1634240625 0.6653667000000001 0.116816484375 0.6841801953125
0 0.1609114640625 0.6558483203125001 0.18777376875000001 0.8064986390625 0.2247680078125 0.7772917828125 0.20287346093749997 0.6333927874999999 0.1609114640625 0.6558483203125001
0 0.19983068125 0.64672774375 0.2820434421875 0.7351328796875001 0.30534587812499997 0.6888909125 0.22644165468750002 0.60549785 0.19983068125 0.64672774375
0 0.2251637453125 0.7880841015625 0.2016540328125 0.8557876437499999 0.313016378125 0.9063453015625 0.32907716875 0.8407934578124999 0.2251637453125 0.7880841015625
0 0.2088283234375 0.7415621515625 0.3020273765625 0.831321078125 0.3256420890625 0.7897219718749999 0.2408907125 0.6979344234375 0.2088283234375 0.7415621515625
0 0.4674390546875 0.6951549171875 0.3701950515625 0.7982815921874999 0.390754309375 0.8437892265625001 0.49511995000000003 0.7461445 0.4674390546875 0.6951549171875
0 0.42153850937500004 0.6741508921875 0.3283879796875 0.7716428078125 0.3480319375 0.8231768359375 0.44309651875 0.7197816031250001 0.42153850937500004 0.6741508921875
0 0.3048082046875 0.6321405328124999 0.303731428125 0.7732088890625 0.34442994531250004 0.7598064296875 0.347046578125 0.6219974125000001 0.3048082046875 0.6321405328124999
0 0.34459742968749996 0.632439171875 0.34721620625 0.7079667703125 0.4633407796875 0.6869759390625 0.46296386875 0.622468153125 0.34459742968749996 0.632439171875
0 0.318559209375 0.5616996859375 0.307699465625 0.6064053109375 0.3151699296875 0.6242085937499999 0.3451325265625 0.6279007296875 0.42740448593749997 0.628829909375 0.41920446250000004 0.5756364734375 0.318559209375 0.5616996859375
0 0.4048093640625 0.5569799046874999 0.48381858437499997 0.6664774062500001 0.5166508984375 0.6244793421875 0.439181534375 0.518241178125 0.4048093640625 0.5569799046874999
0 0.2096331921875 0.5620904453125 0.2859584359375 0.67586159375 0.32062134375 0.621810753125 0.243464259375 0.52021545625 0.2096331921875 0.5620904453125
0 0.15742395 0.49119562656250004 0.1844382546875 0.6341907046874999 0.2280495703125 0.615008 0.200391328125 0.46886398125 0.15742395 0.49119562656250004
0 0.150410578125 0.42280047343750005 0.1114704125 0.4855330109375 0.1374941328125 0.55473591875 0.17348961875 0.5254059890625 0.150410578125 0.42280047343750005
0 0.1486787953125 0.434865425 0.17022145 0.48663342031249995 0.2774164390625 0.3770589890625 0.2533198171875 0.328045871875 0.1486787953125 0.434865425
0 0.42810041718749997 0.41097493281249997 0.42109425468749995 0.4761077359375 0.545542675 0.4806993125 0.5528435109375 0.41253322968750006 0.42810041718749997 0.41097493281249997