0 0.2937729139585782 0.3510096043814267 0.038972771103318316 0.08546613855894432
0 0.26502239691244955 0.45033365446056894 0.042152318181219076 0.08868206677218975
0 0.33685075811437953 0.35600934144930296 0.03891822402541774 0.08234113855894432
0 0.31202012783772615 0.4560009812618885 0.0391636858759707 0.09640363855894432
0 0.3604712646072013 0.45537284395658534 0.034367091720169364 0.09001724623907634
0 0.40963546752930063 0.45081572459797103 0.04382391233702041 0.09497753087881229
0 0.4580320572208751 0.44706258729266785 0.03905459172016936 0.09015363855894432
0 0.3828899610364789 0.35154315030393385 0.040562544642268786 0.08707410266556703
0 0.33834507426700366 0.35205762734268026 0.03587504464226869 0.08693771034569897
0 0.434384277189103 0.34613658478538534 0.04067163879807012 0.09332410266556704
0 0.4788064330333016 0.33859085774663894 0.03749209172016936 0.0901081744523217
0 0.23287196468663157 0.713120810966202 0.09045345048646736 0.08227895407749272
0 0.34032595454036185 0.7342252696625483 0.09034435633066593 0.07602895407749273
0 0.2555321688265469 0.6679075993668617 0.08875458279171564 0.07442098997087002
0 0.35824411160237646 0.6860234503830761 0.09182503571381498 0.07138691818411544
0 0.27650714204118565 0.6157086018741442 0.08384889448011297 0.061784597651002214
0 0.29527473295057616 0.5713903005413608 0.08220457386326192 0.0570516335443795
0 0.08579063879477478 0.5712324908288 0.03779210064862313 0.10729567445232177
0 0.07043659983454893 0.45286893573509274 0.03757391233702041 0.0947956744523216
0 0.12444403571051965 0.546658388163233 0.0441784683433748 0.11529003087881229
0 0.11150193059766969 0.43213288690959173 0.03447618587597075 0.09626724623907634
0 0.16627697970416527 0.5251183572844205 0.039327327109672794 0.1057786385589445
0 0.14868828489974079 0.4130729983506473 0.04078073295387141 0.09957410266556703
0 0.1914252098186629 0.3985414854185237 0.04705800649282175 0.10131845909205772
0 0.2050940178536122 0.5099192546188535 0.04563187418757346 0.109085494985435
0 0.22846155965650708 0.37088784685957926 0.043960280031772034 0.10279003087881247
0 0.4232866846548594 0.6059662258516122 0.08176028896022589 0.12106866943775678
0 0.5097890206929859 0.7253861640939874 0.08504893019392785 0.13053459765100223
0 0.6013395466675683 0.6414310497499379 0.0964579886359143 0.0683983105039836
0 0.7236412406612139 0.6175496173800574 0.09330571509696384 0.06674488229073816
0 0.556537741068251 0.448104598575439 0.0900988944801128 0.061966454077492725
0 0.566017881084137 0.49863579598901425 0.09157957386326192 0.05732441818411545
0 0.5762383607915975 0.5468005113492781 0.09001707386326174 0.05727895407749273
0 0.5871309963432567 0.5886924946562306 0.09467730032431163 0.05585284639736088
0 0.6648996659871731 0.43166359316516256 0.09456820616851011 0.04960284639736088
0 0.6774638956946337 0.4797601123654925 0.08834547970746058 0.05098348997087019
0 0.6930440312462928 0.521515703352577 0.08853639448011279 0.061920989970870186
0 0.7079520109537534 0.569544026392973 0.09459547970746059 0.05116534639736088
0 0.8991070706135555 0.46002295922507175 0.05772277110331814 0.08601170783841657
0 0.8487797881461517 0.4427278106369975 0.05928527110331814 0.08605717194503928
0 0.8037030673671449 0.412773537675744 0.0610386858759707 0.09704013605166181
0 0.7593530495102374 0.37967153266117903 0.060847771103318314 0.08610263605166191
0 0.7172376874975285 0.3402513314866801 0.056078450486467445 0.08127874373179385
0 0.5837803051922803 0.3519510126029194 0.07315685633066593 0.07552884890464337
0 0.6613461976437983 0.3176465572717853 0.0777352621748646 0.06941524122451134