1 0.5375 0.88203125 0.1765625 0.153125
1 0.34296875 0.7921875 0.234375 0.184375
1 0.1203125 0.63984375 0.21875 0.2109375
1 0.28203125 0.40390625 0.2171875 0.1984375
1 0.48203125 0.56796875 0.209375 0.175
1 0.628125 0.6828125 0.16875 0.1390625
1 0.23984375 0.04140625 0.2453125 0.0828125
1 0.08125 0.1859375 0.15625 0.23125
1 0.43515625 0.20078125 0.2125 0.175
1 0.5984375 0.38203125 0.171875 0.153125
1 0.7203125 0.51640625 0.134375 0.128125
1 0.5828125 0.06484375 0.175 0.1296875
1 0.7109375 0.2203125 0.153125 0.134375
1 0.80703125 0.3609375 0.1375 0.121875
1 0.79765625 0.09140625 0.1296875 0.125
1 0.87734375 0.2359375 0.109375 0.1234375