1 0.26328125 0.34375 0.06953125 0.0984375
1 0.2625 0.47578125 0.0734375 0.10625
1 0.26328125 0.60625 0.08046875 0.11484375
1 0.26171875 0.74375 0.075 0.0953125
1 0.34453125 0.7390625 0.0640625 0.10234375
1 0.34296875 0.60859375 0.06796875 0.10625
1 0.34609375 0.47734375 0.0671875 0.10390625
1 0.34453125 0.34765625 0.0734375 0.10078125
1 0.4265625 0.34765625 0.0640625 0.10078125
1 0.428125 0.4765625 0.07265625 0.11953125
1 0.425 0.6046875 0.0671875 0.1078125
1 0.425 0.734375 0.071875 0.10703125
1 0.5078125 0.34609375 0.06484375 0.1109375
1 0.50390625 0.478125 0.06953125 0.10546875
1 0.509375 0.61015625 0.071875 0.096875
1 0.51015625 0.7421875 0.06953125 0.1046875
1 0.58828125 0.74609375 0.065625 0.096875
1 0.590625 0.61015625 0.0734375 0.10625
1 0.590625 0.4765625 0.06484375 0.1078125
1 0.5890625 0.34609375 0.06953125 0.1109375
1 0.66796875 0.34140625 0.06796875 0.10234375
1 0.67109375 0.478125 0.071875 0.11875
1 0.671875 0.6046875 0.06796875 0.10390625
1 0.671875 0.73359375 0.0671875 0.10859375
1 0.75546875 0.3453125 0.0671875 0.10546875
1 0.7546875 0.47578125 0.065625 0.10625
1 0.7546875 0.60390625 0.06328125 0.096875
1 0.75625 0.74296875 0.06796875 0.11015625