0 0.915625 0.925 0.16875 0.053125
0 0.9125 0.81171875 0.175 0.053125
0 0.9171875 0.70703125 0.165625 0.05
0 0.91328125 0.60234375 0.1734375 0.0484375
0 0.91484375 0.49609375 0.1703125 0.0515625
0 0.91484375 0.38671875 0.1703125 0.053125
0 0.91171875 0.28203125 0.1765625 0.05
0 0.9140625 0.171875 0.171875 0.05
0 0.9125 0.0640625 0.175 0.0515625
0 0.67109375 0.97890625 0.1953125 0.0421875
0 0.66796875 0.8703125 0.1984375 0.0515625
0 0.66796875 0.76171875 0.2015625 0.0515625
0 0.6703125 0.65390625 0.2015625 0.0515625
0 0.66796875 0.5484375 0.2046875 0.053125
0 0.665625 0.4390625 0.209375 0.053125
0 0.66640625 0.33515625 0.2015625 0.05
0 0.665625 0.22421875 0.209375 0.05
0 0.66640625 0.1171875 0.209375 0.053125
0 0.66640625 0.01875 0.2046875 0.0375
0 0.4078125 0.92578125 0.2 0.0515625
0 0.403125 0.81953125 0.2046875 0.0515625
0 0.40546875 0.71171875 0.209375 0.05
0 0.40390625 0.6015625 0.209375 0.0515625
0 0.4046875 0.49296875 0.209375 0.053125
0 0.4 0.38203125 0.209375 0.05
0 0.39765625 0.27890625 0.2125 0.053125
0 0.40390625 0.16953125 0.2046875 0.0546875
0 0.4015625 0.065625 0.209375 0.0453125
0 0.1421875 0.9765625 0.2015625 0.046875
0 0.1390625 0.871875 0.209375 0.0515625
0 0.14296875 0.76328125 0.2015625 0.0515625
0 0.1421875 0.6546875 0.203125 0.0578125
0 0.14609375 0.5484375 0.196875 0.0515625
0 0.14296875 0.4359375 0.209375 0.0515625
0 0.1421875 0.33359375 0.2046875 0.05
0 0.1453125 0.22578125 0.2 0.053125
0 0.1421875 0.11953125 0.203125 0.05
0 0.14140625 0.01796875 0.1984375 0.0359375