1 0.2130331168302763 0.37251037547570104 0.1330779813887502 0.17853085969555132
1 0.25549256037735424 0.6455194525480076 0.14666960049533803 0.20247769566510634
1 0.28879532774574984 0.9235980315974807 0.14993584160399784 0.1386698636498842
1 0.3992039032242064 0.31952600243427687 0.18093759263745515 0.23506470258518863
1 0.4535276459854961 0.5951825770351256 0.18398981803034928 0.2336295365775774
1 0.5037096983000797 0.8827489026245573 0.18885710049533805 0.20419670456235509
1 0.5836666404039248 0.26348029638904713 0.17247012117350238 0.22068386760421674
1 0.6579582808078497 0.5477160335374658 0.18449924028009032 0.2445670365775774
1 0.7210042061579627 0.8425855231573426 0.19790676881613756 0.23107753954332688
1 0.7626242402800903 0.2068761748304977 0.19529119106587878 0.24188770555093822
1 0.8479989298982268 0.4937912430055557 0.20128863399378422 0.27020370653952136
1 0.915520261991712 0.7797658936901277 0.1689594760165761 0.24102554250907637