1 0.6390103923807862 0.21052466273471912 0.16132442431676958 0.15258996071058578
1 0.436078854539171 0.12829855190029887 0.15038692431676956 0.15208053846084474
1 0.8294047246874385 0.31564246401584545 0.1539484339354164 0.16472608767505648
1 0.4117707582678845 0.5778982915612166 0.15885418874473983 0.17119441149637407
1 0.44254206471382124 0.7499209948282044 0.1624156983633867 0.18383996071058561
1 0.6698535875793119 0.6493902636443419 0.1573462524470708 0.1726841368892682
1 0.2485887119887488 0.5898609824222074 0.1589087524470707 0.1727569114963739
1 0.3184299529182561 0.8083070754739474 0.15907244355406328 0.17744441149637424
1 0.35700888031506856 0.37580494458053526 0.14967759618646853 0.13176803846084476
1 0.1721477522774347 0.49318072745980873 0.15507442431676957 0.15229886228216233
1 0.7647519145284868 0.5536475781600345 0.15378474282842375 0.16003858767505647
1 0.46260162668687155 0.46680027977439237 0.1503323606144388 0.15051803846084474
1 0.5242682690676577 0.6504347251834972 0.15340279691210784 0.14910108767505648
1 0.1565227191603249 0.7389469917278324 0.15507442431676957 0.15229886228216233
1 0.1834894685273527 0.8630587338699496 0.15400299763774727 0.16628858767505647
1 0.11481142351416138 0.6337115281217625 0.15378474282842386 0.16003858767505647
1 0.22049846144059462 0.38587980376232567 0.14493553248413757 0.12998721463952717
1 0.18010412913394225 0.2877483647633617 0.14052085099579187 0.13758139081820958
1 0.31599698911540874 0.27294961827801834 0.14967759618646853 0.13176803846084476
1 0.49451880399886594 0.3595164727022978 0.14186509618646853 0.13140416542531544
1 0.619015317793864 0.46939024048497807 0.13917660580511537 0.1437586162111037
1 0.5749627282308175 0.5432429633966729 0.14891370435383636 0.10989303846084475
1 0.06279512196236611 0.32734805810555184 0.12559024392473223 0.1515711162111037
1 0.04759919709744234 0.19764128742738746 0.09519839419488468 0.12028257485477489
1 0.15355404201796644 0.1965218972283504 0.13630457694917478 0.10618584160399788
1 0.057576853906198766 0.527275283498446 0.11515370781239753 0.13267556699689198
1 0.7251884837579312 0.09559532960777661 0.14962303248413758 0.13020553846084476
1 0.6849057018219478 0.4200302493763183 0.14413692431676955 0.15178944003242129
1 0.31522808576521344 0.6759119524384182 0.15096727767481416 0.12402831306795062
1 0.31889626670540494 0.4812351532242064 0.1466071598887993 0.13318498924663302