0 0.246875 0.78046875 0.1375 0.328125
0 0.43046875 0.70859375 0.1578125 0.3140625
0 0.5890625 0.64140625 0.16015625 0.31953125
0 0.74296875 0.58125 0.15390625 0.31640625
0 0.8765625 0.52734375 0.1609375 0.3265625
0 0.86875 0.88046875 0.16484375 0.2390625
0 0.70859375 0.93125 0.1421875 0.1375
0 0.52734375 0.9546875 0.1171875 0.090625
0 0.31171875 0.26875 0.20078125 0.17421875
0 0.25078125 0.41875 0.20390625 0.19375
0 0.18046875 0.5421875 0.209375 0.15078125
0 0.06484375 0.70859375 0.1125 0.16875
0 0.0703125 0.8796875 0.13984375 0.18359375
1 0.5234375 0.371875 0.08359375 0.1328125
0 0.65 0.1890625 0.15234375 0.209375
0 0.7484375 0.2578125 0.16015625 0.2125
0 0.0578125 0.32421875 0.115625 0.1703125
0 0.0890625 0.16953125 0.178125 0.175
1 0.2171875 0.07265625 0.128125 0.115625
1 0.3703125 0.05 0.11875 0.1