0 0.246935896875 0.5143056953125 0.2729670421875 0.49929186562499994 0.2646844265625 0.452373603125 0.2313609734375 0.387429646875 0.20670578125 0.3660440359375 0.191323684375 0.3829345671875 0.191323684375 0.42609935312499997 0.218538134375 0.478647859375 0.246935896875 0.5143056953125
0 0.17357514999999998 0.5762377812499999 0.19723986093749998 0.549963596875 0.18895725000000002 0.5143056953125 0.1499104421875 0.4467434265625 0.14162783125 0.42985282968750005 0.11796311875000001 0.44298995156250004 0.11441337656249999 0.47489438437500003 0.14162783125 0.5330729937500001 0.17357514999999998 0.5762377812499999
0 0.0836493609375 0.6475535921875 0.1120469421875 0.6400467859375001 0.1215128609375 0.596881859375 0.087199103125 0.529319525 0.0765498765625 0.5086755187499999 0.0469689890625 0.4880315125 0.026854023437500003 0.5124289937500001 0.0457858609375 0.572484378125 0.0836493609375 0.6475535921875
0 0.2457525890625 0.5124289937500001 0.271783734375 0.5049220421875 0.2694173 0.44486665312499996 0.23628666874999998 0.3848113421875 0.2303704921875 0.3679207375 0.205522653125 0.3604137859375 0.18422438125 0.377304390625 0.18895725000000002 0.41859247499999996 0.2197214421875 0.478647859375 0.2457525890625 0.5124289937500001
0 0.31793002656249997 0.42234594531249997 0.34277786093749996 0.39044151875 0.327395765625 0.3604137859375 0.2994083109375 0.3170731703125 0.2729670421875 0.307865353125 0.2552185078125 0.3247559578125 0.2599513765625 0.3491534328125 0.267050865625 0.3660440359375 0.2978148765625 0.424222653125 0.31793002656249997 0.42234594531249997
0 0.35234375 0.80625 0.0921875 0.14375
0 0.42890625 0.8515625 0.0921875 0.15
0 0.509375 0.896875 0.084375 0.15
0 0.44453125 0.6625 0.096875 0.171875
0 0.51640625 0.71640625 0.084375 0.16875
0 0.71171875 0.8375 0.1515625 0.159375
0 0.8796875 0.82890625 0.146875 0.146875
0 0.67109375 0.6953125 0.14375 0.140625
0 0.57578125 0.3375 0.128125 0.1015625
0 0.725 0.3296875 0.121875 0.11875
0 0.76484375 0.4453125 0.140625 0.11875
0 0.79921875 0.565625 0.14375 0.121875
0 0.8375 0.690625 0.1421875 0.1234375
0 0.64140625 0.56328125 0.1421875 0.13125
0 0.60625 0.44453125 0.140625 0.14375
1 0.384375 0.4171875 0.071875 0.078125
1 0.46171875 0.50390625 0.071875 0.0921875
1 0.69609375 0.16875 0.065625 0.0828125
1 0.62734375 0.22578125 0.0625 0.0703125
1 0.76953125 0.23203125 0.06875 0.065625
1 0.8421875 0.2171875 0.05625 0.071875
1 0.92734375 0.29921875 0.071875 0.115625
1 0.9734375 0.4078125 0.053125 0.109375
1 0.95390625 0.54609375 0.08125 0.1203125
1 0.98671875 0.66484375 0.0265625 0.134375
1 0.90078125 0.43828125 0.08125 0.1109375
1 0.8453125 0.3265625 0.0734375 0.109375
1 0.54296875 0.0671875 0.0953125 0.109375
1 0.43515625 0.06328125 0.0921875 0.103125
1 0.53125 0.23203125 0.09375 0.084375
1 0.4140625 0.2328125 0.103125 0.09375
1 0.48125 0.15 0.096875 0.1015625
0 0.16174279687499998 0.7770479453125 0.20315603906250002 0.782678121875 0.2126219578125 0.7263762078125 0.1825444078125 0.6594746703125 0.1771248921875 0.6381699390625 0.1522770578125 0.630663134375 0.13216190781249998 0.6475535921875 0.1215128609375 0.6832114265625 0.16174279687499998 0.7770479453125
0 0.26350111875 0.6907183781249999 0.2836160890625 0.6907183781249999 0.2978148765625 0.6419233421875 0.2694173 0.593128525 0.246935896875 0.5649774265625 0.22090456875000003 0.5649774265625 0.205522653125 0.619402634375 0.26350111875 0.6907183781249999
0 0.323846203125 0.5030453421875001 0.2918987 0.495538390625 0.2859825234375 0.546210121875 0.31201385 0.57999125625 0.33449525 0.61001898125 0.361709703125 0.6156491578125001 0.3747252765625 0.5874982078125 0.36407613906249997 0.5537170734375 0.345144296875 0.523689346875 0.323846203125 0.5030453421875001