1 0.5055159123358701 0.286424017266094 0.06522818511654264 0.07885225334181775
1 0.4788566978152325 0.37348821260345744 0.06032243030721922 0.07254770934118149
1 0.4528150421876025 0.4558558172740482 0.06522818511654283 0.07885225334181775
1 0.4291717002623033 0.5397586499443208 0.07013393992586625 0.08515679734245403
1 0.4028299442718534 0.6135325046149115 0.06511905771188112 0.07572725334181776
1 0.46327886015110253 0.6659757046069573 0.06695437622353531 0.0835579346753633
1 0.5276067441791863 0.7175922012651395 0.06991568511654264 0.07890679734245402
1 0.4885938294810635 0.5851796906031392 0.0653918762235353 0.08353975334181776
1 0.5750844009879427 0.5552552859245944 0.06700893992586625 0.0851204346753633
1 0.5152803258528664 0.4988967452657759 0.06382937622353531 0.08352157200827222
1 0.5979737747644073 0.4721427939210946 0.06700893992586625 0.0851204346753633
1 0.5406225770339927 0.41888198126195786 0.06695437622353531 0.0835579346753633
1 0.625550648540872 0.3889757579169584 0.07465774881887377 0.08052384134309047
1 0.5637029237686154 0.341238239258458 0.06550100362819702 0.08666475334181775