0 0.3001236359375 0.7017946640625 0.31080755625 0.7445110984375 0.3588860796875 0.790787453125 0.42655192499999994 0.781888178125 0.50846320625 0.676876659375 0.60461998125 0.534488196875 0.65447901875 0.45083502812500004 0.65625974375 0.38498027968750004 0.622426784375 0.33514440156249997 0.55654159375 0.3226853265625 0.503121178125 0.3618422390625 0.33039515 0.6323802609375 0.3001236359375 0.7017946640625
0 0.27163271093749997 0.6750968265624999 0.27163271093749997 0.719593225 0.2538259015625 0.7516306828125 0.2395803359375 0.7765485562500001 0.30546566406250003 0.8228249156249999 0.5494189109375001 0.8708809671875001 0.6153040375 0.8673213078125 0.6455756171875 0.8174852937500001 0.6455756171875 0.7694292390624999 0.6172674671875 0.7078326265625 0.5102439249999999 0.6804363125 0.48531436875 0.7267125375 0.43901670625 0.772988896875 0.3784735375 0.790787453125 0.323272471875 0.767649275 0.2930007515625 0.694675215625 0.2965622609375 0.66263775625 0.27163271093749997 0.6750968265624999
0 0.25504201875 1 0.323272471875 0.9545341359374999 0.349982678125 0.8886795234375 0.3457943921875 0.86582105625 0.3001236359375 0.8192652562499999 0.24492250000000002 0.8121456734375 0.1719146265625 0.840623471875 0.0917840046875 0.8833399015625 0.0205567796875 0.906478084375 0.00453063125 0.9171573265624999 0.110915303125 1 0.25504201875 1
0 0.4513441546875 1 0.4532621359375 0.991911215625 0.43901670625 0.9580937890625 0.3749121640625 0.922496678125 0.33929855625 0.9278362984375 0.3161497203125 0.970553 0.2535457109375 1 0.4513441546875 1
0 0.668659378125 1 0.6811892296875001 0.9972508359375001 0.7524164484375 0.8815602109375 0.8153092984375 0.705607434375 0.8307664203125 0.6804363125 0.8432311640625001 0.627040640625 0.8325471078125 0.56830548125 0.79871415 0.5398278171875 0.76131985 0.5291485703125 0.755977821875 0.5594062015625 0.7168028359374999 0.600342803125 0.663382425 0.6234809859375 0.6242074390625 0.719593225 0.636672215625 0.7373917796875 0.649136990625 0.781888178125 0.6455756171875 0.840623471875 0.6117427296875 0.8673213078125 0.574348396875 0.87978024375 0.5476381875 0.926056603125 0.5547609390625 0.991911215625 0.574992321875 1 0.668659378125 1
0 0.8167094296874999 1 0.9091162890625 0.799686734375 0.9393879015625 0.7516306828125 0.9660981124999999 0.673317 0.9643174578125 0.6359399203125 0.9358264953125 0.58788386875 0.8913094812500001 0.562965859375 0.8432311640625001 0.5772047609375 0.8467924671875 0.6323802609375 0.780907378125 0.8103659765625 0.7399516734375 0.9082580468750001 0.697215378125 0.9794522796875 0.685379340625 1 0.8167094296874999 1
0 0.6580403968749999 0.3938795609375 0.720364215625 0.45083502812500004 0.7666618781250001 0.44905506093750003 0.8129596125 0.4081184578125 0.816520953125 0.3600622703125 0.79871415 0.32446515468750003 0.7685803265625 0.278371121875 0.6989960328125 0.1874163125 0.622426784375 0.0859645890625 0.56900636875 0.03434874375 0.5440768125 0.03434874375 0.5138052984375 0.057486784375 0.45682350937500005 0.066386065625 0.4746303125 0.1393602609375 0.6580403968749999 0.3938795609375
0 0.4229905515625 0.3280249484375 0.4710689390625 0.39743935 0.50846320625 0.363622065625 0.5547609390625 0.3280249484375 0.610591896875 0.3228749015625 0.5494189109375001 0.239032159375 0.49955979843750004 0.15715882187500002 0.43723598125 0.08240479375000001 0.38915766406249996 0.046807678125 0.3321758734375 0.048587509375 0.2965622609375 0.0646062390625 0.285878140625 0.091304075 0.4229905515625 0.3280249484375
0 0.27163271093749997 0.0646062390625 0.22711569687500002 0.0307889484375 0.166572528125 0.0307889484375 0.129178265625 0.061046579687500005 0.1095908078125 0.11800191093750001 0.10424871093750002 0.15893865000000001 0.132739575 0.15537885468749998 0.180818028125 0.16961775625 0.2075282390625 0.221233603125 0.339118821875 0.4519358734375 0.3766928875 0.506010528125 0.41586786875000004 0.48109251875 0.45148148125 0.43659612656249996 0.4710689390625 0.400999009375 0.424771275 0.3315846078125 0.337517765625 0.18563648593749998 0.27163271093749997 0.0646062390625
0 0.12561695781249999 0.3618422390625 0.191502084375 0.4935514578125 0.27697473906250003 0.6644177203125 0.31793044375 0.639499715625 0.357105359375 0.593223490625 0.3749121640625 0.543387471875 0.357105359375 0.4935514578125 0.3101913640625 0.40520690156250005 0.21287019687500003 0.2283530515625 0.1736952796875 0.1660580984375 0.11849421093750001 0.15537885468749998 0.0810999484375 0.183856659375 0.052608948437500004 0.24081198593750003 0.038363589062499995 0.2906480046875 0.09890675156249999 0.31912566875000004 0.12561695781249999 0.3618422390625
0 0 0.4294193359375 0.015214687499999999 0.466853621875 0.006311284374999999 0.52736874375 0.0935646546875 0.694675215625 0.154107821875 0.7160334296875 0.177256584375 0.7765485562500001 0.19862483125 0.7801082109374999 0.2395803359375 0.7747688593750001 0.27163271093749997 0.7267125375 0.2805361125 0.6661975515624999 0.1363010140625 0.3938795609375 0.0935646546875 0.31912566875000004 0.033021490625 0.2888680421875 0 0.31857366875 0 0.4294193359375
0 0 0.8816099015625 0.038363589062499995 0.9011384625 0.1113714625 0.8780002796874999 0.15944977968750002 0.8477427843750001 0.17222963593750001 0.7946150000000001 0.154107821875 0.717813396875 0 0.6575991078125 0 0.8816099015625
0 0.812212434375 0 0.755977821875 0.02722929375 0.748855075 0.0646062390625 0.7185835609375 0.1055429765625 0.684750603125 0.13046098125 0.7061187796875 0.18563648593749998 0.72570624375 0.20521487343749997 0.7666618781250001 0.221233603125 0.8200822609375 0.1980954203125 1 0.0199737609375 1 0 0.812212434375 0
0 1 0.25448692500000003 0.8806254578124999 0.20521487343749997 0.8361084484375001 0.192755934375 0.764881225 0.230132878125 0.7470744203125 0.2603903734375 0.7969334953125 0.313786046875 0.8076175515624999 0.354722784375 0.8200822609375 0.3654018921875 1 0.42292879375 1 0.25448692500000003
0 1 0.418038009375 0.852134565625 0.37786083125 0.816520953125 0.3689615515625 0.8183016406249999 0.4027788359375 0.791591434375 0.418797565625 0.763100575 0.45261485468749996 0.7346096453125 0.4632939625 0.7574543828125 0.5097907890625 0.8254243546875 0.5469471312499999 0.9393879015625 0.5700853078125 1 0.5947585984375 1 0.418038009375
0 0.021441701562500002 0 0.00453063125 0.0005314578125 0 0.011678621875 0 0.321324640625 0.029460182812500003 0.2977673171875 0.056170392187499994 0.23191271093750002 0.089897640625 0.15376052812500002 0.1677674484375 0 0.021441701562500002 0
0 0.5227087015625 0.6466191640625001 0.6259881593750001 0.6199213265625 0.6776278546875 0.61458170625 0.7292676171875 0.58788386875 0.75063579375 0.54872709375 0.75063579375 0.502450734375 0.7310482703125001 0.468633584375 0.69187335 0.44549540624999995 0.65269836875 0.44905506093750003 0.5227087015625 0.6466191640625001
0 0.9503584249999999 1 0.9821242609375 0.92071698125 0.9892469765625 0.8673213078125 0.973220859375 0.8281645375 0.9376072515624999 0.8263845703125 0.901993640625 0.8299442296875 0.8251670843750001 1 0.9503584249999999 1