1 0.37890625 0.22109375 0.125 0.084375
1 0.4765625 0.2984375 0.1140625 0.0796875
1 0.30078125 0.29375 0.1140625 0.08125
1 0.71484375 0.50625 0.096875 0.071875
1 0.6375 0.44296875 0.109375 0.071875
1 0.565625 0.36875 0.1125 0.078125
1 0.396875 0.37421875 0.1265625 0.0828125
1 0.64921875 0.58359375 0.103125 0.075
1 0.575 0.515625 0.1140625 0.075
1 0.4890625 0.446875 0.1125 0.08125
1 0.52578125 0.80390625 0.10625 0.075
1 0.41875 0.81875 0.1046875 0.08125
1 0.5265625 0.7015625 0.1015625 0.0796875
1 0.41484375 0.7125 0.10625 0.08125
1 0.4078125 0.61171875 0.096875 0.075
1 0.515625 0.6046875 0.09375 0.071875
1 0.40234375 0.51171875 0.103125 0.0703125