0 0.19116238593749998 0.47639499531249996 0.23517621718749998 0.5034929734375 0.2724187859375 0.50518656875 0.2791900484375 0.471314071875 0.262261640625 0.45607148437499995 0.20783064843750002 0.4279365109375 0.184391 0.44929695937499997 0.19116238593749998 0.47639499531249996
0 0.294425640625 0.4831694578125 0.2825758046875 0.49671844375 0.29611845312499996 0.523816484375 0.3604464484375 0.554301725 0.3858390578125 0.5475271953124999 0.39091763125 0.515348359375 0.37737485312499996 0.4984121109375 0.317883559375 0.476613759375 0.294425640625 0.4831694578125
0 0.42646725781250006 0.525510084375 0.4044602796875 0.5407527328125 0.40276746250000006 0.5695443734375 0.4857166796875 0.6152721999999999 0.507723528125 0.6101913375 0.52126630625 0.5830933593750001 0.5043379015625 0.554301725 0.4469840890625 0.5316402140625 0.42646725781250006 0.525510084375
0 0.675314778125 0.6271275859375 0.609947053125 0.595132275 0.6109869109375 0.593255084375 0.5822085421875001 0.5797062265624999 0.5551231203125 0.586480621875 0.539887528125 0.6084977375 0.5517374890625 0.6389831015625 0.653307928125 0.6830172 0.6719291468749999 0.6728556046875 0.68885755625 0.652531959375 0.675314778125 0.6271275859375
0 0.741335715625 0.6271275859375 0.7514926046875 0.6051106046875 0.7362571421874999 0.5847869593749999 0.693936128125 0.5661571109375 0.6668505734375 0.5559953203125 0.6363795203125 0.554301725 0.619451115625 0.5644634484375 0.6177581734375 0.5847869593749999 0.6363795203125 0.598335946875 0.668543390625 0.611885 0.6956288140625 0.6372893734375 0.72271436875 0.6389831015625 0.741335715625 0.6271275859375
0 0.5377553859375 0.5661571109375 0.5432732890625 0.5746252359375 0.5822085421875001 0.5797062265624999 0.603776328125 0.5424463328125 0.541141275 0.515348359375 0.5089771515625 0.4984121109375 0.4823309203125 0.5068802359375 0.47725247499999995 0.525510084375 0.48063810625 0.5424463328125 0.49882026249999994 0.5559953203125 0.5377553859375 0.5661571109375
0 0.4078125 0.48828125 0.1015625 0.078125
0 0.3046875 0.43984375 0.09375 0.06640625
0 0.74140625 0.56484375 0.13046875 0.096875
0 0.596875 0.50859375 0.125 0.07734375
0 0.4703125 0.46640625 0.10078125 0.0734375
0 0.3640625 0.421875 0.09921875 0.06484375
0 0.80078125 0.53359375 0.14375 0.09609375
0 0.65625 0.48125 0.115625 0.07734375
0 0.52734375 0.440625 0.1046875 0.06796875
0 0.421875 0.403125 0.09609375 0.06484375