0 0.2125 0.2421875 0.334375 0.1390625
0 0.28515625 0.42734375 0.31875 0.159375
0 0.353125 0.58828125 0.325 0.1625
0 0.41484375 0.74375 0.321875 0.15625
0 0.46953125 0.87890625 0.33125 0.1625
0 0.1171875 0.86875 0.234375 0.165625
0 0.0671875 0.7078125 0.134375 0.14375
0 0.0421875 0.525 0.084375 0.11875
0 0.7328125 0.3078125 0.178125 0.203125
0 0.5796875 0.24609375 0.196875 0.20625
0 0.45390625 0.175 0.153125 0.2125
0 0.28515625 0.05859375 0.171875 0.1125
0 0.1140625 0.06640625 0.184375 0.13125
1 0.62734375 0.521875 0.134375 0.084375
0 0.81328125 0.65 0.2125 0.1546875
0 0.74296875 0.74921875 0.215625 0.1625
0 0.675 0.05546875 0.171875 0.109375
0 0.83359375 0.08671875 0.178125 0.171875
1 0.93125 0.21171875 0.1171875 0.1296875
1 0.953125 0.36484375 0.09375 0.1203125