0 0.64296875 0.71171875 0.11015625 0.0953125
0 0.61953125 0.62421875 0.11171875 0.08828125
0 0.54921875 0.378125 0.10078125 0.084375
0 0.68125 0.34921875 0.09765625 0.07734375
0 0.77734375 0.68046875 0.10546875 0.0890625
0 0.6203125 0.62265625 0.10625 0.07734375
0 0.7546875 0.59375 0.10546875 0.09140625
0 0.596875 0.5390625 0.10234375 0.07109375
0 0.72578125 0.5078125 0.0984375 0.0859375
0 0.57265625 0.45625 0.10078125 0.078125
0 0.703125 0.42265625 0.1 0.078125
0 0.33828125 0.5703125 0.10546875 0.1
0 0.2171875 0.50546875 0.10078125 0.11640625
0 0.3828125 0.459375 0.10234375 0.13046875