0 0.09921875 0.11796875 0.05 0.1875
0 0.2046875 0.11953125 0.05 0.1953125
0 0.30390625 0.11484375 0.046875 0.1875
0 0.4015625 0.11953125 0.0453125 0.19375
0 0.5015625 0.11875 0.0484375 0.1890625
0 0.603125 0.11953125 0.05 0.1875
0 0.7015625 0.12109375 0.046875 0.1953125
0 0.8046875 0.11953125 0.046875 0.190625
0 0.90625 0.12109375 0.0484375 0.1921875
0 0.99140625 0.11953125 0.015625 0.1859375
0 0.01015625 0.12421875 0.01875 0.1859375
0 0.046875 0.3625 0.0421875 0.1828125
0 0.14921875 0.3640625 0.0484375 0.1859375
0 0.2515625 0.3640625 0.0484375 0.1890625
0 0.353125 0.3625 0.0484375 0.1890625
0 0.4515625 0.3640625 0.05 0.1921875
0 0.55390625 0.36640625 0.05 0.196875
0 0.6515625 0.365625 0.046875 0.1890625
0 0.75546875 0.36640625 0.046875 0.196875
0 0.85546875 0.365625 0.05 0.1953125
0 0.95546875 0.3671875 0.0484375 0.1921875
0 0.01015625 0.6109375 0.0171875 0.1875
0 0.09765625 0.60859375 0.0484375 0.1875
0 0.19765625 0.6125 0.0484375 0.1921875
0 0.2984375 0.61015625 0.046875 0.1953125
0 0.4015625 0.61171875 0.0484375 0.1953125
0 0.503125 0.6109375 0.05 0.196875
0 0.60703125 0.615625 0.046875 0.196875
0 0.70390625 0.61796875 0.05 0.2
0 0.80703125 0.61171875 0.0515625 0.1921875
0 0.90390625 0.6140625 0.0421875 0.1953125
0 0.990625 0.60859375 0.01875 0.1984375
0 0.04765625 0.8578125 0.05 0.1890625
0 0.1484375 0.86015625 0.0484375 0.196875
0 0.25 0.85625 0.0484375 0.1890625
0 0.3515625 0.85703125 0.053125 0.190625
0 0.4515625 0.85390625 0.0484375 0.184375
0 0.55703125 0.85625 0.0484375 0.1953125
0 0.653125 0.85703125 0.046875 0.1921875
0 0.75390625 0.8546875 0.05 0.1875
0 0.85390625 0.85703125 0.046875 0.190625
0 0.95703125 0.859375 0.046875 0.1859375