0 0.7389845953124999 0.3578997453125 0.7196895890625 0.421123171875 0.7201151546875 0.4647646109375 0.74634193125 0.4750359046875 0.766124778125 0.4390217640625 0.7819656109374999 0.38783304687500003 0.774642446875 0.3486643296875 0.7577843343749999 0.3353185640625 0.7389845953124999 0.3578997453125
0 0.8231401249999999 0.40123226250000005 0.7990830015625 0.467568725 0.7975981859375 0.5009922546875 0.8235826859375001 0.5217862296875 0.8453208406250001 0.47850295625 0.8602064953124999 0.422205353125 0.8515646453124999 0.39371171562499996 0.8278089265625 0.3848386125 0.8231401249999999 0.40123226250000005
0 0.8941958812499999 0.46808699374999996 0.8744442515624999 0.5338139390625 0.8903782421875001 0.5717636500000001 0.9174840640624999 0.5749181171875 0.9391911796875 0.50192208125 0.9462240312500001 0.444988184375 0.9237870015625 0.42543999374999997 0.9003807171875 0.44798261562499997 0.8941958812499999 0.46808699374999996
0 0.736575796875 0.34006934843750003 0.7340596578125 0.35615822656249996 0.714110665625 0.414920746875 0.722146759375 0.46972116093749994 0.7470999484374999 0.47318054218750005 0.7650483671874999 0.439174165625 0.782844684375 0.3807163546875 0.7801452328125 0.34264104375 0.7579053765625 0.33005717031250004 0.736575796875 0.34006934843750003
0 0.6876385078125 0.29105980625 0.6651480046875 0.30282061250000003 0.647041828125 0.34575343593749996 0.638143675 0.374982378125 0.6661596265624999 0.4007329859375 0.6847760421875 0.3998452859375 0.7028906 0.343090521875 0.70648315625 0.32684924375 0.7066492984375 0.304100859375 0.6876385078125 0.29105980625
0 0.6997204506457736 0.7540242159044475 0.10887019780928675 0.1455773271096728
0 0.6379622482176334 0.8052633875769587 0.11056909012915472 0.15029210064862317
0 0.5722750637361818 0.855653125402094 0.10431909012915472 0.15018300649282174
0 0.5916231426490725 0.6350093887947749 0.11901808762187223 0.1723034683433749
0 0.5355382787007343 0.6933752678536121 0.10633623119538153 0.16583528003177223
0 0.37782037008353025 0.8280524565722519 0.16575669530200415 0.168434174511885
0 0.22439149320306845 0.8417722629856434 0.16075094655564542 0.15741485389503396
0 0.3910979569139797 0.6939774655007057 0.15744409012915472 0.1511103068171334
0 0.4172152098834806 0.35710475689656357 0.13447795157021042 0.11322847727182861
0 0.2793431368430847 0.3687535486994585 0.1317621285298145 0.12723643019392786
0 0.2638210884132951 0.47936376623205434 0.1506485208496825 0.13225121266133186
0 0.2530547361434395 0.5923995543815013 0.15225648495630523 0.13384098620028234
0 0.23856399030007455 0.7116171586835724 0.1523019490629279 0.13540348620028234
0 0.3960773104374765 0.5699087199649326 0.1524838054894186 0.14165348620028234
0 0.4076476447606435 0.4576678185849608 0.1527565901291547 0.15102848620028234
1 0.6044484369222269 0.404881558031654 0.0789266335443795 0.08258640340856668
1 0.5492501230530311 0.4937161870904914 0.08085284639736087 0.09511367694751698
1 0.27890756466061867 0.21960298254683433 0.07433006175762476 0.08562958279171565
1 0.3519646314328083 0.26148256533854997 0.07088681301126609 0.07463753571381497
1 0.22385400329870525 0.28657624837514695 0.07387542069139796 0.07000458279171565
1 0.1542318250854599 0.28223757589185683 0.064636813011266 0.07452844155801355
1 0.09113008300301872 0.3678108372559425 0.0845688797834557 0.11548072402541773
1 0.06379835635998372 0.47509150324641086 0.08135295157021036 0.11230117694751698
1 0.10865987846330749 0.5945642520285949 0.09568823620994645 0.12192163879807012
1 0.08079695440669724 0.710425031249588 0.08814852084968253 0.1311602711033185
1 0.13920753331958785 0.4904631331160273 0.09389841567683303 0.11408186525911965
1 0.16961879585600018 0.3816745142034595 0.08599498746358769 0.11082049756436803
1 0.40056595282385155 0.10694111566286153 0.10644387978345579 0.11586255357072246
1 0.4984578835443794 0.08990934861673294 0.10152905925034225 0.10796823295387141
1 0.4392600429530063 0.255978633519769 0.09946645407749291 0.09075345941492108
1 0.5465951698334681 0.24145425770734247 0.10915970282385157 0.10185460064862309
1 0.47127090940862687 0.17532865137667647 0.10621655925034226 0.10805005357072242
0 0.8295453109375 0.5984724578125 0.8135351 0.6630541890625 0.8316978562499999 0.712924703125 0.8684147875000001 0.7024820625 0.889090578125 0.612151365625 0.8733539609375001 0.5811661406249999 0.852190371875 0.5684300203125 0.8308607734375 0.578442065625 0.8295453109375 0.5984724578125
0 0.721710259375 0.5973918796875 0.74290475 0.6398409265625 0.761202609375 0.6372502812499999 0.8018443734374999 0.5650695859375 0.77861844375 0.517663971875 0.7549386921875 0.5210165953125 0.7392641734375001 0.5494569671875 0.721710259375 0.5973918796875
0 0.6829306890625 0.5731652656249999 0.698286821875 0.543022 0.7162354078125001 0.5090155984375 0.7022569125 0.4637968640625 0.674469028125 0.4747234234375 0.658597303125 0.4961992890625 0.6464700750000001 0.525885403125 0.6425141109375 0.5579107015625 0.6591298828125 0.58177921875 0.6829306890625 0.5731652656249999