0 0.09853242788948886 0.12027809203996538 0.05109084308955412 0.1886637629177778
0 0.20399208753040926 0.12429540444465295 0.051136294884952194 0.1964762629177778
0 0.3032381086076481 0.12191724648461832 0.047965843089554115 0.18859102773541672
0 0.4008670875304093 0.1288777209334031 0.04643970452587252 0.19480466014423614
0 0.500871632709949 0.13042399676895874 0.049537433448633726 0.1901898953265973
0 0.6024295875304093 0.13356914019569494 0.05109084308955403 0.1886637629177778
0 0.7008579971713296 0.13742279844007005 0.04801129488495235 0.19640352773541672
0 0.8039920875304093 0.1382605594579868 0.047984023807713425 0.1917160277354167
0 0.9055454971713296 0.142186952884723 0.04955561416679295 0.19331489532659724
0 0.9907108375304092 0.14260648660406333 0.016706752730474506 0.18630117591180556
0 0.009674721409203823 0.12445513934267363 0.019349442818407645 0.18637391109416668
0 0.04476603669352869 0.36359102773541674 0.04325107201231528 0.1837944249618751
0 0.14710069633444905 0.3675356049577432 0.04951925273047451 0.1870648953265972
0 0.24944444633444904 0.3699176821800697 0.049537433448633726 0.1901898953265973
0 0.3510160366935287 0.37071907560680584 0.049537433448633726 0.1901898953265972
0 0.449444446334449 0.37457273385118095 0.05111811416679295 0.19335126291777788
0 0.5517745607958296 0.3792985610735074 0.05114538524403187 0.19803876291777786
0 0.6494353559753694 0.3807902855222922 0.047974933448633725 0.19015352773541672
0 0.7533370607958296 0.38398998033579923 0.04802038524403187 0.19796602773541672
0 0.8533416059753695 0.3855362561713549 0.051136294884952346 0.19647626291777787
0 0.95333251561629 0.38942628200691054 0.049555614166793306 0.1933148953265972
0 0.007870545572323267 0.6111738893426736 0.015741091144646533 0.18790004350298622
0 0.0941155551384889 0.6108667244487848 0.04952834308955412 0.1886273953265974
0 0.19409282924078985 0.6171005002843405 0.049555614166792994 0.19331489532659737
0 0.2948877147794093 0.6171024599154864 0.04801129488495217 0.19640352773541672
0 0.39800362442032966 0.6210652209334031 0.04957379488495217 0.1964398953265974
0 0.4995706695998695 0.6226478643601393 0.05114538524403187 0.1980387629177777
0 0.6034496485226306 0.6297538091736463 0.04802038524403187 0.19796602773541672
0 0.7003110129840111 0.6343523498268409 0.05116356596219092 0.20116376291777768
0 0.8034723744203296 0.6305026108447576 0.05268061416679295 0.19338763050895835
0 0.9003337388817101 0.6351011514979522 0.043323794884952346 0.19629442496187507
0 0.9870843051384888 0.6316508028084731 0.019904475603111392 0.19887391109416672
0 0.042665642865289864 0.858921711531007 0.05109993344863375 0.1902262629177777
0 0.14343325732667045 0.8636111711621528 0.04958288524403183 0.1980023953265971
0 0.2450184832243695 0.8620688145888892 0.049537433448633726 0.1901898953265971
0 0.3465764380448297 0.8652139580156252 0.05423402380771343 0.19186149810013892
0 0.4465946187629889 0.864416483851181 0.04951016237139498 0.18550239532659737
0 0.5520497332243695 0.8692150462558684 0.04957379488495235 0.1964398953265974
0 0.6481389380448297 0.8722329031134727 0.04799311416679295 0.1932785277354167
0 0.7489338235834492 0.8722348627446188 0.05109084308955403 0.18866376291777778
0 0.8489201880448297 0.8769061385801743 0.047984023807713425 0.1917160277354167
0 0.9520315525062102 0.8816501495980911 0.047956752730474506 0.18702852773541673