0 0.096875 0.0703125 0.19375 0.053125
0 0.10078125 0.184375 0.2 0.053125
0 0.0953125 0.2890625 0.190625 0.05
0 0.1 0.39296875 0.2 0.0484375
0 0.09765625 0.49921875 0.1953125 0.0515625
0 0.09765625 0.6078125 0.1953125 0.053125
0 0.1015625 0.7125 0.203125 0.05
0 0.09921875 0.821875 0.196875 0.05
0 0.10078125 0.9296875 0.2 0.0515625
0 0.35390625 0.01875 0.1953125 0.0375
0 0.35703125 0.12578125 0.196875 0.0515625
0 0.35703125 0.234375 0.2 0.0515625
0 0.35546875 0.3421875 0.2 0.0515625
0 0.35703125 0.446875 0.2046875 0.053125
0 0.359375 0.55546875 0.209375 0.053125
0 0.359375 0.659375 0.2 0.05
0 0.359375 0.7703125 0.209375 0.05
0 0.35859375 0.8765625 0.2078125 0.053125
0 0.359375 0.978125 0.2046875 0.04375
0 0.6171875 0.0703125 0.2 0.0515625
0 0.62109375 0.1765625 0.2046875 0.0515625
0 0.61875 0.284375 0.2078125 0.05
0 0.6203125 0.39375 0.2078125 0.0515625
0 0.61953125 0.5015625 0.209375 0.053125
0 0.62421875 0.6125 0.209375 0.05
0 0.62734375 0.71484375 0.2125 0.053125
0 0.6203125 0.825 0.2046875 0.0546875
0 0.62265625 0.928125 0.2078125 0.0453125
0 0.88125 0.021875 0.2 0.04375
0 0.884375 0.12421875 0.209375 0.0515625
0 0.88046875 0.2328125 0.2 0.0515625
0 0.88125 0.340625 0.203125 0.05625
0 0.878125 0.446875 0.196875 0.0515625
0 0.88046875 0.55859375 0.2078125 0.0515625
0 0.88125 0.6609375 0.2046875 0.05
0 0.87890625 0.76796875 0.2 0.053125
0 0.88125 0.87421875 0.203125 0.05
0 0.8828125 0.97890625 0.196875 0.0421875