0 0.653125 0.8484375 0.278125 0.2109375
0 0.25390625 0.8765625 0.3 0.215625
0 0.5859375 0.6359375 0.2515625 0.19140625
0 0.22265625 0.66796875 0.2703125 0.2046875
0 0.1921875 0.48828125 0.24609375 0.16796875
0 0.52890625 0.453125 0.21796875 0.1609375
0 0.81328125 0.42109375 0.21484375 0.1421875
0 0.89140625 0.58828125 0.2171875 0.171875
0 0.42265625 0.31640625 0.2109375 0.1203125
0 0.69609375 0.2953125 0.19375 0.1125
0 0.13359375 0.3546875 0.22734375 0.134375
0 0.39453125 0.203125 0.1984375 0.1125
0 0.63828125 0.1890625 0.17890625 0.11015625
0 0.93671875 0.25390625 0.1265625 0.1015625
0 0.8984375 0.16171875 0.17421875 0.11796875
0 0.8390625 0.06484375 0.16171875 0.10390625
0 0.5859375 0.09765625 0.16875 0.11171875
0 0.359375 0.10703125 0.18046875 0.10390625
0 0.11484375 0.22421875 0.2203125 0.14296875
0 0.1015625 0.11796875 0.203125 0.12578125
0 0.32578125 0.028125 0.1859375 0.05625
0 0.09296875 0.03671875 0.1859375 0.0734375
0 0.54921875 0.0328125 0.1546875 0.06484375