0 0.8126590421875 0.7023358578125001 0.7590101406249999 0.8585858578125001 0.8042435265625001 0.8933080796875 0.857892425 0.7275883859375 0.8126590421875 0.7023358578125001
0 0.7780583984375 0.66445706875 0.7328250109375001 0.8096590906250001 0.76648706875 0.8443813125 0.8179167875 0.6928661593750001 0.7780583984375 0.66445706875
0 0.7569062609375 0.6327852390625 0.6622317343749999 0.7085428125 0.679062765625 0.7590478640625 0.7779450453125001 0.67855544375 0.7569062609375 0.6327852390625
0 0.613842534375 0.8617424265625001 0.6201541703125 0.93118686875 0.7432310531249999 0.8933080796875 0.7295558453125001 0.82070706875 0.613842534375 0.8617424265625001
0 0.727451965625 0.7260101015625 0.6254138640625 0.8096590906250001 0.6432968296875 0.8554292953125 0.753750446875 0.77493686875 0.727451965625 0.7260101015625
0 0.457033325 0.7433712109374999 0.5496039734375 0.8570075734374999 0.5780063328125 0.8128156593750001 0.4936595953125 0.6944444437499999 0.457033325 0.7433712109374999
0 0.51496025 0.722853534375 0.5970115078125 0.84122475 0.6254138640625 0.7907196984375 0.54441455 0.6786616140625 0.51496025 0.722853534375
0 0.6296216218749999 0.6344696984375 0.610686715625 0.776515153125 0.6506604046875 0.7954545453125 0.6716991890624999 0.6502525234375 0.6296216218749999 0.6344696984375
0 0.509700553125 0.620265153125 0.49918116250000005 0.686553028125 0.6159464125 0.722853534375 0.630514125 0.6455176765624999 0.509700553125 0.620265153125
0 0.6306735609375 0.6407828296875 0.6622317343749999 0.6407828296875 0.672751128125 0.6234217156249999 0.668543371875 0.5760732328125 0.562297515625 0.5776515171875001 0.5454664890625 0.63131313125 0.6306735609375 0.6407828296875
0 0.550656 0.5160984828124999 0.45387759531249994 0.6155303015625 0.4812280109375 0.6628787890625001 0.5801102953124999 0.560290403125 0.550656 0.5160984828124999
0 0.7526985078124999 0.5429292953125 0.6569720421875 0.6376262609375 0.6843224578125 0.6976010109375 0.7811008640625 0.590277778125 0.7526985078124999 0.5429292953125
0 0.805295465625 0.49558080625 0.753750446875 0.6423611140625 0.7958280109375 0.6676136359375 0.8462127796875001 0.5239898984375 0.805295465625 0.49558080625
0 0.8242303718749999 0.5571338406249999 0.856840484375 0.5918560625 0.8946134499999999 0.5239898984375 0.8642040609375 0.45454545468749996 0.8242303718749999 0.5571338406249999
0 0.7726853515625 0.344065659375 0.740075234375 0.39141414218750004 0.833697821875 0.5176767671875 0.864099984375 0.467171715625 0.7726853515625 0.344065659375
0 0.4497400234375 0.3929924265625 0.44658420468750004 0.46401515312499997 0.5759727234375001 0.47506313125000005 0.5789568859374999 0.40719697187500004 0.4497400234375 0.3929924265625