0 0.161891265625 0.73659249375 0.2195169328125 0.9149205359374999 0.26810328437500003 0.8775565640625 0.2104776125 0.7094186921875 0.161891265625 0.73659249375
0 0.20608179531249998 0.699228515625 0.26132379375000003 0.8622713046875001 0.297481075 0.824907334375 0.2488947296875 0.66865799375 0.20608179531249998 0.699228515625
0 0.2477648125 0.68382900625 0.35397682812500003 0.7704454828125 0.3720554734375 0.7160978859375 0.27036311562500004 0.6345764968750001 0.2477648125 0.68382900625
0 0.29974090625 0.8367958671875 0.2850520109375 0.9149205359374999 0.41725207500000006 0.955681234375 0.4240315671875 0.8809532921875001 0.29974090625 0.8367958671875
0 0.27375285625 0.7875433625 0.3923939453125 0.87415984375 0.41160250156249995 0.824907334375 0.3020007359375 0.7348941296875 0.27375285625 0.7875433625
0 0.553123171875 0.7009268796875 0.4625241578125 0.8283040609375 0.4930318671875 0.8758582015625 0.5924643953125 0.7535761125 0.553123171875 0.7009268796875
0 0.49860596093750004 0.6839432546875 0.41160250156249995 0.8045269875000001 0.4421102078125 0.8588745828125001 0.5302435859375 0.7314974015625 0.49860596093750004 0.6839432546875
0 0.3618862359375 0.6533727328125 0.3844845390625 0.809622071875 0.42742131250000004 0.789241725 0.40708284062500005 0.6363891140625 0.3618862359375 0.6533727328125
0 0.4061241796875 0.648277646875 0.42177173593750006 0.7314974015625 0.5471923125 0.6924350687499999 0.5358931625000001 0.6211038531249999 0.4061241796875 0.648277646875
0 0.3652759828125 0.5735497046875 0.360756321875 0.6245005734375 0.3720554734375 0.6431825625 0.40595292499999996 0.6431825625 0.49747604531249995 0.6329923859375 0.47939740625000005 0.5752480703125 0.3652759828125 0.5735497046875
0 0.4602642375 0.5565660796875 0.56647625625 0.6669596359375001 0.595854046875 0.6160087625 0.49190185781249995 0.5090119328125 0.4602642375 0.5565660796875
0 0.24437506718750002 0.5888349671875 0.34832725625 0.70432360625 0.377705046875 0.6397858359375 0.2748827734375 0.5378840984375 0.24437506718750002 0.5888349671875
0 0.1744366734375 0.517503746875 0.22855625625 0.672054721875 0.27375285625 0.6448809265625 0.21838701875000002 0.4869332234375 0.1744366734375 0.517503746875
0 0.1551117734375 0.4427758046875 0.12244826093750001 0.517503746875 0.16302117968750002 0.5905333296874999 0.198048546875 0.5531693578125 0.1551117734375 0.4427758046875
0 0.1552235625 0.45636270156250003 0.1878793125 0.5107102968749999 0.28844175625 0.374841309375 0.2534143859375 0.323890440625 0.1552235625 0.45636270156250003
0 0.46150314375 0.3918249359375 0.46470851093750004 0.4648545140625 0.6036880671875 0.4529659796875 0.6002983203125 0.3765396734375 0.46150314375 0.3918249359375