0 0.43359375 0.48828125 0.0671875 0.1125
1 0.5296875 0.553125 0.0671875 0.0953125
0 0.62265625 0.82578125 0.06875 0.0921875
1 0.62578125 0.33984375 0.065625 0.09375
1 0.59375 0.61171875 0.0859375 0.0703125
0 0.7015625 0.725 0.071875 0.0859375
1 0.559375 0.65 0.059375 0.084375
0 0.5515625 0.76796875 0.0828125 0.0734375
0 0.34453125 0.4921875 0.0796875 0.0890625
1 0.53046875 0.3921875 0.0796875 0.0703125
1 0.49296875 0.34453125 0.06875 0.0640625
0 0.5375 0.11953125 0.05625 0.0890625
1 0.459375 0.3921875 0.0765625 0.06875
0 0.3921875 0.51328125 0.05625 0.1234375
0 0.56953125 0.16796875 0.071875 0.0515625
0 0.3359375 0.5984375 0.053125 0.1375
1 0.54375 0.48359375 0.0421875 0.1078125
0 0.37421875 0.61796875 0.0453125 0.13125
0 0.52265625 0.209375 0.0796875 0.0578125
0 0.478125 0.20078125 0.046875 0.1140625
0 0.65 0.68828125 0.065625 0.109375
0 0.63203125 0.759375 0.0421875 0.1109375
0 0.46796875 0.06640625 0.05 0.1078125
0 0.49375 0.13515625 0.0703125 0.065625