1 0.8984375 0.31171875 0.0859375 0.1109375
1 0.8515625 0.22890625 0.08515625 0.090625
1 0.79296875 0.2515625 0.09609375 0.07734375
1 0.7640625 0.3125 0.075 0.10390625
1 0.825 0.32421875 0.0703125 0.109375
1 0.7765625 0.4375 0.1125 0.11484375
1 0.68671875 0.45859375 0.0796875 0.12265625
1 0.6109375 0.53359375 0.12265625 0.11640625
1 0.57265625 0.44765625 0.06875 0.1
1 0.634375 0.43203125 0.07109375 0.11640625
1 0.71015625 0.39609375 0.1234375 0.0828125
1 0.5890625 0.3859375 0.11875 0.084375
1 0.484375 0.4203125 0.11875 0.0828125
1 0.45078125 0.45390625 0.11875 0.09765625
1 0.3734375 0.415625 0.13125 0.084375
1 0.37578125 0.32109375 0.08359375 0.10546875
1 0.41953125 0.34375 0.0890625 0.0921875
1 0.45625 0.29453125 0.0921875 0.09609375
1 0.5421875 0.33359375 0.1234375 0.07734375
1 0.65234375 0.346875 0.11875 0.08828125
1 0.696875 0.2875 0.07890625 0.09453125
1 0.6734375 0.2328125 0.1203125 0.07890625
1 0.721875 0.16640625 0.07109375 0.09609375
1 0.63125 0.18671875 0.10859375 0.07890625
1 0.59375 0.23671875 0.0671875 0.075
1 0.53125 0.271875 0.1015625 0.07890625
1 0.4453125 0.228125 0.075 0.0828125
1 0.51953125 0.21875 0.08984375 0.07734375
1 0.53359375 0.18515625 0.10390625 0.071875