1 0.31171875 0.07265625 0.1171875 0.090625
1 0.22421875 0.121875 0.0953125 0.090625
1 0.24765625 0.184375 0.08125 0.1015625
1 0.3125 0.21484375 0.109375 0.078125
1 0.325 0.15078125 0.115625 0.075
1 0.4453125 0.2015625 0.121875 0.11875
1 0.4671875 0.29609375 0.1296875 0.084375
1 0.546875 0.37578125 0.1234375 0.128125
1 0.45546875 0.4171875 0.10625 0.071875
1 0.4390625 0.3515625 0.1234375 0.075
1 0.4015625 0.271875 0.0875 0.13125
1 0.390625 0.4 0.090625 0.125
1 0.4265625 0.51015625 0.0875 0.125
1 0.4625 0.5453125 0.103125 0.125
1 0.42109375 0.6265625 0.090625 0.1375
1 0.321875 0.625 0.1125 0.0875
1 0.3453125 0.578125 0.096875 0.09375
1 0.29375 0.53984375 0.1015625 0.096875
1 0.334375 0.4484375 0.08125 0.13125
1 0.3484375 0.3328125 0.09375 0.125
1 0.2859375 0.2859375 0.1 0.0828125
1 0.228125 0.31015625 0.084375 0.1265625
1 0.15859375 0.259375 0.1015625 0.075
1 0.17890625 0.3546875 0.084375 0.115625
1 0.23203125 0.39453125 0.0796875 0.071875
1 0.26953125 0.46015625 0.084375 0.10625
1 0.2234375 0.55078125 0.0875 0.078125
1 0.21328125 0.47265625 0.08125 0.0953125
1 0.178125 0.4578125 0.075 0.109375