1 0.22650135235553961 0.8837961217519414 0.211690869581383 0.17544783360249455
1 0.6351123484012069 0.8721917889569305 0.19740287650146532 0.2079875982129912
1 0.7419194694282837 0.6578037808392556 0.17186436562705049 0.15601599512873604
1 0.3228205954354574 0.8526882179363378 0.1513263725471326 0.1884466655834313
1 0.5154604457022876 0.5414309383083074 0.192431533611828 0.16262055113509036
1 0.5065403849416033 0.6482303632272295 0.1291038626613009 0.14121710957707698
1 0.374773073192336 0.74820131533855 0.18187603558899426 0.17180463636243815
1 0.5820934832684481 0.7205923327884204 0.14644787155854927 0.18367734496658022
1 0.6718709076790164 0.7588520377391146 0.13554486364988402 0.1460137037328783
1 0.1718351211014389 0.5768097362002823 0.16969437056996622 0.17939894805083548
1 0.07468554847775659 0.6258591164769357 0.10620487353571577 0.19234323295387146
1 0.4902707391999471 0.7470945572208751 0.18238537155854945 0.18430463636243796
1 0.74103474315428 0.7702083234529296 0.13908104053191012 0.1944784772718286
1 0.10408784148112468 0.8301335592527653 0.14858337452429896 0.1977671185055306
1 0.12136027722321836 0.5259642564928217 0.16660386266130084 0.141871674511885
1 0.12486857368662756 0.7461812991064956 0.19549286661563353 0.16111259821299112
1 0.6869653725843137 0.5928276172844192 0.1236178666156336 0.15985801542127548
1 0.407341539580508 0.5895081538123085 0.14925453657757753 0.17591939204448082
1 0.64020577771751 0.5373628214243347 0.16000103558899426 0.17142280681713337
1 0.06632260874414919 0.5164159326295599 0.09801037155854941 0.18283186525911965
1 0.33393321448536784 0.6272615239426921 0.16468853558899427 0.17150462743398442
1 0.3592038340295698 0.4044240417995996 0.16191636266130088 0.14178985389503396
1 0.6384310776037792 0.3788508920411856 0.1259788626613009 0.14116256249917622
1 0.48662849707143147 0.3894729719935275 0.1538491946765234 0.13540348620028234
1 0.5731681749420409 0.4440707430968459 0.1520320266917457 0.1291262126613319
1 0.458576434333581 0.4865701144450455 0.16178902866891215 0.13866485389503397
1 0.21759063148156219 0.6267921452908919 0.17412720258518866 0.17323076866768652
1 0.6935416833449978 0.48598728205707165 0.1749256986308559 0.15450804220663664