1 0.5708291514001657 0.8332862813878293 0.08780761646291495 0.09820437622353531
1 0.49904600463409743 0.7878894466341062 0.08279256784239593 0.09179068511654283
1 0.43305915648854826 0.748933584838541 0.08320200361804471 0.09960318511654265
1 0.3669904211878693 0.708415223042976 0.08764384215265544 0.09507937622353531
1 0.30022232304232016 0.6694320793962455 0.07958568068726608 0.09011905771188111
1 0.24052641847433592 0.6314757224100038 0.07769563206674715 0.08381449400955017
1 0.6090418023501053 0.773794719499597 0.08805327792830404 0.10289187622353531
1 0.5381627363167316 0.7307689165970392 0.0824650192218769 0.08554068511654282
1 0.4728752510160528 0.6902778366526396 0.07794129353213641 0.08850199400955017
1 0.4061890400256334 0.652857193005909 0.08114818068726617 0.09017362141421188
1 0.34493063545764907 0.6148462723173366 0.07448874491161739 0.08214286660488845
1 0.2840407230877487 0.5838666016287641 0.08082063206674714 0.08392362141421188
1 0.6412534367917015 0.7039559346532066 0.08098440637700648 0.08704862141421188
1 0.571483169378847 0.6672074136018145 0.0813119549975255 0.09329862141421189
1 0.5079219583884276 0.6298958973597456 0.08303822930778501 0.09647818511654283
1 0.4437023281307028 0.5949008492665113 0.07580558344622812 0.07750993030721923
1 0.3842520850281078 0.5616319922802697 0.0777775192218769 0.08537699400955034
1 0.3238977611928181 0.5259921034428625 0.07144563206674714 0.08359623920022692