1 0.06953125 0.26328125 0.1390625 0.184375
1 0.1578125 0.66796875 0.18125 0.1625
1 0.39375 0.7453125 0.13125 0.1484375
1 0.1171875 0.3546875 0.16875 0.11875
1 0.46640625 0.5046875 0.134375 0.1671875
1 0.3578125 0.5109375 0.125 0.1046875
1 0.23203125 0.39296875 0.146875 0.153125
1 0.3 0.5953125 0.165625 0.1140625
1 0.27890625 0.6890625 0.128125 0.1125
1 0.36484375 0.1671875 0.15625 0.1390625
1 0.29375 0.05703125 0.175 0.1140625
1 0.25546875 0.5078125 0.159375 0.1515625
1 0.28046875 0.76015625 0.1796875 0.103125
1 0.09453125 0.1234375 0.178125 0.1375
1 0.40625 0.11015625 0.11875 0.14375
1 0.18359375 0.13125 0.128125 0.196875
1 0.4484375 0.68203125 0.1453125 0.0953125
1 0.39765625 0.40390625 0.159375 0.11875
1 0.4953125 0.628125 0.15 0.13125
1 0.4046875 0.04296875 0.171875 0.0859375
1 0.13203125 0.02890625 0.1796875 0.0578125
1 0.3453125 0.33515625 0.15 0.134375
1 0.57421875 0.33125 0.11875 0.1390625
1 0.6546875 0.6046875 0.125 0.1015625
1 0.61484375 0.4546875 0.1125 0.1328125
1 0.5765625 0.5484375 0.10625 0.1328125
1 0.51171875 0.43984375 0.115625 0.140625
1 0.3234375 0.21953125 0.15 0.1453125
1 0.55703125 0.67421875 0.1296875 0.15