1 0.43984375 0.8109375 0.078125 0.0921875
1 0.51640625 0.7734375 0.075 0.0875
1 0.58828125 0.74140625 0.071875 0.0953125
1 0.6609375 0.70859375 0.078125 0.0890625
1 0.7328125 0.6765625 0.0703125 0.084375
1 0.796875 0.64609375 0.06875 0.078125
1 0.403125 0.7421875 0.078125 0.096875
1 0.4796875 0.70703125 0.075 0.08125
1 0.55 0.67421875 0.06875 0.084375
1 0.621875 0.64453125 0.071875 0.084375
1 0.68828125 0.61328125 0.065625 0.078125
1 0.75390625 0.5890625 0.0734375 0.078125
1 0.37265625 0.6640625 0.071875 0.08125
1 0.44765625 0.63515625 0.071875 0.0875
1 0.51640625 0.6046875 0.075 0.090625
1 0.58671875 0.57734375 0.06875 0.071875
1 0.65 0.55078125 0.06875 0.08125
1 0.71484375 0.52265625 0.0625 0.078125