1 0.869468659248137 0.22750236335520962 0.10070904800821019 0.1253670769491748
1 0.8112198220123152 0.15452122034145127 0.09746587334017498 0.10494544954451301
1 0.7567095840143678 0.1868996999230312 0.1067772408266178 0.0943353317584982
1 0.7367697887366321 0.2516715280533323 0.08972609621281205 0.11717263103285883
1 0.7992879694547914 0.25261397996009805 0.08506586729005097 0.12169643992586623
1 0.7671708819243822 0.3732910677090461 0.12887949980360816 0.13416172359113024
1 0.6814242794650541 0.40910457133724315 0.09608518052176755 0.13614088584218215
1 0.6178572040348932 0.49649793313280827 0.13827268052176755 0.13761410580511538
1 0.5673935957218328 0.4185564716073956 0.0818863251355733 0.11221231252120453
1 0.6258464451560987 0.39229158276998854 0.0866647287263694 0.12800100362819702
1 0.69589077956325 0.34374246616509996 0.13494769262201595 0.10312997840045365
1 0.5748379361791083 0.3550024030957413 0.13026928298109547 0.104528787293461
1 0.47590098731057645 0.40690469819375064 0.13026019262201594 0.102966287293461
1 0.44721290592848717 0.4454141266868715 0.13190450585373253 0.1170833509957919
1 0.36580836982413373 0.421688939208076 0.14277837334017515 0.10652779691210786
1 0.35432090309981684 0.327539635124392 0.09754768657189175 0.1190079495445131
1 0.4005101018701529 0.34233625590563177 0.10216246369925482 0.10667164065150558
1 0.429883984481906 0.2873932955613455 0.1053147347764936 0.1114682680561673
1 0.5206680657657994 0.31157235082615586 0.13335792154477702 0.09838791469812272
1 0.6315919302271799 0.3053545779606651 0.13029655405833437 0.109216287293461
1 0.6671521803253758 0.2392558628070554 0.09123405405833437 0.10785219473518966
1 0.6356021984757484 0.18878463685367253 0.1302420119038567 0.099841287293461
1 0.674246541958086 0.11554554429540113 0.08498405405833438 0.1076339399258662
1 0.5877186894987579 0.15138632977476363 0.11929542154477701 0.09789684137714505
1 0.5575681020665446 0.20713782197021535 0.07705337939029935 0.08704862141421191
1 0.500786836941234 0.25209814710529155 0.1114738311856975 0.09606152286549072
1 0.4091987797596417 0.22404012369164664 0.08647383118569749 0.09518850362819711
1 0.4817414002711464 0.20197166153326185 0.10051815046753809 0.0925545769491748
1 0.490130617191855 0.16651531117044213 0.11299996974937905 0.08986608656782158