1 0.8788205567051044 0.26484375 0.10123780452090295 0.1203125
1 0.820007294737257 0.18828125 0.09764002583555573 0.1
1 0.7652295289696877 0.21796875 0.1067604526972918 0.0890625
1 0.7456268502080905 0.28203125 0.09011846656499997 0.1125
1 0.807436519186042 0.2859375 0.08554006933854161 0.1171875
1 0.776588522320174 0.40390625 0.12798214247680573 0.128125
1 0.6906153079393753 0.4359375 0.09680487765916687 0.13125
1 0.6261547240675351 0.51953125 0.1389923776591669 0.13125
1 0.5758442931217365 0.4390625 0.08219686379145834 0.1078125
1 0.6346919630496185 0.41640625 0.08724803970326392 0.1234375
1 0.7047310529053823 0.37109375 0.1350672906531946 0.096875
1 0.5829651556789239 0.37578125 0.13041615824437508 0.0984375
1 0.4848374334143406 0.42265625 0.1303797906531944 0.096875
1 0.456022755602674 0.46015625 0.13226959897381962 0.1109375
1 0.374118138961424 0.43203125 0.14295252583555573 0.1
1 0.3625428996950003 0.3375 0.09800370174736113 0.115625
1 0.4090366931979864 0.3546875 0.1024002610179167 0.103125
1 0.43826894509784753 0.3015625 0.10559799620027785 0.10625
1 0.5295485617390975 0.3296875 0.13339568787965278 0.0921875
1 0.6404860617390975 0.3296875 0.13048889342673622 0.1015625
1 0.6756955567051044 0.26484375 0.0914627610179167 0.103125
1 0.644807926196146 0.21328125 0.13186955547083343 0.09375
1 0.6829969507974306 0.1421875 0.08524912860909736 0.1046875
1 0.5962243026210418 0.1734375 0.11933318787965277 0.0921875
1 0.5662289845167711 0.22734375 0.0784899823325695 0.0828125
1 0.509398409478646 0.26953125 0.11304682028847228 0.090625
1 0.4180096900638544 0.23671875 0.08648432028847228 0.090625
1 0.490247712765278 0.21875 0.10047408510611114 0.0875
1 0.4995856919637154 0.18359375 0.11446384992375017 0.084375