1 0.803125 0.575 0.09375 0.078125
1 0.765625 0.496875 0.0875 0.075
1 0.7328125 0.42421875 0.096875 0.0734375
1 0.69921875 0.3515625 0.090625 0.078125
1 0.66796875 0.2796875 0.0875 0.071875
1 0.6359375 0.21484375 0.078125 0.0703125
1 0.73359375 0.61171875 0.0984375 0.078125
1 0.69765625 0.534375 0.08125 0.075
1 0.66484375 0.4640625 0.084375 0.06875
1 0.63515625 0.390625 0.084375 0.071875
1 0.603125 0.3234375 0.078125 0.065625
1 0.57890625 0.2578125 0.0796875 0.075
1 0.6546875 0.64296875 0.0828125 0.0734375
1 0.625 0.56640625 0.090625 0.071875
1 0.59453125 0.496875 0.0921875 0.075
1 0.5671875 0.4265625 0.071875 0.06875
1 0.540625 0.3625 0.08125 0.0703125
1 0.51171875 0.296875 0.0796875 0.0640625