1 0.3796875 0.8109375 0.1625 0.2140625
1 0.13671875 0.79765625 0.1625 0.2140625
1 0.25234375 0.571875 0.196875 0.2609375
1 0.16640625 0.22265625 0.2375 0.309375
1 0.034375 0.6421875 0.06875 0.3515625
1 0.57578125 0.68203125 0.30625 0.215625
1 0.7765625 0.57421875 0.271875 0.29375
1 0.8515625 0.4125 0.2 0.25
1 0.73359375 0.25234375 0.1859375 0.2578125
1 0.9125 0.21953125 0.175 0.19375
1 0.6921875 0.05546875 0.246875 0.1109375
1 0.46640625 0.4125 0.24375 0.33125
1 0.590625 0.3453125 0.25625 0.303125
1 0.48515625 0.09453125 0.2140625 0.1890625