1 0.5571357970431344 0.8204342396416658 0.2068650801000249 0.24175690564770314
1 0.7857525420285695 0.8575692121280657 0.2068650801000249 0.24175690564770314
1 0.7241999619285446 0.6232229558598595 0.25050743151195076 0.2929844365265154
1 0.8626340438109361 0.315597009304214 0.2747319123781278 0.3487630750854599
1 0.9179449840983753 0.7362217463720903 0.16411003180324926 0.3517851235152495
1 0.4007768337944416 0.6600005079840658 0.3421948263391012 0.27847931881725374
1 0.23558843982522087 0.518589560966202 0.3284793188172538 0.34364967775102695
1 0.1987152624699053 0.35311532515196686 0.25023464687221453 0.2836094365265156
1 0.3404815621533362 0.2270121632360576 0.23943353919208263 0.2879786877801568
1 0.1735237311953815 0.15915237648475045 0.2283763672470434 0.22989340314042073
1 0.42474759890464336 0.06764683808409065 0.2682451978092867 0.1352936761681813
1 0.5567754665473981 0.431834740895307 0.31211017273646213 0.3712745725781774
1 0.4548970663099713 0.34331546166584725 0.3161157111371218 0.3479734648980455
1 0.6092650029029938 0.12349000963341845 0.25915500580598766 0.2469800192668369