1 0.1625 0.5886526176042167 0.0734375 0.0858048488211363
1 0.13203125 0.6655361111784261 0.071875 0.0841786818249421
1 0.7890625 0.7360580830781677 0.075 0.09211851581733085
1 0.73046875 0.720389320720878 0.0703125 0.08880251482874754
1 0.6546875 0.7016764714054501 0.075 0.09524351581733086
1 0.5890625 0.6825962075652855 0.0734375 0.0983048488211363
1 0.51484375 0.6670720252460519 0.0734375 0.0998673488211363
1 0.45 0.6495860949039848 0.071875 0.0904286818249421
1 0.37265625 0.6315908285923624 0.0765625 0.10311968281352524
1 0.30703125 0.6226668147521979 0.071875 0.09511618182494211
1 0.23046875 0.6047033819386728 0.075 0.09524351581733086
1 0.7921875 0.8135291670705564 0.075 0.08899351581733086
1 0.72578125 0.7991045697322948 0.0734375 0.08111734882113648
1 0.65078125 0.7788610539149641 0.065625 0.07298651384016423
1 0.58125 0.7596216225843136 0.078125 0.08599584980971961
1 0.5015625 0.7477808557783996 0.0765625 0.08905718281352507
1 0.4359375 0.7294818419382352 0.0734375 0.0858048488211363
1 0.35234375 0.7127944076418353 0.071875 0.08886618182494192
1 0.28359375 0.6982743098092821 0.0765625 0.08593218281352506
1 0.2015625 0.6777442925090765 0.075 0.08430601581733085
1 0.09765625 0.7297604372621495 0.078125 0.08443334980971962
1 0.17421875 0.7461613700756746 0.08125 0.08768568380210837
1 0.2625 0.7653835553606578 0.0671875 0.07148768083635879
1 0.33515625 0.7792815706836971 0.0734375 0.07955484882113631
1 0.42265625 0.798471922470583 0.078125 0.08755834980971962
1 0.49296875 0.8153994372993306 0.0765625 0.08280718281352514
1 0.58125 0.8307153725843136 0.071875 0.0748036818249421
1 0.65234375 0.8468934709111584 0.075 0.08118101581733086
1 0.73359375 0.8658291547132668 0.0734375 0.0764298488211363
1 0.803125 0.8835060860439171 0.071875 0.07480368182494175
1 0.03671875 0.8358711744105684 0.0734375 0.08424234882113657
1 0.11484375 0.8492107742202878 0.08125 0.07049818380210837
1 0.2171875 0.8729122124710205 0.0828125 0.07524935079830257
1 0.303125 0.884226397261712 0.078125 0.07818334980971961
1 0.4015625 0.9085499180219585 0.08125 0.07831068380210837
1 0.4859375 0.9198004358164557 0.0765625 0.07499468281352506
1 0.58359375 0.9440921230786052 0.078125 0.07037084980971961
1 0.66484375 0.9567778068807137 0.0765625 0.07499468281352506
1 0.75859375 0.9747996591247101 0.0796875 0.05040068175057968
1 0.83984375 0.9851124180219586 0.0734375 0.029775163956082908
1 0.065625 0.7847052638401645 0.0765625 0.07030718281352524
1 0.14609375 0.8020466141441756 0.075 0.07493101581733086
1 0.23828125 0.8198654669196447 0.0765625 0.07343218281352507
1 0.31796875 0.8356124837255587 0.075 0.07180601581733086
1 0.41015625 0.8534313365010278 0.078125 0.07193334980971962
1 0.4875 0.8683016028126502 0.0734375 0.06705484882113666
1 0.57890625 0.8939011220900219 0.0734375 0.06705484882113666
1 0.65390625 0.9071133879073529 0.075 0.07180601581733086
1 0.74375 0.9303054901885304 0.06875 0.07155134783255335
1 0.81640625 0.9465472555115696 0.075 0.06868101581733085