1 0.18671875 0.65078125 0.059375 0.071875
1 0.1734375 0.7328125 0.059375 0.0703125
1 0.825 0.6390625 0.059375 0.078125
1 0.76484375 0.63828125 0.05625 0.0765625
1 0.6875 0.6390625 0.059375 0.08125
1 0.6203125 0.63671875 0.05625 0.0859375
1 0.54453125 0.63984375 0.05625 0.0875
1 0.478125 0.6390625 0.05625 0.078125
1 0.4 0.640625 0.059375 0.0890625
1 0.334375 0.64765625 0.05625 0.08125
1 0.25625 0.64921875 0.059375 0.08125
1 0.84453125 0.7140625 0.0609375 0.075
1 0.7765625 0.71640625 0.059375 0.0671875
1 0.7 0.715625 0.0546875 0.0609375
1 0.62890625 0.7140625 0.065625 0.071875
1 0.5484375 0.721875 0.0625 0.075
1 0.48125 0.7203125 0.059375 0.071875
1 0.396875 0.725 0.0578125 0.075
1 0.32734375 0.72734375 0.0625 0.071875
1 0.24375 0.728125 0.0625 0.06875
1 0.153125 0.8046875 0.065625 0.06875
1 0.23125 0.8015625 0.0671875 0.071875
1 0.3203125 0.7984375 0.05625 0.0578125
1 0.39375 0.79375 0.0625 0.065625
1 0.4828125 0.79140625 0.0640625 0.071875
1 0.5546875 0.790625 0.0640625 0.0671875
1 0.64296875 0.78359375 0.059375 0.0609375
1 0.715625 0.78203125 0.0625 0.0671875
1 0.7984375 0.7796875 0.0625 0.0625
1 0.86953125 0.78046875 0.0609375 0.059375
1 0.1125 0.92421875 0.0703125 0.06875
1 0.19453125 0.9171875 0.071875 0.053125
1 0.29921875 0.91484375 0.071875 0.059375
1 0.384375 0.9046875 0.065625 0.0625
1 0.48515625 0.90390625 0.0703125 0.0609375
1 0.56953125 0.89453125 0.065625 0.059375
1 0.66953125 0.89375 0.06875 0.053125
1 0.75078125 0.8859375 0.065625 0.059375
1 0.84765625 0.890625 0.06875 0.05625
1 0.93046875 0.88828125 0.065625 0.0515625
1 0.13359375 0.86640625 0.0671875 0.053125
1 0.215625 0.86328125 0.0625 0.059375
1 0.30859375 0.8578125 0.065625 0.0578125
1 0.3890625 0.853125 0.065625 0.05625
1 0.48203125 0.8484375 0.06875 0.05625
1 0.56015625 0.84375 0.065625 0.0515625
1 0.65390625 0.84609375 0.0640625 0.0515625
1 0.7296875 0.83984375 0.0640625 0.05625
1 0.821875 0.840625 0.0578125 0.0578125
1 0.8953125 0.83828125 0.065625 0.053125