1 0.19884168547552422 0.6954232300286349 0.07170345048646735 0.08050566000954511
1 0.1958336879111562 0.7782175486950896 0.06855117694751703 0.07890679734245402
1 0.8310695787378212 0.6019781481142219 0.0718125446422686 0.08675566000954511
1 0.7707769610430695 0.6090906667727224 0.06709777110331831 0.08513861600890867
1 0.6940099095009419 0.6199185314289956 0.07030459172016937 0.08986247867599957
1 0.6274809285756653 0.6261770747533142 0.06879663879807012 0.09296929734245403
1 0.5522491034945876 0.6385856207431327 0.06882391233702041 0.09453179734245402
1 0.48647409903036054 0.6464157547342241 0.0686875446422686 0.08671929734245402
1 0.4089121607187579 0.6580157787237246 0.07356595941492117 0.09771134134309048
1 0.3445632885597793 0.6736765940483613 0.06717959172016937 0.08982611600890866
1 0.26778260024817657 0.6852857087046346 0.07186709172016936 0.08988066000954512
1 0.8595024959461055 0.6741985934515855 0.07175799756436803 0.08363066000954511
1 0.7921104444039779 0.6851355461091313 0.0700591298696164 0.07579997867599957
1 0.7161519164008008 0.6944100014321772 0.06367276217486459 0.06791475334181776
1 0.6457030487060491 0.7014043414226323 0.07482845048646744 0.08054202267663584
1 0.5664558794691698 0.7200174340785873 0.07332049756436802 0.08364884134309047
1 0.49913201177441807 0.7270481367361331 0.07170345048646745 0.08050566000954511
1 0.4160331396154395 0.7424907760582246 0.06863299756436803 0.08359429734245402
1 0.34785983807331194 0.7534186380489978 0.07326595048646727 0.08052384134309047
1 0.2648291497617093 0.7649550273710892 0.07167617694751698 0.07894316000954511
1 0.18438194481101505 0.8523181200270443 0.07636367694751697 0.07899770401018102
1 0.2611899066615681 0.8391465053707708 0.07798072402541764 0.08214088534372684
1 0.3489626420510715 0.8245396600493159 0.0652079886359143 0.0663704346753633
1 0.42187799067109977 0.8105413420591792 0.07159435633066594 0.07425566000954512
1 0.5096370892911279 0.796715746737724 0.07485572402541756 0.08210452267663601
1 0.5809081172943051 0.7873867474140418 0.0747466298696164 0.07585452267663584
1 0.6679677865311844 0.7688645614258138 0.06995003571381489 0.06954997867599957
1 0.7400473380733119 0.7579821527689043 0.0716216298696164 0.07581816000954511
1 0.8215427999238651 0.7448650821132675 0.07153980925276535 0.07113066000954511
1 0.892005304388092 0.7370894921228126 0.06995003571381489 0.06954997867599957
1 0.15732279262026438 0.968750547342454 0.08080571509696392 0.062498905315091946
1 0.23879098093186713 0.9584413980346802 0.07924321509696393 0.06497156667727211
1 0.3422023530908457 0.9432351160486796 0.08088753571381488 0.06967724801081765
1 0.42617793263615045 0.9223328173933609 0.07625458279171564 0.07274770401018138
1 0.5256557812561786 0.9086435820734966 0.07935230925276535 0.07122156667727211
1 0.6080552240320083 0.8885043520846324 0.07463753571381489 0.06960452267663583
1 0.7075330726520365 0.8748151167647682 0.07609094155801355 0.06337270401018139
1 0.7875478551194406 0.8569923647755859 0.07461026217486459 0.06804202267663584
1 0.8838052463531426 0.8487355167886307 0.0777079886359143 0.06651588534372692
1 0.9575018449731708 0.8347462894652666 0.05728639448011279 0.060029528007635946
1 0.17232622971405112 0.916253350692226 0.0745284415580136 0.06335452267663584
1 0.25305407833407934 0.9023459393698164 0.07151253571381497 0.0695681600095451
1 0.34477397403200827 0.8854407973822251 0.07461026217486459 0.06804202267663584
1 0.42396659619098676 0.8699527047262698 0.0730204886359143 0.06646134134309065
1 0.5156728551194406 0.8538288127386785 0.0761454886359143 0.06649770401018137
1 0.5925080905089439 0.8390946980824054 0.07291139448011279 0.060211341343090655
1 0.6864490052815964 0.8292480780951319 0.07134889448011279 0.06019316000954485
1 0.760954127440575 0.8137054414385407 0.07299321509696384 0.06489884134309057
1 0.8525785657521776 0.802269049450949 0.06677048863591431 0.06638861600890858
1 0.9246717540637803 0.7906053907940396 0.07296594155801372 0.06333634134309048