1 0.825 0.64921875 0.0625 0.0734375
1 0.8390625 0.73359375 0.059375 0.071875
1 0.17109375 0.6375 0.0609375 0.08125
1 0.2328125 0.63671875 0.0578125 0.078125
1 0.3125 0.63671875 0.059375 0.084375
1 0.38046875 0.63515625 0.05625 0.0875
1 0.45859375 0.6375 0.0578125 0.090625
1 0.5265625 0.6375 0.0578125 0.08125
1 0.60625 0.63828125 0.0609375 0.090625
1 0.67421875 0.64609375 0.05625 0.084375
1 0.75390625 0.64765625 0.0609375 0.084375
1 0.1515625 0.7140625 0.0625 0.0765625
1 0.22109375 0.71640625 0.0625 0.06875
1 0.29921875 0.715625 0.05625 0.0625
1 0.371875 0.7140625 0.065625 0.071875
1 0.45390625 0.72265625 0.0625 0.0765625
1 0.52265625 0.7203125 0.0625 0.0734375
1 0.61015625 0.725 0.059375 0.078125
1 0.68046875 0.72734375 0.0625 0.0734375
1 0.76640625 0.728125 0.0625 0.071875
1 0.859375 0.80625 0.0671875 0.071875
1 0.7796875 0.80390625 0.06875 0.075
1 0.68828125 0.80078125 0.059375 0.059375
1 0.61328125 0.7953125 0.0625 0.065625
1 0.521875 0.79296875 0.065625 0.075
1 0.4484375 0.7921875 0.065625 0.06875
1 0.3578125 0.78515625 0.0609375 0.0625
1 0.2828125 0.78359375 0.0625 0.06875
1 0.1984375 0.78125 0.0625 0.0640625
1 0.12578125 0.78203125 0.0625 0.0625
1 0.90078125 0.92890625 0.071875 0.06875
1 0.81640625 0.921875 0.0734375 0.05625
1 0.71015625 0.9203125 0.075 0.059375
1 0.62265625 0.909375 0.06875 0.0640625
1 0.51875 0.90859375 0.071875 0.0625
1 0.4328125 0.8984375 0.06875 0.0609375
1 0.33046875 0.8984375 0.0703125 0.0546875
1 0.24765625 0.88984375 0.0671875 0.0609375
1 0.14765625 0.8953125 0.071875 0.0578125
1 0.06328125 0.8921875 0.065625 0.053125
1 0.87890625 0.8703125 0.06875 0.05625
1 0.7953125 0.8671875 0.065625 0.0625
1 0.7 0.8609375 0.06875 0.059375
1 0.61796875 0.85625 0.065625 0.059375
1 0.52265625 0.8515625 0.06875 0.0578125
1 0.4421875 0.846875 0.065625 0.053125
1 0.346875 0.84921875 0.065625 0.053125
1 0.26875 0.84296875 0.065625 0.0578125
1 0.17421875 0.84375 0.059375 0.059375
1 0.0984375 0.84140625 0.0671875 0.053125