1 0.22690715312499998 0.503615971875 0.24281193750000002 0.5198883453125 0.3107687953125 0.5090400734375 0.342578475 0.48734359843749997 0.3411326046875 0.44395071562500005 0.299201728125 0.44214263593750003 0.2588575234375 0.45006778281250004 0.25437911406249997 0.45479892031249997 0.22690715312499998 0.4656471921875 0.22690715312499998 0.503615971875
1 0.41198120156250007 0.451182828125 0.419210659375 0.4059818671875 0.4090894625 0.3643969953125 0.3801716328125 0.3607809046875 0.36282097812499997 0.3897095625 0.3582790703125 0.45006778281250004 0.3758339140625 0.47830340624999995 0.3946305484375 0.47287930468750006 0.41198120156250007 0.451182828125
1 0.32378184062500004 0.3499327015625 0.2847428140625 0.393325653125 0.27751335625 0.436718534375 0.297755859375 0.44937481718749994 0.32378184062500004 0.44756680781249997 0.336587096875 0.43199277187499996 0.36282097812499997 0.39874975468749996 0.37727989375000004 0.3643969953125 0.358483259375 0.3445086 0.32378184062500004 0.3499327015625
1 0.42065663906250006 0.4945757796875 0.4958429546875 0.474687384375 0.5001806734375001 0.43310244375 0.46692512343750003 0.42225424062499994 0.42697032031250004 0.43651152499999996 0.3989682671875 0.46926321406250004 0.39607641718750003 0.49276776875 0.42065663906250006 0.4945757796875
1 0.513193609375 0.37162917812499996 0.46258740468750004 0.362588984375 0.433669575 0.35897289374999997 0.4105353328125 0.3734371890625 0.42065663906250006 0.4059818671875 0.42154732812500006 0.40939900781249994 0.4698168625 0.4276783421875 0.517531328125 0.436718534375 0.5305443734375 0.4059818671875 0.513193609375 0.37162917812499996
1 0.552232746875 0.4276783421875 0.49873469375 0.44937481718749994 0.4857217578125 0.47287930468750006 0.5001806734375001 0.49999988125000006 0.535430190625 0.4975146875 0.586934165625 0.474687384375 0.5912717734374999 0.451182828125 0.578258728125 0.42948642187499997 0.552232746875 0.4276783421875
1 0.6057306890625 0.393325653125 0.57392111875 0.393325653125 0.5406655703125 0.3915175734375 0.5348819812500001 0.41140603750000004 0.5421114390625 0.436718534375 0.5565703546874999 0.42587033124999996 0.5753669890625 0.43310244375 0.588380034375 0.451182828125 0.6276210796874999 0.45006778281250004 0.6404321078125 0.43852661406250004 0.63464851875 0.4095979578125 0.6057306890625 0.393325653125
1 0.643323846875 0.46022302187499997 0.6303109109375 0.48734359843749997 0.6404321078125 0.518080265625 0.66356635 0.518080265625 0.6794712453125 0.5090400734375 0.70405135625 0.4837275765625 0.6997136375 0.45660699843749997 0.6751335265625 0.44395071562500005 0.643323846875 0.46022302187499997
1 0.7850213703125 0.451182828125 0.7705624546875 0.46203110000000003 0.7806836515625 0.52169635625 0.7951425671875 0.55062494375 0.79754154375 0.5494803453125 0.8269521359375 0.5488169328125 0.8283981171875 0.503615971875 0.8067097437499999 0.44937481718749994 0.7850213703125 0.451182828125
1 0.7257397296875 0.4095979578125 0.6895924421874999 0.3842854609375 0.6693500484375 0.396941675 0.6722417875 0.41140603750000004 0.6809170046874999 0.43310244375 0.6838089640625 0.43310244375 0.6838089640625 0.43491052343750003 0.727042628125 0.481699053125 0.7517658218750001 0.474687384375 0.75321158125 0.44214263593750003 0.7257397296875 0.4095979578125
1 0.6100684078125 0.40778994687500003 0.6294287453125 0.4003615015625 0.6057306890625 0.39874975468749996 0.6071765578125 0.40778994687500003 0.6100684078125 0.40778994687500003