1 0.42803436718750004 0.696054 0.4260957625 0.741042675 0.434593025 0.7843289734375001 0.4396657015625 0.7891339687500001 0.451297109375 0.818609315625 0.49200685312500003 0.818609315625 0.509453928125 0.8015446781250001 0.49782252031249996 0.728632084375 0.474559778125 0.6945026921874999 0.42803436718750004 0.696054
1 0.3698775484375 0.6727840078125 0.434593025 0.677657134375 0.46486697499999996 0.6588221078125 0.45905130781250003 0.638654734375 0.43578856562499996 0.6200387875 0.38732455 0.6122821234375 0.3427376703125 0.62314140625 0.338860534375 0.6541680624999999 0.3698775484375 0.6727840078125
1 0.431911503125 0.714670065625 0.41521317968749993 0.7009309906250001 0.3795703515625 0.6727840078125 0.3427376703125 0.65727068125 0.32141353281249996 0.6774380546875001 0.3272292 0.714670065625 0.37375468437500003 0.756556003125 0.4202800953125 0.7643126671875 0.43385003437499997 0.742593984375 0.431911503125 0.714670065625
1 0.42005814218750004 0.603956590625 0.455174171875 0.6340006890625001 0.48037551875 0.6371034250000001 0.48231405 0.6107306968749999 0.4609899125 0.5300614375 0.41640295937499994 0.5254073921875 0.40477162499999997 0.56108809375 0.42005814218750004 0.603956590625
1 0.38732455 0.6107306968749999 0.39098837343750004 0.6097750546875 0.4105872921875 0.5579854765625 0.4202800953125 0.5067914453125 0.38732455 0.49282942656250006 0.3504919421875 0.5114454921875 0.3407991390625 0.5657421406250001 0.336922003125 0.5967687953125 0.3524304734375 0.621590096875 0.38732455 0.6107306968749999
1 0.48546511875 0.4875873125 0.4609899125 0.432327425 0.43578856562499996 0.42767349687499995 0.41252589687499996 0.441635515625 0.4105872921875 0.4695594359375 0.43385003437499997 0.5269588203125 0.45905130781250003 0.5409207203124999 0.4881297171875 0.5254073921875 0.48546511875 0.4875873125
1 0.4202800953125 0.4804188359375 0.4086487609375 0.46490550781250006 0.41640295937499994 0.444738134375 0.43578856562499996 0.43077611562499996 0.434593025 0.3886734265625 0.4222187 0.3749281578125 0.3912016859375 0.3811335125 0.37375468437500003 0.41216016875 0.37375468437500003 0.44628944375 0.37181607968749997 0.4819701453125 0.393140290625 0.4881755 0.4202800953125 0.4804188359375
1 0.49782252031249996 0.33304210156249997 0.470682715625 0.306669490625 0.44160430625 0.3113235359375 0.42803436718750004 0.337696146875 0.44548136875 0.3718255390625 0.474559778125 0.38578744062500003 0.5075153234374999 0.3749281578125 0.5075153234374999 0.35010685625 0.49782252031249996 0.33304210156249997
1 0.541182171875 0.20636155625 0.54047086875 0.174806203125 0.49200685312500003 0.173254775 0.43385003437499997 0.1965247671875 0.43578856562499996 0.21979475937499998 0.44741997343750006 0.23530808749999998 0.511392459375 0.2244488046875 0.5424094 0.2089354765625 0.541182171875 0.20636155625
1 0.41640295937499994 0.3314909109375 0.41640295937499994 0.32838805625 0.4183415640625 0.32838805625 0.46850775312500004 0.28200158750000004 0.4609899125 0.2554754609375 0.4260957625 0.2539242703125 0.3912016859375 0.2833994984375 0.36406188125 0.32218281875 0.377631746875 0.3439013828125 0.393140290625 0.340798765625 0.41640295937499994 0.3314909109375
1 0.3892631546875 0.40750612343750003 0.38129845156250003 0.38673393749999996 0.3795703515625 0.41216016875 0.3892631546875 0.410608859375 0.3892631546875 0.40750612343750003