1 0.5365328765624999 0.784077984375 0.5478463671875 0.755425103125 0.55278039375 0.7507541828125001 0.561045403125 0.7086757234375 0.5591597859374999 0.6649423890625 0.513906040625 0.663434365625 0.49127913124999995 0.6966114296875 0.47996564062499997 0.7674895109375 0.49693584062499996 0.784077984375 0.5365328765624999 0.784077984375
1 0.528990621875 0.6091447609375 0.5233339124999999 0.6287493953125 0.55278039375 0.6470588578124999 0.615727021875 0.642321709375 0.64589625625 0.6242252125000001 0.64212509375 0.5940643078125001 0.59875689375 0.5835080375 0.55161753125 0.5910482640625 0.528990621875 0.6091447609375
1 0.662866384375 0.6468458906250001 0.64212509375 0.6272412578125001 0.6062991484375 0.642321709375 0.5716305359375 0.6696832921875 0.5553886218749999 0.6830390000000001 0.5535030765625 0.7101837453125001 0.5667021125 0.7312964015625 0.6119558578125 0.723756175 0.657209675 0.6830390000000001 0.662866384375 0.6468458906250001
1 0.508249259375 0.6076367390625 0.5327617859375 0.604620578125 0.566918 0.5754148156250001 0.58178669375 0.5337424984375 0.570473275 0.4990574125 0.5271050046875 0.50358159375 0.5063637140624999 0.5819999 0.508249259375 0.6076367390625
1 0.59875689375 0.4673884859375 0.5667021125 0.480960915625 0.576129984375 0.5307264546875 0.5951932125 0.581070925 0.59875689375 0.5819999 0.6326972203125 0.5925562859375 0.647781803125 0.5684275859375 0.6440106390625 0.53826668125 0.634582765625 0.485485096875 0.59875689375 0.4673884859375
1 0.5742443671874999 0.41762306093749996 0.55161753125 0.40405063124999996 0.5271050046875 0.40857469843749994 0.5032987734375001 0.46229264375 0.5007070046875 0.4990574125 0.528990621875 0.5141378640625 0.5535030765625 0.5005655499999999 0.576129984375 0.44476780624999995 0.5742443671874999 0.41762306093749996
1 0.5949857296875 0.358809275 0.5648164953125 0.3527770703125 0.55278039375 0.3661387984375 0.55161753125 0.4070666765625 0.570473275 0.42063910625 0.5780155312499999 0.440243740625 0.5667021125 0.45532419218750003 0.5931001124999999 0.46286441875 0.613841475 0.456832215625 0.6119558578125 0.42214712812500005 0.6119558578125 0.3889701796875 0.5949857296875 0.358809275
1 0.5591597859374999 0.3165839625 0.54596075 0.2909472390625 0.5176771312499999 0.28642305625 0.49127913124999995 0.3120597796875 0.48185125937500006 0.3286483703125 0.48185125937500006 0.3527770703125 0.513906040625 0.363333340625 0.5421896578125 0.3497610265625 0.5591597859374999 0.3165839625
1 0.5535030765625 0.179351753125 0.49693584062499996 0.156731075 0.449796478125 0.1582392125 0.44910461562500004 0.1889140625 0.44791093281250005 0.1914161609375 0.47808009531250006 0.20649661406250003 0.5403040406249999 0.217052884375 0.55161753125 0.20197243125000003 0.5535030765625 0.179351753125
1 0.561045403125 0.23514961093750003 0.5271050046875 0.23665751875000002 0.519792646875 0.26244347343749996 0.5685876578125 0.3075355984375 0.570473275 0.3075355984375 0.570473275 0.3105518734375 0.5931001124999999 0.31960000625 0.608184765625 0.32261605000000004 0.6213837296875 0.301503509375 0.5949857296875 0.26380237812499996 0.561045403125 0.23514961093750003
1 0.5968712765624999 0.38746215624999997 0.6062991484375 0.3889701796875 0.6046182828125 0.364253428125 0.5968712765624999 0.384445996875 0.5968712765624999 0.38746215624999997