1 0.3349617 0.4689258234375 0.2930003171875 0.46833756875 0.25324485 0.47744030937500004 0.24907810156250001 0.48230373125000003 0.222355690625 0.4939560890625 0.2247839015625 0.5319403 0.241697059375 0.5477563171875001 0.30882217968750003 0.5349254890624999 0.33917973125 0.5122942546875 0.3349617 0.4689258234375
1 0.35313716875 0.41403130312499997 0.352464559375 0.4745462625 0.37178951250000003 0.5022823609375 0.3902011015625 0.4963089046875 0.4061289796875 0.474098553125 0.41045303125 0.42866878125 0.3976929125 0.387361625 0.3686025296875 0.3845858296875 0.35313716875 0.41403130312499997
1 0.3178774203125 0.4730484453125 0.3296606765625 0.45709533437500005 0.353715315625 0.42307516874999995 0.365947921875 0.388287565625 0.34591752656249997 0.3689382359375 0.31163344375 0.3753746609375 0.275448771875 0.419921628125 0.2710090875 0.46354258593750003 0.2920199 0.4756147765625 0.3178774203125 0.4730484453125
1 0.420149396875 0.458984971875 0.3942987546875 0.49256507968749996 0.3929159578125 0.5161633640625001 0.41756190625 0.5172566093750001 0.49132366562499996 0.4951715421875 0.49299310468749996 0.45344343593750003 0.45911129375000004 0.44355885468749995 0.420149396875 0.458984971875
1 0.41189607656250005 0.428626690625 0.41300349374999995 0.4320192921875 0.4623440484375 0.448900984375 0.5105397953125 0.4565559375 0.521560725 0.425427984375 0.502048234375 0.39156639531250004 0.45096662031249996 0.383995615625 0.4218762375 0.3812198203125 0.39971399375 0.39636340625 0.41189607656250005 0.428626690625
1 0.5322904046875 0.516855784375 0.5822299515625 0.49251998124999996 0.5850555703125 0.46887960937499995 0.570681396875 0.44755318125 0.54459261875 0.446501953125 0.492590725 0.4697645140625 0.481107384375 0.49365734375 0.497271384375 0.5203680609375 0.5322904046875 0.516855784375
1 0.5350700046875 0.45584043906250005 0.5488057937499999 0.4445669453125 0.5680267828125001 0.4512548484375 0.5821697015625 0.46896378437499997 0.6212597734374999 0.46670602499999997 0.6333067031249999 0.45478725156250005 0.6256847859375 0.4260151921875 0.5957850031249999 0.4105780390625 0.5640400109375 0.4115039796875 0.5307363421875 0.41066319531250006 0.52623641875 0.43072809687499997 0.5350700046875 0.45584043906250005
1 0.6767761203125 0.5241929828125 0.6996875250000001 0.49815470156249997 0.693624175 0.4711493671875 0.668284559375 0.4592034390625 0.63758011875 0.4764083015625 0.6263280375 0.5039186921875001 0.6383943828125 0.5343732359375 0.6614816609374999 0.5336998234375 0.6767761203125 0.5241929828125
1 0.7971929921875 0.5612128000000001 0.82650145 0.559693009375 0.8250537671875 0.5144315875000001 0.7999405484375 0.46079971249999996 0.7784118328125 0.46323978125 0.7646760484375 0.4745133453125 0.7785924578125 0.5339082328125 0.7948720859375 0.5624276953125 0.7971929921875 0.5612128000000001
1 0.6733625203125 0.4481824078125 0.6762486078125 0.44809822656250003 0.6763642390625 0.44990704062500003 0.7225023937499999 0.4954561046875 0.7467269796875 0.48772192187499996 0.7460884765625 0.4551218625 0.7165910703125 0.4233636328125 0.6788983609375 0.3990930546875 0.6595064625 0.41234364375 0.6633173671875 0.4267297109375 0.6733625203125 0.4481824078125
1 0.6010389484374999 0.4249219453125 0.6198849125 0.416926925 0.5961318906249999 0.41600434531249997 0.59815296875 0.425006125 0.6010389484374999 0.4249219453125