0 0.36484375 0.64296875 0.31875 0.20625
0 0.86328125 0.3765625 0.20625 0.1375
1 0.340625 0.4828125 0.19375 0.2
0 0.4421875 0.31015625 0.246875 0.190625
1 0.559375 0.634375 0.325 0.1875
0 0.5421875 0.52421875 0.2078125 0.1046875
0 0.45546875 0.153125 0.3375 0.175
1 0.7515625 0.14453125 0.146875 0.11875
1 0.6203125 0.3984375 0.3125 0.15
1 0.4375 0.45390625 0.1328125 0.096875
1 0.1703125 0.221875 0.1328125 0.1046875
1 0.22265625 0.33671875 0.165625 0.115625
1 0.2328125 0.26015625 0.1625 0.103125
1 0.06640625 0.30703125 0.11875 0.1
1 0.6421875 0.134375 0.1 0.0875
0 0.71328125 0.5203125 0.1890625 0.25625
0 0.20234375 0.45 0.146875 0.1765625
1 0.80703125 0.55 0.140625 0.1
0 0.7203125 0.27265625 0.434375 0.128125
1 0.59609375 0.47578125 0.1296875 0.084375