0 0.5063718546336764 0.37858939304548656 0.27458058477957226 0.2654847553183336
1 0.582409854014504 0.6267197281515978 0.25529123738460624 0.35400174145062524
0 0.4826667191921503 0.5852933347248616 0.15601036724456102 0.23306968597979177
1 0.28679990922457166 0.4415212316669795 0.2577227245643246 0.30567334422416687
0 0.14864709181339486 0.4187532660519098 0.2509676104201355 0.3617051386770836
0 0.26111908912730775 0.8585632613022571 0.179991522745079 0.21177656743868062
0 0.6321680672062889 0.4315715355222922 0.2696062944567007 0.3262404173624308
1 0.30540016770162703 0.22687750341847246 0.13107883374611512 0.166935539703264
1 0.07282735835547548 0.7039445772223265 0.14565471671095095 0.17990831838861113
0 0.35097791749673923 0.6252435746568754 0.23537684367091244 0.3285653303564587
1 0.3739318438803095 0.233165177430417 0.1487029813887502 0.17671058320625016
1 0.08555412469266832 0.5979491503605904 0.11548806699689203 0.133795731382639
1 0.4320930227495882 0.7475744759673962 0.28933228949430206 0.24709843123013914
1 0.2794049019858613 0.16370470298163217 0.128497489246633 0.14502417211208343
1 0.4373435647250896 0.46692388801149337 0.13801803846084476 0.14836737765916688
0 0.48799434388030943 0.23582001158659766 0.18413105913900907 0.16660953780340293
1 0.3841523680731306 0.08089416261277811 0.12857026385373888 0.14658667211208343
1 0.4216179032287156 0.6198488662600005 0.10306084160399784 0.1350672906531944
0 0.2041713839982932 0.6875227562682641 0.2231380169541107 0.4344152868534724
1 0.44718502171613095 0.8433415708571532 0.1211216368892682 0.15421733415618064