0 0.51953125 0.3734375 0.234375 0.228125
1 0.38125 0.6078125 0.1875 0.334375
0 0.49296875 0.58828125 0.1109375 0.221875
1 0.7265625 0.48671875 0.203125 0.278125
0 0.87265625 0.49453125 0.18125 0.34375
0 0.6515625 0.90859375 0.14375 0.18125
0 0.3796875 0.4 0.2109375 0.3
1 0.76015625 0.265625 0.1 0.153125
1 0.88359375 0.80078125 0.121875 0.1640625
0 0.61640625 0.65859375 0.171875 0.309375
1 0.690625 0.25625 0.11875 0.1625
1 0.89296875 0.68984375 0.090625 0.121875
1 0.5046875 0.7640625 0.2546875 0.20625
1 0.803125 0.20703125 0.103125 0.13125
1 0.56796875 0.47890625 0.1125 0.1328125
0 0.5734375 0.234375 0.159375 0.140625
1 0.7171875 0.1 0.103125 0.134375
1 0.546875 0.63828125 0.078125 0.125
0 0.75 0.75390625 0.13125 0.4296875
1 0.465625 0.8578125 0.09375 0.14375