0 0.559375 0.66796875 0.31875 0.20625
0 0.0828125 0.40234375 0.165625 0.1375
1 0.58359375 0.5078125 0.19375 0.2
0 0.4828125 0.33515625 0.246875 0.190625
1 0.36484375 0.659375 0.325 0.1875
0 0.3828125 0.54921875 0.2078125 0.1046875
0 0.46875 0.178125 0.3375 0.175
1 0.17265625 0.1703125 0.146875 0.11875
1 0.30390625 0.4234375 0.3125 0.15
1 0.48671875 0.4796875 0.1328125 0.096875
1 0.75390625 0.24765625 0.1328125 0.1046875
1 0.7015625 0.36171875 0.165625 0.115625
1 0.6921875 0.28515625 0.1625 0.103125
1 0.8578125 0.33203125 0.11875 0.1
1 0.2828125 0.159375 0.1 0.0875
0 0.2109375 0.54609375 0.1890625 0.25625
0 0.721875 0.475 0.146875 0.1765625
1 0.1171875 0.57578125 0.140625 0.1
0 0.2109375 0.29765625 0.421875 0.128125
1 0.328125 0.50078125 0.1296875 0.084375