1 0.76953125 0.6578125 0.146875 0.0921875
1 0.90703125 0.57734375 0.1375 0.0875
1 0.5578125 0.546875 0.109375 0.1
1 0.98359375 0.49375 0.03125 0.0953125
1 0.6984375 0.46953125 0.1171875 0.096875
1 0.82734375 0.390625 0.1296875 0.0890625
1 0.94453125 0.31796875 0.1109375 0.0890625
1 0.3703125 0.42421875 0.11875 0.090625
1 0.2140625 0.3125 0.13125 0.08125
1 0.5265625 0.35703125 0.115625 0.096875
1 0.65390625 0.28984375 0.10625 0.08125
1 0.79921875 0.23515625 0.13125 0.084375
1 0.3609375 0.25078125 0.078125 0.0796875
1 0.471875 0.18515625 0.10625 0.078125
1 0.5984375 0.13515625 0.1078125 0.084375
1 0.71796875 0.08671875 0.090625 0.0765625