1 0.29473268878956704 0.5929607014026146 0.14684507485477488 0.10082722267624522
1 0.1781209234880861 0.5040249455488821 0.1372517510334573 0.09608518052176755
1 0.49451005686269756 0.522267448082965 0.11574062406898662 0.10377041549465282
1 0.0794415208830522 0.41441247882456533 0.11864730024766904 0.09910109621281218
1 0.37480967886476957 0.4340947615110732 0.12028257485477489 0.10067268657189174
1 0.2653383254739474 0.347543662273199 0.1310017510334573 0.09604881908544902
1 0.1632257078151016 0.2680647196511831 0.1216267510334573 0.09599427693097126
1 0.6732835661683225 0.43661227009528025 0.1216267510334573 0.09599427693097126
1 0.8226970612059237 0.3578156252850827 0.13071065260503395 0.08979881908544911
1 0.5375771985094767 0.35693788475305255 0.12028257485477489 0.10067268657189174
1 0.4293601300648426 0.28054758069471813 0.11032537799792799 0.08811814441741408
1 0.30439220926284366 0.21343228268650796 0.13234592721213972 0.09137040944452864
1 0.6950942919755014 0.28443669173825314 0.08190927956950453 0.0817045179539809
1 0.601902910048632 0.21203899609117513 0.10861732878371626 0.08498405405833438
1 0.49281470037150354 0.1504833516737611 0.11032537799792799 0.08811814441741399
1 0.3893044026050339 0.09130327351312577 0.09433650496239876 0.08021474082661784