1 0.28203125 0.62265625 0.13125 0.0828125
1 0.15859375 0.55078125 0.12265625 0.07890625
1 0.4734375 0.5234375 0.09921875 0.090625
1 0.05234375 0.47578125 0.10390625 0.08515625
1 0.346875 0.453125 0.10546875 0.0859375
1 0.23046875 0.3828125 0.1171875 0.0796875
1 0.121875 0.31796875 0.10703125 0.08046875
1 0.6421875 0.4125 0.10703125 0.08125
1 0.7828125 0.31171875 0.11796875 0.0734375
1 0.50078125 0.35234375 0.1046875 0.08671875
1 0.38671875 0.2921875 0.09609375 0.07421875
1 0.25625 0.24296875 0.11953125 0.075
1 0.65 0.25703125 0.06953125 0.071875
1 0.55078125 0.1984375 0.0953125 0.07109375
1 0.43671875 0.153125 0.096875 0.075
1 0.32890625 0.109375 0.08125 0.06875