0 0.2578125 0.48359375 0.04375 0.1125
0 0.31328125 0.4640625 0.0453125 0.1125
0 0.3703125 0.4453125 0.04375 0.115625
0 0.42421875 0.42421875 0.046875 0.109375
0 0.478125 0.3953125 0.05 0.103125
0 0.50234375 0.52421875 0.05 0.09375
0 0.44453125 0.5375 0.05 0.1203125
0 0.384375 0.55859375 0.053125 0.121875
0 0.32578125 0.5765625 0.053125 0.1125
0 0.27109375 0.60078125 0.05 0.11875
0 0.69140625 0.3984375 0.0625 0.103125
0 0.74375 0.4984375 0.065625 0.1078125
0 0.64140625 0.4203125 0.065625 0.10625
0 0.69453125 0.5203125 0.071875 0.109375
0 0.640625 0.5421875 0.0609375 0.1078125
0 0.5953125 0.571875 0.0625 0.1125