0 0.72734375 0.49765625 0.04375 0.1125
0 0.671875 0.478125 0.0453125 0.1109375
0 0.615625 0.46015625 0.04375 0.115625
0 0.56171875 0.4390625 0.046875 0.109375
0 0.50859375 0.41015625 0.05 0.103125
0 0.484375 0.53828125 0.05 0.09375
0 0.5421875 0.55234375 0.05 0.1203125
0 0.6015625 0.57265625 0.053125 0.121875
0 0.659375 0.590625 0.0515625 0.1125
0 0.7140625 0.61484375 0.05 0.11875
0 0.296875 0.41328125 0.0625 0.103125
0 0.24453125 0.5125 0.065625 0.10625
0 0.346875 0.43515625 0.065625 0.10625
0 0.29375 0.534375 0.0703125 0.109375
0 0.346875 0.55625 0.0609375 0.1078125
0 0.39140625 0.5859375 0.0625 0.1125