1 0.3603445077513334 0.14259854198437472 0.18610264192396553 0.19469817021222235
1 0.2781907023626047 0.27672092847725677 0.15653696828879457 0.14251742116215294
1 0.46192096025511253 0.2747914865135413 0.11583637357870132 0.11348323138263901
1 0.2339163285721419 0.3896216251906248 0.13825740514873236 0.12336737765916679
1 0.19320657053845974 0.5368609543128124 0.14559946828879458 0.142262848023889
1 0.5468203340455753 0.16094523242947872 0.20213789462538861 0.12173344889756965
1 0.6725553523908395 0.23781424411298557 0.13630006299888783 0.17013327488562507
1 0.500466791740439 0.3724652670987496 0.09737479991529537 0.09120818787965286
1 0.6156738337632266 0.4566201019205204 0.13190098933548206 0.14818553970326392
1 0.36558907572954447 0.6087326882609025 0.1630445735222315 0.17387652393569458
1 0.5381767072713407 0.6438311208222218 0.19197321032569956 0.21511977298576407
1 0.2713139729151819 0.80337500066559 0.1458570735222316 0.17347648043270852
1 0.17520627041140288 0.6710547695672915 0.24211044724210717 0.13826763867708358
1 0.8574396801416736 0.39763991974045065 0.28512063971665286 0.3299472988213196
1 0.7109243625 0.9287504249999999 0.853659225 0.7202718640625 0.7591510421875001 0.6325155984374999 0.615863615625 0.8472610812499999 0.7109243625 0.9287504249999999
1 0.3221550359375 0.762177121875 0.4101910359375 0.8815495828125 0.5294159109375001 0.9222984343749999 0.602079265625 0.8016202203124999 0.394357503125 0.6711025140625 0.3221550359375 0.762177121875
1 0.634878775 0.3773883609375 0.5874623921875 0.2082449765625 0.505317 0.23004345625 0.5546009515625 0.406826284375 0.634878775 0.3773883609375