1 0.41166681145475703 0.1201423861181689 0.1889936840799308 0.20380226458147638
1 0.3042017632021182 0.23897260563506792 0.1580696859797918 0.1498134465556454
1 0.4854160488213196 0.2657527513201482 0.1167537017473613 0.11894387978345566
1 0.23941452422003504 0.3440525622198432 0.13884690729444454 0.12895537727617326
1 0.17070350465274348 0.4820814111244866 0.14713218597979177 0.14949519780928675
1 0.5917550081681251 0.1657179959098719 0.20294577488562507 0.1323819056477032
1 0.7010592326169099 0.26025995460621826 0.1383754350298613 0.1757849131695506
1 0.5057668760436462 0.3675736640939874 0.09905705547083343 0.09656877461060613
1 0.6034614532659727 0.4671441035900038 0.13317878875333342 0.1537735208496826
1 0.32775489807947966 0.5791429645688411 0.16504703780340294 0.1812453029821361
1 0.491001086909063 0.6400624295333935 0.19415396276527802 0.22425115690134448
1 0.19741670070052147 0.7564903777383917 0.14942203780340294 0.18079066191590948
1 0.13069871333395885 0.6106754240566102 0.2361583183886112 0.15052415188677948
1 0.8543089063445141 0.44640674010388415 0.29138218731097193 0.344484752045064
1 0.7111277828125 0.6618610265625 0.5287191453125 0.851479546875 0.6069748453125 0.9459366625 0.7876416500000001 0.762398259375 0.7111277828125 0.6618610265625
1 0.5238295640625 0.8045174218750001 0.3437510890625 0.644877215625 0.2551070703125 0.7235736187499999 0.31919730468749996 0.8542297953125001 0.42907862343750003 0.9122586640625 0.5238295640625 0.8045174218750001
1 0.537464746875 0.2278180625 0.552350053125 0.4091000578125 0.6371955203125 0.392237490625 0.62269473125 0.21874988437499998 0.537464746875 0.2278180625