1 0.3703125 0.14375 0.16640625 0.1828125
1 0.2734375 0.2703125 0.14140625 0.13125
1 0.45625 0.2828125 0.10390625 0.10546875
1 0.2171875 0.3796875 0.125 0.11328125
1 0.16015625 0.52265625 0.13046875 0.1328125
1 0.55390625 0.17578125 0.18984375 0.10703125
1 0.6703125 0.26171875 0.11796875 0.1609375
1 0.484375 0.3828125 0.08828125 0.08515625
1 0.58984375 0.475 0.115625 0.1390625
1 0.32421875 0.60703125 0.1453125 0.1625
1 0.4921875 0.65546875 0.16875 0.20234375
1 0.20859375 0.79375 0.128125 0.1640625
1 0.12734375 0.6546875 0.228125 0.1203125
1 0.84375 0.43515625 0.26328125 0.309375
1 0.713216003125 0.66068389375 0.546795825 0.8633761421875 0.6324897968750001 0.9515704765624999 0.79766803125 0.75506730625 0.713216003125 0.66068389375
1 0.3456012828125 0.6715147765625 0.2636331375 0.7566145765625001 0.338149634375 0.8819433703125 0.4524082625 0.931455978125 0.5381022343749999 0.8169580671875 0.3456012828125 0.6715147765625
1 0.5047945484375 0.241373975 0.5343764078125 0.42085718906249997 0.617586496875 0.39764815 0.589021840625 0.22590128437499998 0.5047945484375 0.241373975