1 0.3875 0.09453125 0.175 0.1890625
1 0.2875 0.2265625 0.15 0.140625
1 0.48046875 0.240625 0.109375 0.1125
1 0.22734375 0.34375 0.1328125 0.1203125
1 0.16640625 0.49609375 0.1375 0.140625
1 0.584375 0.1265625 0.2015625 0.1125
1 0.7078125 0.21796875 0.125 0.171875
1 0.51015625 0.34765625 0.09375 0.090625
1 0.62265625 0.4453125 0.121875 0.1484375
1 0.340625 0.5859375 0.153125 0.171875
1 0.51875 0.63671875 0.178125 0.215625
1 0.21796875 0.784375 0.134375 0.175
1 0.13203125 0.6359375 0.2421875 0.128125
1 0.87578125 0.4 0.2484375 0.3296875
1 0.7534109124999999 0.6426218718750001 0.5769046640625 0.8583662734375 0.6677922093750001 0.9522397874999999 0.8429812453125001 0.743083003125 0.7534109124999999 0.6426218718750001
1 0.5676841875 0.8089591546875001 0.3635165125 0.654150196875 0.2765806 0.7447299093749999 0.3556132484375 0.8781291171875001 0.4767966421875 0.9308300375 0.5676841875 0.8089591546875001
1 0.5323578546875 0.1963109359375 0.5637325546875 0.3873517796875 0.651985678125 0.3626482203125 0.6216898296875 0.1798418984375 0.5323578546875 0.1963109359375