1 0.1296875 0.36796875 0.196875 0.18125
1 0.2671875 0.26328125 0.1421875 0.153125
1 0.28046875 0.4609375 0.115625 0.1125
1 0.38515625 0.20234375 0.1234375 0.134375
1 0.53984375 0.14140625 0.14375 0.1421875
1 0.16484375 0.56640625 0.115625 0.20625
1 0.2578125 0.6921875 0.175 0.128125
1 0.38828125 0.49140625 0.09375 0.096875
1 0.48828125 0.60546875 0.15 0.125
1 0.63125 0.31875 0.175 0.15625
1 0.68359375 0.5 0.21875 0.1828125
1 0.8328125 0.19375 0.178125 0.1375
1 0.68125 0.1140625 0.1296875 0.228125
1 0.44453125 0.86796875 0.334375 0.2625
1 1 0.64838718125 0.908041775 0.5590360265625 0.6889150203125001 0.7389497328125 0.7909511421875 0.8302492234375001 1 0.65452523125 1 0.64838718125
1 0.9816415984375 0.45699541874999994 0.9281144546875 0.333472578125 0.7926238671875 0.252914203125 0.7006240828125 0.3415284140625 0.857860071875 0.54963755 0.9816415984375 0.45699541874999994
1 0.21887976718750002 0.6046857734375 0.4045520546875 0.6355664828124999 0.4296429078125 0.5456096296874999 0.23560699999999998 0.5136292421875 0.21887976718750002 0.6046857734375