1 0.3138588613745322 0.19274602602601057 0.20949226594251646 0.2224951682323248
1 0.2502577860689045 0.33157403661994145 0.17225121551297518 0.1658055524755441
1 0.4311016723195231 0.31951989960471183 0.12998847241038014 0.13218941567207612
1 0.22206526628120077 0.44754067086316074 0.15087418249628842 0.14430998407381015
1 0.20184237675122185 0.5966838261530675 0.1627943283578455 0.16369702090551302
1 0.5003728934867079 0.19971490479579654 0.21526423111680731 0.1542911998023559
1 0.6341171296918979 0.26981384414539594 0.15637390999505119 0.18980449459715382
1 0.48284895804974326 0.4152188074548674 0.10844766508343398 0.10756884727034195
1 0.6076276300305821 0.4925842152344357 0.14889560266810484 0.1660029735504665
1 0.3811071528705036 0.6585299207219864 0.1832639586155702 0.19760158404557515
1 0.5561447744218011 0.6843020073983976 0.2168067989592032 0.24317168927901225
1 0.314531563770066 0.8594939102692299 0.16755707146044047 0.19512903142885668
1 0.20193530924751024 0.7322118024755442 0.2553093769783644 0.17531633134415223
1 0.8378895036180445 0.4191445281627363 0.32422099276391086 0.3732525733810572
1 0.7722966796875 0.6601458250000001 0.659701278125 0.8836063171875 0.7643293015625 0.9597086328125 0.8772173265625 0.7425582578125 0.7722966796875 0.6601458250000001
1 0.58448435 0.96380548125 0.6400093874999999 0.8386869875 0.41773600312500003 0.720024540625 0.35870927343750003 0.815460434375 0.461472925 0.9299213421875001 0.58448435 0.96380548125
1 0.4682092421875 0.2717324203125 0.5404322921875 0.44595949062500007 0.61565900625 0.41179909531250003 0.546298459375 0.24511627812499998 0.4682092421875 0.2717324203125