1 0.09453125 0.6515625 0.1890625 0.184375
1 0.228125 0.75703125 0.1453125 0.1578125
1 0.2421875 0.5546875 0.115625 0.115625
1 0.34921875 0.81953125 0.125 0.1390625
1 0.5078125 0.8828125 0.146875 0.14375
1 0.1234375 0.446875 0.11875 0.209375
1 0.21875 0.3171875 0.178125 0.13125
1 0.353125 0.52421875 0.09375 0.096875
1 0.4546875 0.40703125 0.153125 0.128125
1 0.60078125 0.7015625 0.1796875 0.1609375
1 0.65390625 0.51484375 0.225 0.1875
1 0.80703125 0.82890625 0.18125 0.1421875
1 0.64921875 0.896875 0.134375 0.20625
1 0.4078125 0.1359375 0.3421875 0.271875
1 0.6600479296875 0.27017214843750004 0.8842862046875 0.45449829375000006 0.9818555281249999 0.3595840859375 0.764464225 0.176633509375 0.6600479296875 0.27017214843750004
1 0.8329339250000001 0.46412727187499997 0.6720301265625 0.6773403515624999 0.76617596875 0.7681278546875 0.9048271140624999 0.685593759375 0.9596028734375001 0.55904148125 0.8329339250000001 0.46412727187499997
1 0.19616569687500002 0.501018696875 0.394727834375 0.468253978125 0.3690516921875 0.3760909046875 0.179048271875 0.40772897500000005 0.19616569687500002 0.501018696875