1 0.11953125 0.37734375 0.190625 0.175
1 0.2515625 0.27578125 0.1375 0.1484375
1 0.26484375 0.4671875 0.1109375 0.109375
1 0.365625 0.2171875 0.11875 0.13125
1 0.515625 0.1578125 0.1390625 0.1375
1 0.153125 0.56953125 0.1125 0.2
1 0.24296875 0.69140625 0.16875 0.125
1 0.36953125 0.496875 0.090625 0.09375
1 0.465625 0.60703125 0.1453125 0.121875
1 0.60390625 0.32890625 0.1703125 0.153125
1 0.6546875 0.5046875 0.2125 0.1765625
1 0.79921875 0.20859375 0.171875 0.134375
1 0.65390625 0.1234375 0.125 0.2375
1 0.42265625 0.86640625 0.3234375 0.2671875
1 0.7585671171875 0.824358725 0.9640606296875 0.6516233171875 0.871831259375 0.56200870625 0.659865509375 0.7360428796875 0.7585671171875 0.824358725
1 0.943025859375 0.46330275781249997 0.8912479687499999 0.3438166109375 0.760185178125 0.2658908625 0.6711919234375 0.351609184375 0.82328948125 0.55291736875 0.943025859375 0.46330275781249997
1 0.2051908859375 0.60616663125 0.3847954515625 0.6360381671875001 0.4090663421875 0.5490210796875 0.22137147656249997 0.5180858015625 0.2051908859375 0.60616663125