1 0.6359375 0.30703125 0.084375 0.06875
1 0.7578125 0.34375 0.065625 0.084375
1 0.76328125 0.41953125 0.09375 0.08125
1 0.69296875 0.35 0.06875 0.071875
1 0.81796875 0.29296875 0.0890625 0.084375
1 0.51328125 0.40234375 0.071875 0.09375
1 0.46015625 0.4359375 0.0640625 0.090625
1 0.42890625 0.52578125 0.1015625 0.0875
1 0.37734375 0.46484375 0.096875 0.078125
1 0.34296875 0.38359375 0.115625 0.0984375
1 0.278125 0.32109375 0.1 0.0859375
1 0.27421875 0.2140625 0.109375 0.084375
1 0.33359375 0.57734375 0.0859375 0.084375
1 0.38828125 0.603125 0.0515625 0.0890625
1 0.4609375 0.61640625 0.084375 0.071875
1 0.41640625 0.68359375 0.090625 0.075
1 0.5015625 0.66171875 0.090625 0.071875