0 0.10703125 0.68828125 0.178125 0.0953125
0 0.31640625 0.8171875 0.15 0.11875
0 0.3328125 0.73203125 0.1609375 0.10625
0 0.35625 0.6421875 0.14375 0.109375
0 0.39140625 0.55859375 0.1765625 0.075
0 0.17421875 0.584375 0.153125 0.134375
0 0.240625 0.6078125 0.125 0.11875
0 0.1984375 0.31875 0.15625 0.1265625
0 0.34296875 0.28984375 0.1671875 0.1109375
0 0.38046875 0.33046875 0.171875 0.1046875
0 0.43828125 0.3515625 0.1734375 0.0984375
0 0.45390625 0.40234375 0.1875 0.10625
0 0.53671875 0.490625 0.18125 0.084375
0 0.5484375 0.55546875 0.165625 0.10625
0 0.5515625 0.62890625 0.146875 0.1140625