1 0.4953125 0.36015625 0.05625 0.0734375
1 0.62734375 0.3265625 0.046875 0.0828125
1 0.67734375 0.3 0.0546875 0.08515625
1 0.73671875 0.359375 0.06171875 0.08828125
1 0.809375 0.48203125 0.0609375 0.08359375
1 0.7546875 0.49765625 0.0640625 0.05859375
1 0.81171875 0.5578125 0.03828125 0.05859375
1 0.7875 0.64375 0.05 0.0671875
1 0.74921875 0.62265625 0.03515625 0.04921875
1 0.7015625 0.60078125 0.04296875 0.0734375
1 0.67578125 0.6921875 0.04609375 0.06015625
1 0.70625 0.65234375 0.084375 0.06484375
1 0.61640625 0.60390625 0.07578125 0.09921875
1 0.55078125 0.62890625 0.04609375 0.12890625
1 0.5921875 0.6703125 0.0359375 0.05703125
1 0.61015625 0.553125 0.03125 0.04921875
1 0.546875 0.459375 0.03984375 0.09140625
1 0.57578125 0.43984375 0.04296875 0.06484375
1 0.56328125 0.38359375 0.02734375 0.05703125
1 0.61484375 0.4640625 0.0328125 0.0453125
1 0.6390625 0.41640625 0.03515625 0.04609375
1 0.665625 0.4328125 0.03828125 0.05234375
1 0.6546875 0.3875 0.02578125 0.05234375
1 0.69140625 0.46015625 0.0328125 0.04375
1 0.6578125 0.4703125 0.03203125 0.0421875
1 0.64375 0.49921875 0.0421875 0.05078125
1 0.65625 0.5375 0.03203125 0.04375
1 0.684375 0.53125 0.03515625 0.05234375
1 0.7078125 0.52265625 0.034375 0.04921875