1 0.3132790914752868 0.34621771325469314 0.07794129353213641 0.08850199400955017
1 0.36539154737732354 0.2297643340359329 0.08962242198083885 0.07331350362819704
1 0.4387471602221938 0.22876234002638265 0.09101450361804457 0.09987600362819704
1 0.3628563675945686 0.29301830218476743 0.08032930913596861 0.07454862141421188
1 0.32487609000494877 0.16957336770119685 0.09545634215265535 0.09535219473518967
1 0.38875936906490666 0.4683531188823232 0.09932497060135788 0.07989088584218215
1 0.41405926221293027 0.5212772222403678 0.09735303482570909 0.0720238221398514
1 0.4964280269122513 0.5566120323145016 0.09767393939369332 0.10790675843752062
1 0.4308539365686183 0.6025718622589012 0.08797139077317442 0.1013293762235353
1 0.3474715485089773 0.6312177066312712 0.11091092378986112 0.12240576805616729
1 0.2796389173467414 0.6905133502780016 0.09611143939369331 0.10785219473518967
1 0.17597832881213066 0.6894543364830036 0.09495837516934214 0.11561013103285873
1 0.5328391604493364 0.6504785942027339 0.09216756784239592 0.09211806733052796
1 0.5651470494134885 0.5994418838584477 0.0936548247398008 0.0609771947351895
1 0.5882813342391977 0.530009837579312 0.081148180687266 0.09017362141421188
1 0.6466803324301752 0.5763193531884087 0.08616322930778501 0.09658731252120453
1 0.636217545229617 0.49324395836055174 0.08303822930778501 0.09647818511654283