0 0.7325779641933673 0.8317077548465619 0.12787434612402784 0.1934980397032639
0 0.8284944487101384 0.6022546845580896 0.14451633225631957 0.17046058320625015
0 0.7418120663013189 0.6027105858686104 0.13535953780340293 0.17961737765916688
0 0.6497882204616314 0.5978250237482634 0.1349594943004167 0.1624298776591669
0 0.5627609991469786 0.5795491088543745 0.1074527433504862 0.18833776101791672
0 0.6211871757243743 0.7866699714115619 0.1633754350298613 0.17558449430041687
0 0.6337430335319091 0.716884148273298 0.14080945079743062 0.145387848023889
0 0.3550712132434368 0.8139462119122566 0.15403680262104177 0.17692878875333343
0 0.30589144367614524 0.6792270262168053 0.14175500816812514 0.186012848023889
0 0.3404853024336106 0.6354763730064233 0.1355777433504862 0.18899237765916688
0 0.35204170469406204 0.5750837336637498 0.1308902433504862 0.18888327488562523
0 0.39948040235736065 0.549773955928333 0.14062891926229176 0.20472648043270852
0 0.4736101930105551 0.45122604673402733 0.11857208130638916 0.19640483415618065
0 0.5366375230826732 0.42711509308680506 0.13703114057694457 0.18434124525034737
0 0.6080949489944788 0.40983536768808976 0.1413185970739585 0.167262848023889