1 0.49580920261777506 0.38636013964152066 0.06024770401018138 0.07811171189493056
1 0.6297393072883658 0.36445524140511437 0.05098179201145392 0.08699538896415202
1 0.6808114586250928 0.34211657394683137 0.058830654678545 0.0905298247398008
1 0.7371245459500477 0.40682420510906725 0.06511701734563573 0.09398237336031982
1 0.8044200392664121 0.5354272399347764 0.06506247334499946 0.08929487336031983
1 0.7487967479312759 0.5458014959276701 0.06633407200827221 0.06437676051544941
1 0.802756994589458 0.6111675463572114 0.04131589067472703 0.06150406603337366
1 0.7744223619112314 0.6948907711424408 0.052362478675999566 0.07145227611928177
1 0.7371859912476403 0.6702692294193268 0.03808180267345414 0.05196529172311415
1 0.690583711250822 0.6443751147654343 0.04618520401018138 0.07737472749876276
1 0.6606229439051863 0.7334852023955338 0.04916475334181776 0.06503850180902226
1 0.6931087272438223 0.6961013890756937 0.08671929734245402 0.07169129353213641
1 0.6054274612508219 0.6399122648108627 0.08086928668045382 0.10573874491161739
1 0.538757581914413 0.6590883107178482 0.05150905068427196 0.13230788896415202
1 0.5781013452419133 0.7041451831736569 0.038172709341181485 0.05977779172311415
1 0.6021121045910489 0.5889262969230383 0.03339430267345413 0.051719630257724705
1 0.5430740066040938 0.4896798914505429 0.044822698679181275 0.09448034034363299
1 0.5729796826066391 0.4724857473980082 0.04607611600890884 0.06799972749876275
1 0.5626967106142751 0.4156625373120999 0.03036020934118149 0.05936835594746519
1 0.6109609406031392 0.5002732326986872 0.03492044000636341 0.048676517412854635
1 0.6372876306095027 0.454749370758328 0.03804544000636341 0.04884029172311397
1 0.6628688859405028 0.4732880088179689 0.041243165340545215 0.05525406603337366
1 0.6540211446133206 0.4274841858871904 0.028743165340545218 0.05459896879233561
1 0.687532531269912 0.503504453300045 0.03490225867281786 0.047114017412854634
1 0.6530575339354121 0.5102966858871903 0.033321577339272504 0.0454696302577247
1 0.6378865199315941 0.5376437579134578 0.044349984006999674 0.053855340343633
1 0.6483694865929579 0.577279467999366 0.03333975867281787 0.0470321302577247
1 0.6765581212603671 0.5732846867917015 0.03811816534054522 0.05509029172311415
1 0.7008677779280943 0.5667414376962127 0.036519302673454136 0.051883404567984216