1 0.299349794645564 0.4113623824054313 0.07808981818121907 0.09151247060135788
1 0.32255724391421536 0.291374108999683 0.09034435633066593 0.07810506784239593
1 0.3954589557647684 0.2811193617132165 0.09080800649282175 0.10466756784239584
1 0.3355560758951521 0.35304859339585076 0.07943412986961632 0.07909435775648763
1 0.26798852069957657 0.2369046149925768 0.0938511858759707 0.10014384215265534
1 0.40374519399694087 0.5231807089542546 0.09826595048646727 0.08476450361804452
1 0.44122187459790585 0.5712806942549333 0.09656708279171564 0.07687011646291494
1 0.5314923185915514 0.5963426492524591 0.09719437418757337 0.11280761646291496
1 0.4773854711893392 0.6498084859780475 0.08768300649282175 0.10450379353213642
1 0.40243033563768 0.6881063461093843 0.10993983603812651 0.1275252137039528
1 0.34887291315438984 0.7548943764125375 0.09560460064862308 0.11116322930778502
1 0.2462427909954113 0.7659370177515388 0.09417846834337487 0.11889384215265544
1 0.5909434107187579 0.6846924983025193 0.09223413879807012 0.0969369549975255
1 0.609880371351495 0.6301654505865114 0.09325116801906326 0.06576884215265544
1 0.6158088173737355 0.5593173620519007 0.08126936525911965 0.09480124491161739
1 0.684740049516828 0.5973363404551748 0.0844761858759707 0.0996525192218769
1 0.6548673632338201 0.5167923473525796 0.0813511858759707 0.09948874491161738