1 0.49765625 0.33359375 0.059375 0.0765625
1 0.6359375 0.29921875 0.05 0.0859375
1 0.68828125 0.27109375 0.05625 0.0890625
1 0.75078125 0.3328125 0.065625 0.0921875
1 0.8265625 0.46171875 0.0640625 0.0875
1 0.76875 0.478125 0.0671875 0.0609375
1 0.828125 0.540625 0.040625 0.0609375
1 0.803125 0.63125 0.053125 0.0703125
1 0.76328125 0.60859375 0.0375 0.0515625
1 0.71328125 0.58515625 0.04375 0.0765625
1 0.6859375 0.68125 0.046875 0.0625
1 0.71875 0.63984375 0.0875 0.0671875
1 0.625 0.5890625 0.0796875 0.103125
1 0.55625 0.61484375 0.046875 0.134375
1 0.6 0.65859375 0.0375 0.059375
1 0.61796875 0.5359375 0.03125 0.0515625
1 0.55234375 0.43828125 0.040625 0.0953125
1 0.58203125 0.41796875 0.04375 0.0671875
1 0.56875 0.35859375 0.028125 0.059375
1 0.6234375 0.44296875 0.034375 0.046875
1 0.6484375 0.39375 0.0375 0.0484375
1 0.67578125 0.41015625 0.040625 0.0546875
1 0.66484375 0.3625 0.028125 0.0546875
1 0.703125 0.4390625 0.034375 0.0453125
1 0.6671875 0.44921875 0.034375 0.04375
1 0.653125 0.4796875 0.04375 0.053125
1 0.665625 0.51953125 0.034375 0.0453125
1 0.6953125 0.51328125 0.0375 0.0546875
1 0.71953125 0.50390625 0.034375 0.0515625