1 0.2953125 0.57734375 0.0859375 0.1125
1 0.5859375 0.3734375 0.059375 0.08125
1 0.58828125 0.5203125 0.0515625 0.109375
1 0.34453125 0.55546875 0.0421875 0.1109375
1 0.4125 0.53671875 0.0640625 0.0875
1 0.3734375 0.3375 0.05625 0.090625
1 0.47578125 0.37578125 0.078125 0.1125
1 0.50703125 0.6109375 0.04375 0.1109375
1 0.60234375 0.61796875 0.0578125 0.1203125
1 0.3125 0.7484375 0.0625 0.10625
1 0.29921875 0.49140625 0.0765625 0.121875
1 0.39765625 0.3875 0.065625 0.071875
1 0.65703125 0.60078125 0.05625 0.1125
1 0.421875 0.75078125 0.0546875 0.109375
1 0.3921875 0.67265625 0.05625 0.103125
1 0.43515625 0.6203125 0.06875 0.121875
1 0.5296875 0.88515625 0.0609375 0.1171875
1 0.45390625 0.41796875 0.075 0.1203125
1 0.54453125 0.3265625 0.06875 0.0609375
1 0.3328125 0.85859375 0.065625 0.115625
1 0.24140625 0.4359375 0.0625 0.0984375
1 0.24453125 0.68671875 0.0640625 0.075
1 0.559375 0.40703125 0.0609375 0.078125
1 0.4078125 0.27578125 0.065625 0.0859375
1 0.475 0.7203125 0.0671875 0.075
1 0.37578125 0.46875 0.046875 0.103125
1 0.52890625 0.49296875 0.05625 0.096875
1 0.4140625 0.465625 0.05625 0.090625
1 0.559375 0.49921875 0.05 0.096875
1 0.4875 0.5203125 0.046875 0.1