1 0.765625 0.22421875 0.01328125 0.025
1 0.7546875 0.2234375 0.01171875 0.025
1 0.76171875 0.23828125 0.01484375 0.02265625
1 0.7546875 0.25078125 0.0140625 0.02265625
1 0.76796875 0.25078125 0.01328125 0.02734375
1 0.77421875 0.26640625 0.0140625 0.025
1 0.7625 0.26875 0.01328125 0.025
1 0.76875 0.2859375 0.0140625 0.02734375
1 0.78515625 0.3546875 0.01171875 0.025
1 0.771875 0.3515625 0.01171875 0.025
1 0.7609375 0.35546875 0.01171875 0.0203125
1 0.76875 0.36484375 0.0109375 0.025
1 0.77421875 0.37890625 0.0109375 0.0203125
1 0.7546875 0.3671875 0.01015625 0.0203125
1 0.7625 0.37890625 0.01328125 0.0203125
1 0.76875 0.3921875 0.01171875 0.02265625
1 0.7578125 0.3921875 0.01171875 0.025
1 0.7515625 0.3796875 0.0109375 0.02265625
1 0.74375 0.39140625 0.01328125 0.02265625
1 0.74921875 0.409375 0.01171875 0.02265625
1 0.73828125 0.40625 0.0109375 0.01796875
1 0.74296875 0.41640625 0.01015625 0.025
1 0.7328125 0.41796875 0.0109375 0.02265625
1 0.47734375 0.42578125 0.065625 0.153125
1 0.39296875 0.30625 0.06171875 0.13984375
1 0.31171875 0.42890625 0.0828125 0.178125
1 0.18515625 0.69765625 0.071875 0.128125
1 0.12421875 0.50234375 0.07578125 0.153125
1 0.18828125 0.54609375 0.090625 0.22890625
1 0.125 0.6828125 0.090625 0.1921875
1 0.3015625 0.83984375 0.0796875 0.1828125
1 0.48984375 0.82578125 0.07265625 0.1671875
1 0.459375 0.57890625 0.11015625 0.2421875
1 0.35234375 0.61875 0.11484375 0.23125
1 0.25703125 0.67421875 0.10234375 0.2421875
1 0.4515625 0.30859375 0.09921875 0.28125
0 0.390625 0.0890625 0.1421875 0.16953125
0 0.3203125 0.23203125 0.09375 0.2953125
0 0.515625 0.234375 0.0671875 0.26796875
0 0.53828125 0.40703125 0.10234375 0.3046875
0 0.5484375 0.56640625 0.12734375 0.2515625
0 0.6171875 0.7046875 0.115625 0.3109375
0 0.53671875 0.778125 0.14375 0.22890625
0 0.4109375 0.78828125 0.13515625 0.2171875
0 0.3765625 0.709375 0.12421875 0.21953125
0 0.5046875 0.93203125 0.103125 0.1359375
0 0.44921875 0.921875 0.08515625 0.15546875
0 0.25703125 0.9515625 0.1546875 0.09609375
0 0.1671875 0.915625 0.1640625 0.1234375
0 0.196875 0.80625 0.15 0.16015625
0 0.365625 0.4828125 0.11484375 0.24453125
0 0.26484375 0.503125 0.1078125 0.21484375
1 0.38359375 0.92421875 0.121875 0.15078125
0 0.434375 0.1625 0.159375 0.1921875