0 0.753119675 0.2326201421875 0.7259730296875 0.3322218875 0.7504800687500001 0.39672151875 0.796363534375 0.428694109375 0.8547713796874999 0.413161059375 0.9021804953125001 0.37226655625 0.988009053125 0.3419784390625 0.99790228125 0.337292078125 0.9991508171874999 0.12268700156250001 0.8374795 0.1837646046875 0.753119675 0.2326201421875
0 0.7114139078124999 0.6220878062499999 0.7189351796875 0.55201953125 0.710317078125 0.50050699375 0.6595432437500001 0.4809087265625 0.6173068609375 0.4878680796875 0.56030319375 0.5020046265625 0.5029524484375 0.517738015625 0.407279078125 0.5528109828125001 0.334878340625 0.5972823921875 0.2939408578125 0.6793067500000001 0.2942148296875 0.7641534734375 0.34186565 0.7981236859374999 0.4228360390625 0.7901918218749999 0.4892732859375 0.75290345 0.659856959375 0.6871358640625 0.7114139078124999 0.6220878062499999
0 0.23459205625 0 0.084150546875 0.054298159375 0.066090409375 0.1323448875 0.05505084375 0.20340900781250001 0.0727553671875 0.2333665453125 0.12136661875000002 0.237591225 0.14212975625 0.23321295156250002 0.1775796953125 0.19670259375000002 0.25711378906250004 0.18018531875 0.37498659375 0.1493194921875 0.40295618749999995 0.08645182500000001 0.4087423453125 0.0243680578125 0.3942238078125 0 0.23459205625 0
0 0.824116146875 0.18954525 0.9714915843749999 0.1343430859375 0.9854521921874999 0.095422778125 0.9814150796875 0.0684154546875 0.7050827546875 0.028927803125000002 0.6473359890625 0.081223734375 0.6250473546875 0.15846916093750002 0.623094209375 0.2079782796875 0.6541781734375001 0.2371461984375 0.7207603828125 0.244776621875 0.7510214937499999 0.23721041875 0.7762794671875 0.20708170468749998 0.824116146875 0.18954525
0 0.3045540109375 0.3670787328125 0.341835621875 0.35252984375 0.3173930515625 0.3079941515625 0.3066768484375 0.26107190625 0.30511160312499996 0.2125586765625 0.338068078125 0.1672624921875 0.3783367375 0.1394521984375 0.246195625 0.17977877343749998 0.1459628609375 0.22063825937499998 0.09171039375 0.3234162375 0.10148226406250001 0.40507498281250004 0.1793941890625 0.43147902031249996 0.215287803125 0.4233176171875 0.242643871875 0.388598640625 0.3045540109375 0.3670787328125
0 0.37036056093749997 0.57075398125 0.45722997187500003 0.53567514375 0.54515655 0.5007967171875001 0.5630953 0.49422056249999996 0.5042115093749999 0.47142265156249996 0.4495079140625 0.43445315000000007 0.38989791875 0.4048670796875 0.3403232046875 0.3587157390625 0.27116997187499997 0.3890168703125 0.21467436874999998 0.45146629374999997 0.19233735937500002 0.5137387796875 0.20911371875 0.58342385625 0.2430058609375 0.609798796875 0.29194805 0.6074354703125 0.3235970828125 0.5934817359375 0.37036056093749997 0.57075398125
0 0 0.654106978125 0.0293630578125 0.6457915359374999 0.06578950312500001 0.58452673125 0.0726006140625 0.512661128125 0.0460599015625 0.4727159078125 0.006551265624999999 0.45192715000000006 0 0.4554370296875 0 0.654106978125
0 0 0.8791407984375 0.035736846875 0.874781490625 0.1416827453125 0.8582818171875 0.16329347968750002 0.789221096875 0.1676110875 0.7085698484375 0.1266177609375 0.664222825 0.0878191890625 0.6452314421875001 0.044146525 0.6436053203125 0 0.6556112 0 0.8791407984375
0 0.585294734375 0.49842770312500007 0.648923709375 0.463932353125 0.6860120671875001 0.3894917375 0.6766032234375 0.3112270265625 0.6193577718750001 0.2504988453125 0.5706337515625 0.211337328125 0.41930489375 0.13277886875 0.354570459375 0.152100878125 0.31034881875 0.1985874046875 0.3070722265625 0.2744479625 0.325583509375 0.336148625 0.3810294765625 0.384897328125 0.464670659375 0.440652025 0.585294734375 0.49842770312500007
0 0.7970875640624999 0.871094178125 0.8359753156249999 0.808633084375 0.8431012078125001 0.7251887531250001 0.823250121875 0.6848485796875 0.7749214765625 0.6590631203124999 0.7375547171875 0.6583873484375 0.6064198875 0.7152494640625 0.46993033281249996 0.7608762296875 0.41637195 0.86046045 0.40927827031249997 0.9538866531249999 0.45451236406250006 0.9892856953125 0.5533950921875 0.9869841750000001 0.7271964750000001 0.9293423953125 0.7970875640624999 0.871094178125
0 0.8779797078125 0.40259559375 0.8427069125 0.4940067734375 0.857748346875 0.5716762671875 0.90781199375 0.5894773265625 0.96909260625 0.59111506875 0.9852131015625 0.582531709375 0.9968194875 0.5234084046875 0.9979109078124999 0.3358091859375 0.9475559765625 0.3559262859375 0.8779797078125 0.40259559375