0 0.7572000890624999 0 0.6799995109375 0.0760635421875 0.6222487328125 0.15508887968750001 0.6382376937500001 0.255717671875 0.6874493187499999 0.30330825 0.7429906578125001 0.312812096875 0.7905150765625 0.2744972328125 0.8174313796874999 0.21803854375 0.8841911421875001 0.155045628125 0.9243446484375 0.10859343437499999 0.8954853437500001 0 0.7572000890624999 0
0 0.7442696328125 0.52166240625 0.7223338125 0.45570541562500005 0.6931449828125 0.41312301875 0.6381888 0.41675485312499994 0.602061315625 0.4406306375 0.555257746875 0.47710718906249994 0.5087918984375001 0.5151602390625001 0.4349148078125 0.586553696875 0.3863985859375 0.656654878125 0.3824098953125 0.7472841781249999 0.4176341265625 0.823234996875 0.47563058593749996 0.8337917171875 0.5471194859375 0.792869853125 0.5930903828125 0.731698459375 0.7234791015625001 0.6015068125 0.7442696328125 0.52166240625
0 0 0.437872459375 0.041013978125 0.4233476078125 0.0583795328125 0.41075238125 0.0760612046875 0.36321789843749996 0.14268535468750002 0.31519895625 0.23879275 0.23830735625 0.23870428906250002 0.1702670828125 0.21845745156250002 0.11219275 0.1715653234375 0.0806289875 0.1000160765625 0.11293295781249998 0 0.208639384375 0 0.437872459375
0 0.49060283125000004 0 0.46217991718749996 0.063534021875 0.47343956406250004 0.142091771875 0.4920424453125 0.1872923546875 0.5327637281250001 0.200461659375 0.5973826484375 0.1794995046875 0.622203503125 0.1600802109375 0.63310548125 0.12252275625 0.67004403125 0.0868260578125 0.758658703125 0 0.49060283125000004 0
0 0.263517740625 0.46293950937500006 0.2919424140625 0.43432866406250004 0.2510188484375 0.40460887031250004 0.2217848671875 0.36701778281249997 0.20034400937500002 0.32417919687499996 0.212102265625 0.2698094078125 0.2378188625 0.22806238437499998 0.13243728906250002 0.31939360156249996 0.056735643749999995 0.397878553125 0.049007540625 0.512673465625 0.09168698593749999 0.58180020625 0.1745043046875 0.572937659375 0.20428020156249999 0.55063279375 0.21522733437500002 0.5080840578125 0.263517740625 0.46293950937500006
0 0.408224321875 0.618055746875 0.47397048750000004 0.5503333125000001 0.5407753171875 0.4823491046875 0.5546272765625 0.46896285937500004 0.49086455312500005 0.473112696875 0.42512020625 0.4628121453125 0.3578891171875 0.46117962968750004 0.2930956734375 0.440505871875 0.2417372359375 0.4965473109375 0.21531587187499998 0.57612428125 0.22035945781250002 0.6412789640625001 0.26457080624999996 0.6967464171875 0.3067336359375 0.7062391953125 0.3509467890625 0.6836836 0.3744163328125 0.6579583171875 0.408224321875 0.618055746875
0 0.12431707031250001 0.8277179140625 0.132697284375 0.7575832703125001 0.10936498125 0.6903115140625 0.068396303125 0.665583209375 0.0233503453125 0.663443740625 0.01529865625 0.6737353984375 0.062403793750000006 0.8792606718749999 0.12431707031250001 0.8277179140625
0 0.3070894515625 0.9003772031249999 0.2778337734375 0.8262703171875 0.2217070203125 0.803630790625 0.178057475 0.8028061687499999 0.137065228125 0.8195848124999999 0.0639992734375 0.879157271875 0.09321578750000001 0.9980682328125001 0.2793613078125 0.9948190515625001 0.3156014984375 0.9713142765624999 0.3070894515625 0.9003772031249999
0 0.5768575828125 0.4634647140625 0.6213868640625 0.405969921875 0.6249475328125 0.323746746875 0.584002184375 0.257511175 0.5061183796875001 0.22697233749999998 0.444991359375 0.212209746875 0.27289331250000004 0.20497259531249998 0.2210893875 0.24932607031249998 0.19942087656250002 0.309467015625 0.2276631203125 0.378844340625 0.2701853484375 0.42642929687500003 0.34147014531250003 0.4469799265625 0.441674625 0.462037915625 0.5768575828125 0.4634647140625
0 0.9083487421875001 0.5591036921875 0.873393659375 0.5312279125 0.8181448921875001 0.5282918765625 0.7833664515625001 0.5432893437499999 0.6857294140625 0.6490245046875 0.5785176 0.7469231359374999 0.5701139609375 0.8585650093750001 0.6020720078124999 0.9452838703124999 0.6641845656250001 0.959443434375 0.7128795421875 0.9473998734375 0.8854824765625 0.790526284375 0.9260032078125 0.7091221296875 0.93616281875 0.6368872375 0.9083487421875001 0.5591036921875
0 0.9202072578125 0.11529971562500001 0.8525905921874999 0.184441953125 0.8075880468750001 0.2553341359375 0.812698403125 0.35201332343749997 0.8585988703125 0.4153632734375 0.9121585968750001 0.4104167921875 0.9694126671875001 0.3862959875 0.9807585624999999 0.3718695296875 0.9202072578125 0.11529971562500001