1 0.7206130027304745 0.20687372109974467 0.017342036104353475 0.02706260517284951
1 0.7096800479100143 0.20733672235338588 0.015779536104353654 0.027017141066226814
1 0.7183556111417309 0.22164927493981063 0.018895445745273777 0.025545569279472158
1 0.7137453791939077 0.2347941326199426 0.017332945745273776 0.02550010517284953
1 0.7270129936552883 0.23283682752623536 0.017360216822512698 0.03018760517284953
1 0.7356931020665446 0.24793063011266012 0.017342036104353475 0.02706260517284953
1 0.7247783279642437 0.25151863136630137 0.017342036104353475 0.02706260517284953
1 0.7334675267345796 0.26817493395272607 0.018922716822512696 0.03023306927947216
1 0.7604072766363837 0.3337915737653117 0.015779536104353474 0.027017141066226814
1 0.7471214814568439 0.3326238788590189 0.015779536104353474 0.027017141066226814
1 0.7369970477136226 0.33779711216597147 0.01418976502711473 0.022284176959604097
1 0.7464174995090207 0.34588239680570754 0.014217036104353476 0.026971676959604098
1 0.7535260175611974 0.35936823528550965 0.01418976502711473 0.022284176959604097
1 0.7323822705862595 0.3501607198461034 0.012627265027114731 0.022238712852981467
1 0.7425976079202771 0.36061248653915084 0.015752265027114732 0.022329641066226813
1 0.750482830792914 0.3733398070722643 0.015761355386194255 0.023892141066226814
1 0.7395544211519935 0.37458405832590547 0.015779536104353474 0.027017141066226814
1 0.7316782886384363 0.36341923779279206 0.014198855386194253 0.023846676959604095
1 0.7255010115110732 0.37573738136630136 0.017332945745273776 0.02550010517284953
1 0.734194755460949 0.3931749339527261 0.015761355386194255 0.023892141066226814
1 0.7224669151018694 0.391271453153056 0.014171584308955331 0.019159176959604098
1 0.7287714572563472 0.40082830957954674 0.014217036104353653 0.026971676959604098
1 0.7194146379745063 0.40368052493981066 0.014198855386194253 0.023846676959604095
1 0.46812939392643466 0.44401705377355893 0.08999880698520073 0.1635289540774929
1 0.3659532946885605 0.3355931368430847 0.08367608411256366 0.15084709765100213
1 0.30579756556940757 0.4681950366848001 0.11047493344863372 0.1922449874635877
1 0.22464405610143784 0.7509416890337981 0.09142495159900639 0.14013691818411544
1 0.13216968890958275 0.5646882887963712 0.09938289734428025 0.16536423871722886
1 0.20267763162979455 0.6003279235943919 0.12639991529826117 0.2442621285298145
1 0.16289348984465918 0.7436771068222022 0.12150333703942992 0.20818823620994636
1 0.36207185410964804 0.8767947983632827 0.10893970452587257 0.19688702335696498
1 0.5454156192349585 0.8391680808914476 0.09946471057599685 0.17942673871722895
1 0.475274794295777 0.5981051602000498 0.14836581888905725 0.260523626022532
1 0.37638329722264324 0.6514681894295095 0.1514362767345796 0.25123955423577743
1 0.29163156820168623 0.7185216456185733 0.14054422852997767 0.2587338054894186
1 0.42372943325224205 0.3310253087881239 0.1438964875069681 0.29788723370266396
0 0.32798916549465285 0.12046223033745171 0.16828743344863373 0.19392715940862687
0 0.2820004755049156 0.2714420571387713 0.14084421037960498 0.3102963054894186
0 0.47558684904148246 0.24895460635998373 0.10941240319801278 0.278137023356965
0 0.5257782674630016 0.41757422571859815 0.15028284289316235 0.3215065901291547
0 0.5618390081914235 0.5740659181176084 0.16718854176169415 0.2735691953020041
0 0.6516332820973327 0.7024386221951013 0.1643907946885605 0.3297282670887588
0 0.584159956667172 0.7856171835570147 0.1795703670936593 0.25362040815498565
0 0.4616764234896847 0.8117357511871341 0.16856014422102222 0.2408021594086268
0 0.41515997179248243 0.7377383100417652 0.15918514422102223 0.24052937476889086
0 0.5764752425751337 0.932410649379497 0.12431017447164336 0.13517870124100603
0 0.5201979714978948 0.9270184557268454 0.10873971662612103 0.14596308854630918
0 0.33606841119304454 0.9660916644231918 0.1676238372358217 0.06781667115361642
0 0.24143262206362892 0.9466453309579546 0.18189541549465282 0.10670933808409089
0 0.25338265533931204 0.8572287929530062 0.1744919816532356 0.18629651583511767
0 0.3677753908031767 0.514522118896396 0.1530714996072165 0.26378501834240015
0 0.27110946906200795 0.5476408442857899 0.1419612827847038 0.2337792695960413
1 0.45695308293421333 0.9320863889546558 0.14460449375348414 0.13582722209068834
0 0.3830584605759968 0.18767847406924554 0.1887453791939076 0.2195181927947217