0 0 0.24670318125000001 0.030771382812499998 0.26930357968749996 0.1107582375 0.31598410781249997 0.1496406703125 0.36599897187499997 0.205187003125 0.39267354062500004 0.258511346875 0.36933330937500003 0.2973937796875 0.30931543437500003 0.291839146875 0.20428423125 0.21740709531250002 0.139264915625 0 0.0057793421875 0 0.24670318125000001
0 0.638448315625 0.8244685593750001 0.6573341187499999 0.7394432531249999 0.6340046765625 0.649416534375 0.57068180625 0.5910658609375 0.48180767343750003 0.537716659375 0.42737225 0.511042090625 0.3729369109375 0.486034659375 0.3318325734375 0.47103017343750003 0.2762862421875 0.481033121875 0.256289528125 0.531047984375 0.24851307500000003 0.6027360093749999 0.2862845140625 0.6777583046875 0.44403614999999996 0.7761208328125 0.502915296875 0.826135696875 0.58290198125 0.8494759921874999 0.638448315625 0.8244685593750001
0 1 0.148944078125 0.8033070734375001 0.0322325625 0.725100628125 0.017562059375 0.685107284375 0.0609083453125 0.677330746875 0.1242604296875 0.691772828125 0.192614084375 0.803976403125 0.245963284375 0.880630359375 0.277639390625 0.9084035265624999 0.32098558125 0.928400240625 0.3293213921875 0.978391940625 0.334322865625 1 0.310739503125 1 0.148944078125
0 0.0960021078125 0 0.087428709375 0.022563565625 0.09298334375 0.06424261875000001 0.22962735625000003 0.14760072500000002 0.274064421875 0.17427529375 0.2929501421875 0.2092857046875 0.321834303125 0.222623021875 0.3907117203125 0.227624528125 0.42848324375 0.20428423125 0.43737060625 0.1542693671875 0.43181597343749994 0.07257842812500001 0.3850000265625 0.009166668749999999 0.1809159171875 0 0.0960021078125 0
0 0.93950950625 0.421015309375 0.9072926171875 0.307648296875 0.8150856703124999 0.247630421875 0.69055558125 0.182083334375 0.725100628125 0.217621515625 0.7484300703125 0.26930357968749996 0.73620989375 0.3176512453125 0.7151022703125001 0.362664634375 0.6806635609375 0.4026765515625 0.7151022703125001 0.424349646875 0.7728705078125 0.457692890625 0.7928671375 0.49770474218749994 0.827305846875 0.5127092281250001 0.911736340625 0.5010390796874999 0.93950950625 0.421015309375
0 0.7961999515625 0.5927329968749999 0.7873125046875 0.5260465109375 0.743986346875 0.45269141562500004 0.680833359375 0.40916666875 0.6206735046875 0.44602274218750004 0.55401790625 0.4643615 0.49069512031249995 0.4910361328125 0.426261340625 0.5027062796874999 0.442925240625 0.5127092281250001 0.5240229203125 0.5643912281250001 0.6040096046875 0.6160732921875 0.646224853125 0.647749334375 0.675108928125 0.66775529375 0.7239897187500001 0.6794255687499999 0.7639830609375 0.6594194828125 0.7961999515625 0.5927329968749999
0 1 0.5682783625 0.997277659375 0.5660584281250001 0.9528405921875001 0.5793958406249999 0.9172909734375001 0.6144060921875 0.9084035265624999 0.687761378125 0.9317329687499999 0.7561148734375001 1 0.7902759703125 1 0.5682783625
0 1 0.7914124515625 0.9172909734375001 0.7511134 0.8728539078124999 0.744444790625 0.8295277515624999 0.7561148734375001 0.7784251421875 0.792792453125 0.7650939703125 0.8744834234375001 0.7717595140625 0.9478385843750001 0.8750757265625 0.9845160999999999 0.9237851812500001 1 0.9967407906249999 1 1 0.88913525 1 0.7914124515625
0 0.7462082515625 0.25429909687499996 0.7117695421875 0.19928272656249998 0.6506685765625 0.167606653125 0.48069676406250006 0.217621515625 0.4229286109375 0.247630421875 0.3518292890625 0.2976452859375 0.325166946875 0.3743347828125 0.3462746546875 0.4560256890625 0.40293189687500003 0.5027062796874999 0.53735400625 0.4676958375 0.6340046765625 0.42768398437500005 0.7006602749999999 0.389339203125 0.7328770812500001 0.330988528125 0.7462082515625 0.25429909687499996
0 0.46650113125 1 0.48069676406250006 0.9928519109374999 0.4940278484375 0.8978237203124999 0.46181104375000004 0.78779104375 0.33405439375 0.716103021875 0.2141666921875 0.63416666875 0.1763028421875 0.627743440625 0.1218675046875 0.6444150609375 0.09298334375 0.681092578125 0.0818740765625 0.7661178843750001 0.10742542343749999 0.83613864375 0.1651935765625 0.9078266671874999 0.3303897453125 1 0.46650113125 1
0 0 0.5234804640624999 0.057433723437499994 0.5327151859375 0.11186906249999999 0.524379375 0.1440860359375 0.449357078125 0.1285329609375 0.3509944875 0.068542990625 0.29097667656250004 0 0.2470551546875 0 0.5234804640624999