1 0.71484375 0.55703125 0.0796875 0.10390625
1 0.44609375 0.36875 0.05546875 0.0765625
1 0.44296875 0.5046875 0.04765625 0.1015625
1 0.66953125 0.5375 0.0390625 0.103125
1 0.60625 0.51953125 0.059375 0.0796875
1 0.64296875 0.33515625 0.05234375 0.08359375
1 0.54765625 0.37109375 0.071875 0.10546875
1 0.51875 0.58828125 0.040625 0.103125
1 0.43046875 0.5953125 0.05390625 0.1109375
1 0.69921875 0.715625 0.0578125 0.09765625
1 0.71171875 0.478125 0.07109375 0.11171875
1 0.6203125 0.38203125 0.06171875 0.065625
1 0.38046875 0.57890625 0.053125 0.1046875
1 0.59765625 0.71796875 0.05078125 0.10078125
1 0.62578125 0.64609375 0.05234375 0.09609375
1 0.5859375 0.59765625 0.0640625 0.11171875
1 0.4984375 0.8421875 0.05703125 0.1078125
1 0.56796875 0.409375 0.06953125 0.1109375
1 0.484375 0.32578125 0.06328125 0.05625
1 0.68046875 0.81796875 0.0609375 0.10703125
1 0.76484375 0.4265625 0.0578125 0.09140625
1 0.76171875 0.65859375 0.059375 0.0703125
1 0.4703125 0.4 0.05703125 0.07265625
1 0.6109375 0.27890625 0.0609375 0.07890625
1 0.5484375 0.68984375 0.0625 0.06953125
1 0.640625 0.45703125 0.04296875 0.09453125
1 0.4984375 0.4796875 0.05234375 0.08984375
1 0.6046875 0.45390625 0.0515625 0.08359375
1 0.4703125 0.48515625 0.046875 0.090625
1 0.53671875 0.5046875 0.04375 0.09296875