1 0.7212866925323963 0.5953807688047923 0.09320709897381949 0.11304682028847228
1 0.4686298987450698 0.374772755602674 0.06439111474138884 0.0827047036472223
1 0.45457001158659766 0.5087477120996878 0.06028549620027786 0.10759560087368066
1 0.6777542448690977 0.570161910047327 0.05247299620027786 0.10741376291777768
1 0.616253047205799 0.5445248239912852 0.06918771751493065 0.08750130642076392
1 0.667539524220035 0.366128373478195 0.0630104526972918 0.09048083605604162
1 0.5697020894745142 0.38961846523381993 0.08543096656500015 0.1144274823325695
1 0.5231037656706603 0.6016995847248616 0.05403549620027803 0.10745013050895835
1 0.4347679642838894 0.5973010658231601 0.0683162017473613 0.11715243882958326
1 0.6928922016504521 0.7508852331855909 0.06958776101791671 0.10468880642076392
1 0.7241376291777781 0.5165836215783339 0.08557643692972228 0.1206774823325695
1 0.6412322505686809 0.41002319063253523 0.07042290919430556 0.07347517401194459
1 0.3858213180073616 0.5742986704965628 0.06660823138263901 0.11086607123840278
1 0.5911478636945493 0.7407088397588547 0.06341049620027786 0.10766833605604162
1 0.6254851896826047 0.6727952943560075 0.06486389342673604 0.10301720364722229
1 0.589110625378056 0.619633273554445 0.07772756933854179 0.11893314437666672
1 0.4820475802595493 0.8506085569894448 0.07136846656500015 0.11410017401194458
1 0.5870538968452086 0.43062532494121575 0.08397756933854161 0.119078614741389
1 0.5099082089655559 0.336692180564549 0.07020470364722228 0.0641001740119445
1 0.6655322274860076 0.8501942489531602 0.07449346656499997 0.11417290919430556
1 0.7816767190335421 0.47263490624760485 0.0694422906531944 0.09843880642076393
1 0.7596971887326742 0.7024672234019451 0.0674070119678472 0.07808993882958344
1 0.49050555195545176 0.40885746808361156 0.06588087955902786 0.0796160712384029
1 0.6403763057551739 0.30615330822371584 0.07071384992375015 0.0859751740119445
1 0.5442722104841673 0.7060422458190283 0.07049564437666689 0.07660017401194459
1 0.6555142625365281 0.4868766313619798 0.05541615824437507 0.09967399810013902
1 0.5119461004924309 0.4913433129733685 0.06315592306201409 0.09673083605604163
1 0.6194131083762157 0.47900892676482687 0.061447952697291794 0.09044446846486114
1 0.4830944018792017 0.49301426253652814 0.058468423062014094 0.09662173328249998
1 0.5477751509292712 0.521067833774931 0.05537979065319458 0.09811149810013901