1 0.153125 0.74296875 0.028125 0.0140625
1 0.1515625 0.73046875 0.028125 0.0125
1 0.16875 0.7390625 0.025 0.015625
1 0.18203125 0.73125 0.025 0.015625
1 0.18203125 0.7453125 0.03125 0.0140625
1 0.2 0.753125 0.028125 0.015625
1 0.203125 0.7390625 0.028125 0.0140625
1 0.221875 0.746875 0.03125 0.015625
1 0.2984375 0.7640625 0.028125 0.0125
1 0.29453125 0.75 0.028125 0.0125
1 0.3 0.7375 0.021875 0.0125
1 0.31015625 0.74609375 0.028125 0.0125
1 0.325 0.753125 0.021875 0.0125
1 0.3125 0.73046875 0.021875 0.0109375
1 0.325 0.7390625 0.021875 0.0140625
1 0.340625 0.74609375 0.025 0.0125
1 0.340625 0.734375 0.028125 0.0125
1 0.3265625 0.72734375 0.025 0.0125
1 0.3390625 0.71875 0.025 0.0140625
1 0.359375 0.725 0.025 0.0125
1 0.35625 0.7125 0.0203125 0.0125
1 0.3671875 0.71796875 0.028125 0.0109375
1 0.36875 0.70703125 0.025 0.0125
1 0.37734375 0.421875 0.171875 0.0734375
1 0.24453125 0.32890625 0.15625 0.06875
1 0.38125 0.23828125 0.2 0.0921875
1 0.68125 0.0984375 0.14375 0.0796875
1 0.46328125 0.0359375 0.171875 0.071875
1 0.51171875 0.10078125 0.25625 0.1
1 0.66328125 0.040625 0.2140625 0.08125
1 0.8390625 0.22734375 0.203125 0.0890625
1 0.82421875 0.4359375 0.1859375 0.08125
1 0.5484375 0.40234375 0.2703125 0.121875
1 0.59296875 0.28359375 0.2578125 0.128125
1 0.6546875 0.178125 0.2703125 0.1125
1 0.24765625 0.39375 0.3140625 0.109375
0 0.0484375 0.32578125 0.096875 0.1578125
0 0.16328125 0.24765625 0.3265625 0.1046875
0 0.16484375 0.46484375 0.2984375 0.075
0 0.35703125 0.490625 0.3390625 0.1125
0 0.534375 0.5015625 0.28125 0.140625
0 0.6890625 0.578125 0.346875 0.128125
0 0.7703125 0.4890625 0.25625 0.159375
0 0.78203125 0.34921875 0.2421875 0.15
0 0.69375 0.3109375 0.24375 0.1375
0 0.93359375 0.453125 0.1328125 0.1125
0 0.921875 0.39140625 0.15625 0.09375
0 0.95546875 0.17734375 0.0890625 0.171875
0 0.9234375 0.084375 0.1375 0.16875
0 0.80234375 0.1109375 0.178125 0.165625
0 0.44140625 0.2984375 0.271875 0.128125
0 0.4640625 0.1859375 0.240625 0.1203125
1 0.92421875 0.31796875 0.1515625 0.1359375
0 0.0953125 0.37421875 0.190625 0.1765625