1 0.54453125 0.7234375 0.1078125 0.0828125
1 0.3484375 0.44453125 0.078125 0.0578125
1 0.4890625 0.4421875 0.10625 0.05
1 0.5234375 0.67734375 0.10625 0.040625
1 0.5046875 0.6109375 0.0828125 0.0625
1 0.31328125 0.64921875 0.0875 0.0546875
1 0.35 0.55 0.109375 0.075
1 0.5765625 0.5203125 0.10625 0.0421875
1 0.58359375 0.42890625 0.115625 0.05625
1 0.70859375 0.70703125 0.1015625 0.059375
1 0.46171875 0.7203125 0.115625 0.075
1 0.36171875 0.625 0.06875 0.0640625
1 0.56640625 0.3765625 0.109375 0.0546875
1 0.7109375 0.60234375 0.1046875 0.053125
1 0.6359375 0.63125 0.1 0.053125
1 0.5859375 0.58984375 0.115625 0.065625
1 0.83984375 0.49921875 0.1125 0.059375
1 0.390625 0.571875 0.115625 0.071875
1 0.303125 0.484375 0.059375 0.065625
1 0.81484375 0.6875 0.1125 0.0640625
1 0.40859375 0.77578125 0.09375 0.059375
1 0.65 0.77265625 0.0734375 0.0625
1 0.38046875 0.4703125 0.075 0.059375
1 0.2546875 0.615625 0.08125 0.0625
1 0.68203125 0.5515625 0.071875 0.065625
1 0.43984375 0.646875 0.0984375 0.0453125
1 0.46328125 0.49921875 0.09375 0.0546875
1 0.43671875 0.609375 0.0875 0.053125
1 0.46953125 0.4703125 0.09375 0.05
1 0.4890625 0.5390625 0.096875 0.0453125