1 0.80859375 0.23515625 0.0140625 0.0265625
1 0.796875 0.234375 0.0125 0.0265625
1 0.8046875 0.25 0.015625 0.025
1 0.796875 0.26328125 0.015625 0.025
1 0.8109375 0.26328125 0.0140625 0.028125
1 0.81796875 0.28046875 0.015625 0.0265625
1 0.80546875 0.2828125 0.0140625 0.0265625
1 0.81171875 0.30078125 0.015625 0.028125
1 0.82890625 0.3734375 0.0125 0.0265625
1 0.815625 0.3703125 0.0125 0.0265625
1 0.80390625 0.375 0.0125 0.021875
1 0.81171875 0.384375 0.0125 0.0265625
1 0.81796875 0.39921875 0.0125 0.021875
1 0.796875 0.3875 0.0109375 0.021875
1 0.80546875 0.39921875 0.0140625 0.021875
1 0.81171875 0.4140625 0.0125 0.025
1 0.80078125 0.4140625 0.0125 0.0265625
1 0.79375 0.40078125 0.0125 0.025
1 0.7859375 0.4125 0.0140625 0.025
1 0.79140625 0.43203125 0.0125 0.025
1 0.7796875 0.428125 0.0125 0.01875
1 0.784375 0.4390625 0.0109375 0.0265625
1 0.77421875 0.440625 0.0125 0.025
1 0.50234375 0.44921875 0.0703125 0.1625
1 0.41328125 0.32265625 0.065625 0.1484375
1 0.3265625 0.45234375 0.0875 0.1890625
1 0.19296875 0.7375 0.0765625 0.1359375
1 0.12734375 0.53046875 0.08125 0.1625
1 0.1953125 0.5765625 0.096875 0.24375
1 0.128125 0.721875 0.096875 0.203125
1 0.315625 0.88828125 0.084375 0.19375
1 0.515625 0.8734375 0.078125 0.178125
1 0.4828125 0.61171875 0.115625 0.25625
1 0.3703125 0.65390625 0.121875 0.2453125
1 0.26875 0.7125 0.109375 0.25625
1 0.475 0.325 0.10625 0.2984375
0 0.41015625 0.0921875 0.15 0.1796875
0 0.33515625 0.24375 0.1 0.3125
0 0.54296875 0.24609375 0.071875 0.284375
0 0.5671875 0.4296875 0.109375 0.321875
0 0.578125 0.5984375 0.134375 0.2671875
0 0.6515625 0.7453125 0.1234375 0.33125
0 0.565625 0.82265625 0.153125 0.24375
0 0.43203125 0.83359375 0.14375 0.23125
0 0.3953125 0.75 0.13125 0.2328125
0 0.53125 0.95703125 0.109375 0.0859375
0 0.471875 0.94609375 0.090625 0.1078125
0 0.26796875 0.978125 0.165625 0.04375
0 0.17265625 0.9515625 0.175 0.096875
0 0.2046875 0.853125 0.159375 0.16875
0 0.38359375 0.509375 0.121875 0.259375
0 0.2765625 0.53125 0.115625 0.228125
1 0.40234375 0.94921875 0.1296875 0.1015625
0 0.45703125 0.16953125 0.16875 0.203125