1 0.5359375 0.81796875 0.103125 0.06875
1 0.59765625 0.76953125 0.0921875 0.075
1 0.5125 0.7625 0.103125 0.08125
1 0.44140625 0.77734375 0.0921875 0.071875
1 0.371875 0.753125 0.1078125 0.078125
1 0.2765625 0.7625 0.1140625 0.075
1 0.25703125 0.70546875 0.11875 0.0703125
1 0.3140625 0.65078125 0.1 0.0625
1 0.37734375 0.68828125 0.096875 0.075
1 0.44921875 0.7109375 0.103125 0.06875
1 0.54375 0.7046875 0.096875 0.078125
1 0.6109375 0.6796875 0.1 0.075
1 0.634375 0.6171875 0.0921875 0.078125
1 0.5734375 0.575 0.096875 0.078125
1 0.584375 0.5125 0.0875 0.0703125
1 0.5125 0.5359375 0.0921875 0.0703125
1 0.496875 0.59375 0.0921875 0.0703125
1 0.5109375 0.653125 0.096875 0.071875
1 0.4234375 0.64375 0.1 0.084375
1 0.415625 0.57890625 0.096875 0.075
1 0.33125 0.58515625 0.103125 0.0796875
1 0.3625 0.51015625 0.109375 0.078125
1 0.446875 0.52109375 0.08125 0.065625
1 0.3234375 0.36796875 0.103125 0.078125
1 0.37265625 0.41796875 0.1125 0.0734375
1 0.43203125 0.46015625 0.1 0.065625
1 0.534375 0.46015625 0.096875 0.065625
1 0.6046875 0.4328125 0.096875 0.075
1 0.678125 0.4171875 0.078125 0.075
1 0.55078125 0.39140625 0.0875 0.075
1 0.48046875 0.41875 0.0921875 0.084375
1 0.4203125 0.375 0.1 0.08125
1 0.40234375 0.1984375 0.096875 0.075
1 0.4 0.31640625 0.109375 0.075
1 0.62734375 0.33359375 0.0921875 0.06875
1 0.596875 0.21328125 0.0921875 0.0703125
1 0.53828125 0.1625 0.09375 0.06875
1 0.49765625 0.21171875 0.096875 0.078125
1 0.51953125 0.26875 0.09375 0.075
1 0.43359375 0.26015625 0.096875 0.071875
1 0.55078125 0.32734375 0.090625 0.065625
1 0.6046875 0.27421875 0.09375 0.06875
1 0.4765625 0.32890625 0.0859375 0.078125