1 0.540625 0.20625 0.109375 0.071875
1 0.60546875 0.2578125 0.096875 0.08125
1 0.515625 0.26484375 0.1078125 0.0859375
1 0.43984375 0.24921875 0.096875 0.075
1 0.36640625 0.275 0.1140625 0.08125
1 0.265625 0.26484375 0.1203125 0.078125
1 0.24453125 0.325 0.1265625 0.075
1 0.3046875 0.38359375 0.10625 0.065625
1 0.37265625 0.34296875 0.103125 0.078125
1 0.4484375 0.31953125 0.1078125 0.0734375
1 0.5484375 0.3265625 0.103125 0.08125
1 0.61953125 0.353125 0.10625 0.078125
1 0.64453125 0.41953125 0.096875 0.0828125
1 0.5796875 0.46328125 0.1015625 0.08125
1 0.59140625 0.5296875 0.09375 0.075
1 0.515625 0.5046875 0.096875 0.075
1 0.49921875 0.44375 0.096875 0.075
1 0.51328125 0.38125 0.1015625 0.075
1 0.42109375 0.390625 0.10625 0.090625
1 0.4125 0.459375 0.1015625 0.078125
1 0.3234375 0.45234375 0.109375 0.084375
1 0.35703125 0.5328125 0.115625 0.08125
1 0.44609375 0.52109375 0.084375 0.0703125
1 0.315625 0.68203125 0.1078125 0.0828125
1 0.3671875 0.6296875 0.11875 0.078125
1 0.43046875 0.58515625 0.10625 0.06875
1 0.53828125 0.58515625 0.103125 0.0703125
1 0.61328125 0.6140625 0.103125 0.078125
1 0.690625 0.63046875 0.0828125 0.08125
1 0.55625 0.6578125 0.09375 0.078125
1 0.48125 0.62890625 0.096875 0.0875
1 0.41796875 0.675 0.10625 0.0875
1 0.3984375 0.86171875 0.1015625 0.08125
1 0.39609375 0.73671875 0.115625 0.078125
1 0.63671875 0.71875 0.096875 0.0734375
1 0.6046875 0.84609375 0.096875 0.075
1 0.5421875 0.9 0.1 0.0734375
1 0.5 0.8484375 0.1015625 0.0828125
1 0.52265625 0.7875 0.1 0.08125
1 0.43125 0.796875 0.103125 0.075
1 0.55625 0.725 0.0953125 0.06875
1 0.61328125 0.78203125 0.1 0.071875
1 0.47734375 0.7234375 0.090625 0.0828125