1 0.6257867305509806 0.35004128874917806 0.06191350180902226 0.04912839067472685
1 0.5851683746035153 0.31989925541054187 0.05870661465389269 0.04752952800763603
1 0.5543997314554916 0.37341460673931487 0.0635578889641522 0.05070907200827239
1 0.5161251255080265 0.3432998454009969 0.06520227611928178 0.052289753341817756
1 0.5496469544316988 0.2976242660725421 0.06035100180902227 0.04911020934118149
1 0.48122118102595035 0.3179089467297699 0.06347600180902227 0.049146572008272396
1 0.5157699214150119 0.2769299580680878 0.06018722749876275 0.045985209341181485
1 0.48255130766563054 0.2539009907304061 0.06339411465389269 0.047584072008272395
1 0.3332096426937383 0.8010470687062256 0.03280585594746528 0.03005112667090879
1 0.3124810628655549 0.8226675300365892 0.03124335594746528 0.030032945337363514
1 0.291094063770066 0.8466226507001803 0.03272396879233561 0.0284886266709087
1 0.3417934266149363 0.8456510440404073 0.03617651741285446 0.03477498933799979
1 0.32110579036431763 0.8680527553707711 0.03132524310259503 0.03159544533736351
1 0.29967784769126393 0.8912266260343621 0.029762743102595034 0.031577264003817974
1 0.37266829036431764 0.8686527393777708 0.03132524310259503 0.03159544533736351
1 0.3511994041136991 0.8910453600413618 0.032887743102595034 0.0316136266709087
1 0.32894926786308043 0.9134288900381801 0.03296963025772479 0.033176126670908704
1 0.2712286210970123 0.8698147026973168 0.028036468792335522 0.02843408267027243