1 0.58515625 0.3296875 0.05390625 0.04140625
1 0.5421875 0.30546875 0.0515625 0.03984375
1 0.51640625 0.36328125 0.05625 0.0421875
1 0.47578125 0.3390625 0.05625 0.04375
1 0.5046875 0.2890625 0.053125 0.0421875
1 0.4390625 0.31953125 0.05546875 0.040625
1 0.46953125 0.2734375 0.05234375 0.03828125
1 0.43515625 0.25546875 0.05546875 0.0390625
1 0.33515625 0.8234375 0.028125 0.02578125
1 0.31640625 0.8484375 0.0265625 0.0265625
1 0.296875 0.87578125 0.028125 0.025
1 0.34765625 0.8671875 0.0296875 0.03046875
1 0.32890625 0.8921875 0.02578125 0.02734375
1 0.309375 0.91875 0.025 0.02734375
1 0.3796875 0.88515625 0.02578125 0.02734375
1 0.36015625 0.9109375 0.02734375 0.02734375
1 0.340625 0.93671875 0.028125 0.02890625
1 0.2796875 0.9015625 0.02265625 0.02578125