1 0.3171875 0.5296875 0.21796875 0.32734375
1 0.31015625 0.27578125 0.2984375 0.23046875
0 0.625 0.6890625 0.1984375 0.209375
1 0.81640625 0.1265625 0.1734375 0.253125
1 0.53359375 0.2875 0.21328125 0.2859375
1 0.72734375 0.33515625 0.18359375 0.26875
1 0.68515625 0.88671875 0.1265625 0.209375
1 0.86640625 0.33203125 0.153125 0.24765625
1 0.684375 0.0828125 0.13828125 0.16484375
1 0.37890625 0.1046875 0.23359375 0.209375
1 0.4984375 0.50859375 0.1703125 0.27734375
1 0.6203125 0.19453125 0.146875 0.2125
1 0.146875 0.4453125 0.16171875 0.28046875
1 0.2015625 0.109375 0.16640625 0.215625
1 0.3953125 0.87734375 0.16171875 0.24453125
1 0.3890625 0.41171875 0.1453125 0.19140625
1 0.59765625 0.93984375 0.1453125 0.11796875
1 0.9515625 0.8953125 0.096875 0.209375
1 0.0578125 0.8875 0.115625 0.225
1 0.43984375 0.69453125 0.1234375 0.17421875
1 0.25 0.7125 0.18671875 0.41328125
1 0.76640625 0.525 0.1796875 0.20625
1 0.6390625 0.51015625 0.1484375 0.23046875
1 0.15546875 0.81875 0.19296875 0.3625
1 0.52265625 0.8125 0.16328125 0.25625
1 0.484375 0.95078125 0.140625 0.0984375
1 0.06953125 0.09609375 0.13828125 0.19140625
1 0.9484375 0.5203125 0.09296875 0.2890625
0 0.84921875 0.61171875 0.16328125 0.3421875
1 0.93671875 0.1328125 0.1265625 0.265625
0 0.8296875 0.95859375 0.13984375 0.0828125
1 0.03203125 0.1046875 0.06328125 0.209375
1 0.03515625 0.759375 0.0703125 0.22109375
1 0.059375 0.5515625 0.11796875 0.35703125
0 0.0953125 0.26875 0.18984375 0.259375
1 0.52734375 0.09765625 0.1296875 0.19453125
1 0.9109375 0.021875 0.071875 0.04375
1 0.9609375 0.30234375 0.078125 0.2859375
1 0.8921875 0.77890625 0.16328125 0.3625
0 0.7625 0.77890625 0.1046875 0.3453125
0 0.2890625 0.94375 0.13203125 0.11171875
0 0.9796875 0.7578125 0.03984375 0.16484375