1 0.18359375 0.60625 0.14375 0.159375
1 0.47109375 0.20625 0.165625 0.15625
1 0.603125 0.36171875 0.15 0.15625
1 0.790625 0.66171875 0.121875 0.1375
1 0.49921875 0.64921875 0.14375 0.1375
1 0.59453125 0.8484375 0.1375 0.134375
1 0.66171875 0.4609375 0.146875 0.146875
1 0.56953125 0.76015625 0.121875 0.125
1 0.1375 0.403125 0.1375 0.146875
1 0.24375 0.1 0.1625 0.15
1 0.15390625 0.21484375 0.159375 0.1515625
1 0.6109375 0.53515625 0.1375 0.134375
1 0.46328125 0.74140625 0.14375 0.15
1 0.79140625 0.2875 0.15625 0.153125
1 0.90625 0.68046875 0.1390625 0.1390625
1 0.06015625 0.6734375 0.1203125 0.1375
1 0.94609375 0.31875 0.1078125 0.15625
1 0.42109375 0.5625 0.146875 0.128125
1 0.51171875 0.4703125 0.146875 0.15
1 0.46796875 0.83125 0.146875 0.125
1 0.3984375 0.32734375 0.140625 0.1375
1 0.35078125 0.6140625 0.146875 0.14375
1 0.31796875 0.6984375 0.115625 0.1109375
1 0.68359375 0.70390625 0.1171875 0.125
1 0.3921875 0.490625 0.140625 0.1
1 0.41953125 0.42109375 0.1375 0.103125
1 0.70390625 0.56796875 0.125 0.128125
1 0.2734375 0.4703125 0.1421875 0.13125
1 0.51328125 0.5796875 0.125 0.121875
1 0.228125 0.684375 0.121875 0.1171875
1 0.26484375 0.590625 0.103125 0.128125
1 0.30546875 0.53359375 0.1171875 0.1375
1 0.2375 0.35546875 0.1171875 0.14375
1 0.3796875 0.26953125 0.1375 0.1328125
1 0.8796875 0.34921875 0.115625 0.11875
1 0.59375 0.6625 0.11875 0.1375
1 0.51640625 0.39453125 0.103125 0.1
1 0.3890625 0.67578125 0.134375 0.13125
1 0.30703125 0.38125 0.1375 0.1375