1 0.7188568955520663 0.7635776247612684 0.17816576708875864 0.16451812802354446
1 0.2944837181967508 0.5922896867043164 0.1803193004748537 0.18484880935708964
1 0.3986674498543507 0.4419907893857248 0.1783476235152496 0.1707681280235444
1 0.6176745479675712 0.2118054920830416 0.1524838054894186 0.14078972668681725
1 0.6784147858268703 0.47414240742358676 0.15771687476889085 0.15959427068745366
1 0.8301554790838104 0.3478264501113585 0.15441001834240006 0.15330790802036268
1 0.47150790478977334 0.3686447433959062 0.16883623119538155 0.16597154002227174
1 0.7586812958560001 0.3876060181014953 0.1415008413827959 0.13909995735199915
1 0.5502864034696252 0.8483055187380423 0.1638304824490227 0.1549794960216353
1 0.25652203160372816 0.8175527686982711 0.17388744404836293 0.17852608402290793
1 0.38076952533552205 0.8736675033815887 0.1754044799417403 0.17698176535645338
1 0.550473990762293 0.3984600600731784 0.15445548244902269 0.15487040802036267
1 0.7678182666265404 0.4868974934356771 0.1703532670887588 0.1644272213558171
1 0.28644493151195066 0.2891737773710892 0.17535901583511757 0.17541926535645347
1 0.6044040066639176 0.10465606341499625 0.1576259465556454 0.1564692706874536
1 0.809266598375918 0.8645957794398133 0.15431909012915454 0.15018290802036277
1 0.27077916442319183 0.12654650803627104 0.17839308762187223 0.17233062802354437
1 0.6216085078510518 0.5617327667488599 0.15151233887551357 0.16108404535327167
1 0.5167331397460786 0.5003765487348606 0.1703532670887588 0.1644272213558171
1 0.8460198229738889 0.4635969007797221 0.14838733887551347 0.16104768268618094
1 0.41979360675569516 0.6312351027211793 0.1576259465556454 0.15646927068745348
1 0.6840008592629776 0.6124418387571322 0.165665767088759 0.16437267735518085
1 0.7671543400626477 0.6251241994350408 0.12872805674305976 0.12957950668363552
1 0.6803313238318187 0.29844297342454124 0.14136444906292792 0.13441245735199914
1 0.5650008066765528 0.6024663074076784 0.12458612602253201 0.14827496268299925
1 0.4967820040901281 0.5930816693984515 0.12766566191590928 0.14674882535009015
1 0.5556950366848001 0.3094884667409057 0.1446713054894186 0.14069882001909004
1 0.5767997761934518 0.7127225547421784 0.15293844655564542 0.15641472668681722
1 0.6136392319868044 0.47573163208145086 0.13993834138279587 0.1390817760184536
1 0.7757912056603384 0.7072281747692226 0.13520537727617316 0.13746473201781734
1 0.6840439748606684 0.694445816756814 0.14100073620994635 0.12191245735199914
1 0.6240097453146395 0.6710986760820872 0.15078491316955062 0.13608404535327184
1 0.4831467160851798 0.7686447433959062 0.1586883413827959 0.13929995202099904
1 0.37300117478152606 0.6603680720480433 0.15284751834240015 0.15328972668681723
1 0.3189415312745238 0.19817660737586168 0.13497805674305985 0.12965223201781734
1 0.6657125458560001 0.3865242287555414 0.15239287727617318 0.13766472668681723
1 0.44990935259906006 0.5120947513924063 0.1158188797834558 0.1153715560152719
1 0.7287306860642973 0.5661031880967229 0.15119409012915472 0.15014654535327185
1 0.48978550950040434 0.7015572407304062 0.15753501834239997 0.1533442706874535