1 0.6128807852799942 0.77900818472518 0.16378361827193721 0.1446590359079618
1 0.2374181970840678 0.5515750937769252 0.16328565128862396 0.16496244554888229
1 0.3756286052700967 0.41799900361423725 0.16254866689245623 0.15089994554888211
1 0.6444173060837508 0.22196329918656055 0.14084408525525038 0.12421927088084717
1 0.6421742961341282 0.4883013714934634 0.1433892311168073 0.14297836123992677
1 0.8209754047951268 0.38494859163562584 0.13993668249628827 0.13671018052176748
1 0.46401939789772195 0.3557848290443981 0.15457239258219674 0.14772949375348404
1 0.7413354924252266 0.4143093595896067 0.12982469810012062 0.12259313836728972
1 0.4277378233850637 0.8394422115579555 0.15087418249628842 0.13677381303532457
1 0.14643026967616207 0.7676637020899857 0.1583524898232347 0.16024767447164337
1 0.25508157338506376 0.8404466962362532 0.15983310266810494 0.15869426483072288
1 0.5345465818643484 0.3959871273471959 0.1415810696514182 0.13828177088084717
1 0.7267606580744872 0.5135826517440845 0.15597111827193721 0.14461358411256367
1 0.3015370872914153 0.25207454264545703 0.15966932835784542 0.1555692648307229
1 0.6570578262101389 0.11489114257070228 0.1447060696514182 0.13829995159900635
1 0.6780377165330873 0.8918758233870573 0.14125352103089917 0.13203177088084744
1 0.32489710142490946 0.08948818423420066 0.16263055404758592 0.15246244554888216
1 0.5653827448000757 0.5676303231906656 0.13574050542706698 0.14605790944452862
1 0.47716677182386863 0.49238540437636313 0.15605300542706696 0.14617608411256383
1 0.8093651181603956 0.5021679078924045 0.13417800542706715 0.14604881908544912
1 0.3508355659218319 0.6079291120254936 0.14322545680654794 0.1398533612399266
1 0.61465572648271 0.6259195461614985 0.15136550542706678 0.14614881303532493
1 0.6930739755781989 0.649674687848438 0.11691526232447202 0.11470791549465283
1 0.6855568831984009 0.31622638359371186 0.12957903663473136 0.1179056383672898
1 0.5004637516974807 0.5992484827333902 0.11024918249628843 0.13653746369925485
1 0.43586234113660255 0.580099027814734 0.11329229534115867 0.1349931444174139
1 0.5609253753964848 0.30992236232008125 0.13303158525525038 0.12417381908544903
1 0.48609695726083313 0.7094547297083281 0.13853795680654796 0.13982609016268804
1 0.5785212319097769 0.4808615762157277 0.12678158525525038 0.12413745764913067
1 0.6825248999338869 0.7317422992847564 0.12357469810012063 0.12255677693097126
1 0.5955947879935278 0.7064746545727548 0.13048643939369348 0.10541472872636941
1 0.5418047246736877 0.6747661123200812 0.14059842378986112 0.11953177088084707
1 0.3808019476498948 0.7514609434075828 0.14841092378986112 0.11957722267624522
1 0.29816758932758025 0.629322843875121 0.13837418249628844 0.13670109016268786
1 0.35439649366842196 0.16741774151398886 0.12316526232447193 0.1147442769309713
1 0.6506662268213942 0.40077864559576437 0.14216092378986112 0.11954086123992677
1 0.40833488466873896 0.4943478801758662 0.10540455223856356 0.10370678298109545
1 0.6698279053609537 0.5865479739527915 0.13821040818602892 0.13357609016268804
1 0.4029502645877794 0.6865081090986275 0.14462418249628844 0.13673745159900647