1 0.384375 0.825 0.153125 0.1375
1 0.76875 0.5484375 0.15 0.159375
1 0.6203125 0.421875 0.15 0.14375
1 0.33125 0.2421875 0.13125 0.11875
1 0.34296875 0.521875 0.13125 0.1375
1 0.15234375 0.43046875 0.128125 0.13125
1 0.52421875 0.365625 0.140625 0.140625
1 0.23671875 0.45390625 0.11875 0.11875
1 0.5796875 0.86953125 0.140625 0.13125
1 0.87109375 0.7671875 0.14375 0.15625
1 0.7609375 0.85390625 0.1453125 0.153125
1 0.453125 0.41484375 0.1296875 0.1328125
1 0.25546875 0.55625 0.14375 0.1390625
1 0.690625 0.240625 0.146875 0.15
1 0.31328125 0.13046875 0.1328125 0.134375
1 0.3203125 0.94296875 0.13125 0.1140625
1 0.66171875 0.071875 0.1515625 0.14375
1 0.4265625 0.596875 0.1234375 0.140625
1 0.515625 0.51015625 0.14375 0.140625
1 0.16875 0.5515625 0.121875 0.140625
1 0.653125 0.61875 0.13125 0.134375
1 0.37734375 0.6640625 0.1390625 0.140625
1 0.29609375 0.69609375 0.10625 0.1125
1 0.29140625 0.34453125 0.121875 0.1125
1 0.49609375 0.625 0.096875 0.134375
1 0.5625 0.5984375 0.1 0.1328125
1 0.421875 0.32578125 0.121875 0.11875
1 0.51484375 0.7390625 0.125 0.1375
1 0.41015625 0.5078125 0.1171875 0.11875
1 0.309375 0.78203125 0.1125 0.11875
1 0.39921875 0.746875 0.1234375 0.1
1 0.4546875 0.7078125 0.13125 0.1125
1 0.62578125 0.77265625 0.1390625 0.1125
1 0.7078125 0.63671875 0.128125 0.1328125
1 0.63203125 0.15625 0.1140625 0.109375
1 0.33046875 0.43125 0.1328125 0.1140625
1 0.58828125 0.50546875 0.096875 0.1
1 0.31796875 0.62734375 0.125 0.1296875
1 0.60078125 0.70625 0.1328125 0.13125