1 0.50703125 0.14453125 0.11015625 0.12890625
1 0.41640625 0.13359375 0.11328125 0.1421875
1 0.703125 0.2359375 0.11640625 0.1375
1 0.1703125 0.9 0.1203125 0.16015625
1 0.64296875 0.12890625 0.11015625 0.13359375
1 0.45 0.5359375 0.11015625 0.1375
1 0.21484375 0.4359375 0.11328125 0.15546875
1 0.396875 0.684375 0.103125 0.1421875
1 0.2484375 0.9265625 0.1203125 0.146875
1 0.53515625 0.4375 0.11015625 0.1375
1 0.771875 0.50703125 0.11328125 0.1421875
1 0.525 0.58203125 0.11640625 0.146875
1 0.4765625 0.746875 0.1203125 0.1375
1 0.3015625 0.5734375 0.1203125 0.1421875
1 0.23515625 0.25078125 0.1234375 0.1375
1 0.7453125 0.39296875 0.1234375 0.15078125
1 0.5984375 0.7890625 0.1265625 0.15546875
1 0.93203125 0.5375 0.1 0.13359375
1 0.29140625 0.4640625 0.10703125 0.13359375
1 0.46796875 0.23359375 0.11640625 0.13359375
1 0.33984375 0.3 0.11328125 0.12421875
1 0.41640625 0.3796875 0.10703125 0.12890625
1 0.23515625 0.153125 0.1203125 0.1203125
1 0.58984375 0.20859375 0.1203125 0.1375
1 0.5046875 0.32890625 0.11328125 0.13359375
1 0.2796875 0.3578125 0.08671875 0.1203125
1 0.61328125 0.31328125 0.11328125 0.1421875
1 0.35 0.20703125 0.11328125 0.115625
1 0.19296875 0.346875 0.10703125 0.10703125
1 0.578125 0.0359375 0.08984375 0.07109375
1 0.94296875 0.853125 0.10703125 0.146875
1 0.3953125 0.47109375 0.11640625 0.15078125
1 0.3765625 0.58203125 0.10703125 0.12421875
1 0.33828125 0.4 0.09296875 0.12421875
1 0.478125 0.65546875 0.1203125 0.115625
1 0.978125 0.50859375 0.04296875 0.115625
1 0.4734375 0.43125 0.0796875 0.12890625