1 0.14296875 0.496875 0.13125 0.1125
1 0.13203125 0.58828125 0.1453125 0.115625
1 0.23671875 0.29609375 0.140625 0.11875
1 0.915625 0.83984375 0.1625 0.1234375
1 0.12734375 0.35703125 0.1375 0.1125
1 0.54296875 0.5546875 0.140625 0.1125
1 0.440625 0.79453125 0.159375 0.115625
1 0.6953125 0.60859375 0.1453125 0.10625
1 0.93359375 0.7625 0.1328125 0.121875
1 0.44296875 0.46796875 0.140625 0.1125
1 0.51328125 0.2265625 0.1453125 0.115625
1 0.590625 0.478125 0.15 0.11875
1 0.759375 0.52734375 0.140625 0.121875
1 0.58203125 0.70546875 0.1453125 0.121875
1 0.25234375 0.7734375 0.140625 0.1265625
1 0.39765625 0.253125 0.1546875 0.125
1 0.80234375 0.403125 0.159375 0.128125
1 0.5453125 0.06328125 0.1375 0.103125
1 0.4703125 0.715625 0.1375 0.109375
1 0.234375 0.5359375 0.1375 0.11875
1 0.30234375 0.66640625 0.128125 0.115625
1 0.384375 0.58828125 0.13125 0.109375
1 0.15234375 0.7734375 0.121875 0.1234375
1 0.209375 0.41171875 0.140625 0.121875
1 0.33203125 0.4984375 0.1375 0.115625
1 0.36171875 0.728125 0.121875 0.0875
1 0.315625 0.3875 0.1453125 0.115625
1 0.20703125 0.65625 0.11875 0.115625
1 0.35 0.81640625 0.109375 0.109375
1 0.034375 0.4234375 0.06875 0.0921875
1 0.865625 0.053125 0.15 0.10625
1 0.47734375 0.61015625 0.1546875 0.11875
1 0.590625 0.62890625 0.128125 0.109375
1 0.4046875 0.66875 0.128125 0.0953125
1 0.665625 0.52578125 0.11875 0.121875
1 0.51328125 0.01875 0.11875 0.0375
1 0.43671875 0.53046875 0.13125 0.08125