1 0.14140625 0.47890625 0.134375 0.115625
1 0.1296875 0.57265625 0.1484375 0.11875
1 0.2359375 0.27421875 0.14375 0.121875
1 0.92109375 0.8296875 0.15625 0.125
1 0.125 0.33671875 0.1390625 0.115625
1 0.5484375 0.53828125 0.14375 0.115625
1 0.44453125 0.7828125 0.1625 0.11875
1 0.70390625 0.59375 0.1484375 0.1078125
1 0.93984375 0.75 0.1203125 0.125
1 0.446875 0.45 0.14375 0.115625
1 0.51875 0.203125 0.1484375 0.11875
1 0.596875 0.46015625 0.153125 0.121875
1 0.76875 0.51015625 0.14375 0.125
1 0.58828125 0.69296875 0.1484375 0.125
1 0.25234375 0.7625 0.14375 0.128125
1 0.40078125 0.23125 0.15625 0.128125
1 0.8125 0.38359375 0.1625 0.13125
1 0.55078125 0.0453125 0.1390625 0.090625
1 0.47421875 0.703125 0.1390625 0.1109375
1 0.23359375 0.51875 0.1390625 0.121875
1 0.303125 0.653125 0.1296875 0.11875
1 0.38671875 0.57265625 0.134375 0.1109375
1 0.15078125 0.7625 0.125 0.125
1 0.20859375 0.3921875 0.14375 0.125
1 0.33359375 0.48125 0.1390625 0.11875
1 0.36328125 0.715625 0.125 0.090625
1 0.3171875 0.36796875 0.1484375 0.11875
1 0.20625 0.6421875 0.1203125 0.11875
1 0.3515625 0.80546875 0.1109375 0.1109375
1 0.03203125 0.4046875 0.0640625 0.09375
1 0.87734375 0.03984375 0.153125 0.0796875
1 0.48125 0.5953125 0.15625 0.121875
1 0.596875 0.61484375 0.1296875 0.1109375
1 0.40703125 0.6546875 0.1296875 0.096875
1 0.6734375 0.50859375 0.1203125 0.125
1 0.51875 0.00546875 0.1203125 0.009375
1 0.43984375 0.5140625 0.134375 0.084375