1 0.6806140676205737 0.5260076190934884 0.1443408130679506 0.15488346302712266
1 0.6146679282501062 0.7207355611445108 0.11370724317557439 0.13284186305535747
1 0.7845866300693517 0.6189015034072949 0.12907968610347992 0.1617859104104042
1 0.7581440622438903 0.4505911191640754 0.12166529238978611 0.13642188936371685
1 0.8586106350317506 0.5351187666320616 0.12915246071058561 0.1633484104104042
0 0.19195182795965599 0.5458985159967771 0.19045383374611502 0.1747101156156063
1 0.5101110148917053 0.6738444215690325 0.11490587014004525 0.12512036831702938
1 0.6461063269261986 0.6145009716960894 0.10538532092583353 0.12144933674699843
0 0.5149378335412272 0.2021892294474228 0.18576633374611512 0.1744370998305908
0 0.3586235593484061 0.36322398193708433 0.18376718610347992 0.16497109456891898
0 0.4781290765119139 0.4739123110033365 0.22642987510244392 0.211087231372387
0 0.4449656277930402 0.28261945306847636 0.18667386228216235 0.16046560509226265
0 0.2767870543860074 0.4474617450206768 0.19045383374611502 0.1747101156156063
0 0.30041068321250497 0.6595676318947321 0.2153468258882322 0.20732519454068415
0 0.38897022312109175 0.5648095977644522 0.2155651497095498 0.21201269454068417
0 0.546230567206289 0.3834623452747906 0.20092045285270288 0.19869364718563745
0 0.62299858250777 0.29094935060704963 0.19884853060296184 0.1876651419239656