1 0.7359375 0.58515625 0.134375 0.146875
1 0.64375 0.78828125 0.103125 0.128125
1 0.840625 0.71171875 0.115625 0.159375
1 0.8296875 0.51796875 0.1125 0.13125
1 0.93203125 0.63515625 0.115625 0.1609375
0 0.19609375 0.5 0.184375 0.159375
1 0.5328125 0.71328125 0.10625 0.11875
1 0.68828125 0.6765625 0.096875 0.115625
0 0.5875 0.1875 0.178125 0.1609375
0 0.3984375 0.33203125 0.1796875 0.15
0 0.51875 0.48203125 0.21875 0.19375
0 0.5015625 0.2609375 0.1828125 0.14375
0 0.3 0.40859375 0.184375 0.159375
0 0.30390625 0.65078125 0.20625 0.1921875
0 0.4109375 0.5640625 0.203125 0.196875
0 0.60390625 0.396875 0.190625 0.184375
0 0.69765625 0.31015625 0.190625 0.171875