1 0.6953125 0.5953125 0.12109375 0.13125
1 0.6125 0.7765625 0.0921875 0.1140625
1 0.7890625 0.70859375 0.103125 0.1421875
1 0.77890625 0.53515625 0.1 0.11640625
1 0.8703125 0.63984375 0.103125 0.14375
0 0.2125 0.51875 0.16484375 0.1421875
1 0.5140625 0.709375 0.09609375 0.10625
1 0.653125 0.6765625 0.08671875 0.10390625
0 0.5625 0.2390625 0.159375 0.14375
0 0.39375 0.36875 0.16015625 0.13359375
0 0.50078125 0.503125 0.19453125 0.1734375
0 0.4859375 0.30546875 0.16328125 0.12890625
0 0.30546875 0.4375 0.16484375 0.1421875
0 0.30859375 0.65390625 0.18359375 0.171875
0 0.4046875 0.5765625 0.1828125 0.17578125
0 0.5765625 0.4265625 0.1703125 0.165625
0 0.6609375 0.34921875 0.17109375 0.1546875