1 0.60390625 0.2921875 0.1375 0.125
1 0.79296875 0.37890625 0.11875 0.096875
1 0.72265625 0.19453125 0.1484375 0.1078125
1 0.540625 0.2046875 0.121875 0.1046875
1 0.65078125 0.109375 0.15 0.1078125
0 0.52421875 0.796875 0.1484375 0.171875
1 0.7234375 0.48203125 0.1109375 0.1
1 0.6890625 0.33671875 0.109375 0.090625
0 0.23203125 0.43125 0.15 0.165625
0 0.3671875 0.6078125 0.1390625 0.16875
0 0.5078125 0.4953125 0.18125 0.203125
0 0.30078125 0.51171875 0.134375 0.1703125
0 0.4390625 0.7 0.1484375 0.171875
0 0.66484375 0.69609375 0.178125 0.1921875
0 0.584375 0.59609375 0.184375 0.190625
0 0.428125 0.41640625 0.171875 0.178125
0 0.34765625 0.328125 0.1625 0.178125