1 0.8234375 0.340625 0.184375 0.19375
1 0.62421875 0.3390625 0.175 0.2375
1 0.2703125 0.77734375 0.1859375 0.225
0 0.8640625 0.47578125 0.271875 0.2234375
1 0.609375 0.89375 0.178125 0.2125
1 0.40625 0.94453125 0.14375 0.109375
1 0.4078125 0.34609375 0.1453125 0.16875
0 0.43125 0.128125 0.2921875 0.2328125
1 0.83125 0.80390625 0.3265625 0.21875
1 0.54765625 0.23203125 0.1421875 0.1734375
1 0.278125 0.5890625 0.28125 0.2484375
1 0.575 0.48515625 0.265625 0.2625
0 0.2171875 0.43203125 0.309375 0.1734375
0 0.18046875 0.2421875 0.309375 0.1890625
0 0.01328125 0.44453125 0.0265625 0.2984375
0 0.6390625 0.1375 0.1828125 0.275
0 0.51796875 0.58828125 0.259375 0.303125
0 0.45078125 0.7828125 0.215625 0.225
0 0.84609375 0.60625 0.3078125 0.2296875
0 0.12734375 0.64375 0.2546875 0.259375