1 0.81796875 0.3171875 0.1875 0.196875
1 0.615625 0.315625 0.178125 0.2421875
1 0.2546875 0.7625 0.190625 0.2296875
0 0.8609375 0.45546875 0.278125 0.228125
1 0.59921875 0.8859375 0.1796875 0.228125
1 0.39375 0.93828125 0.146875 0.1234375
1 0.3953125 0.32265625 0.1484375 0.171875
0 0.41875 0.11015625 0.296875 0.21875
1 0.8265625 0.7890625 0.33125 0.221875
1 0.5375 0.20703125 0.14375 0.1765625
1 0.26328125 0.5703125 0.2875 0.253125
1 0.565625 0.46484375 0.2703125 0.2671875
0 0.2015625 0.41015625 0.315625 0.1765625
0 0.1640625 0.2171875 0.315625 0.1921875
0 0.63046875 0.125 0.1859375 0.25
0 0.5078125 0.56953125 0.2640625 0.309375
0 0.4390625 0.76796875 0.21875 0.228125
0 0.84140625 0.58828125 0.3140625 0.234375
0 0.11953125 0.62578125 0.2390625 0.2625