1 0.830298636118169 0.44291026094877706 0.20117736975432585 0.2095208745242989
1 0.6514522220906885 0.406682306386422 0.20075147241989288 0.24851970752810448
1 0.2578336365803873 0.7355833088206989 0.20668322367353414 0.23783687551288218
0 0.8445165973217976 0.5725486814050125 0.28677990063313813 0.255146392318796
1 0.5414320835982511 0.8947381329272559 0.20043322367353406 0.2105237341454881
1 0.3483807655724202 0.923674239885613 0.15619983887551347 0.152651520228774
1 0.4553046477966515 0.3736602648659287 0.16134197994174032 0.18136669961943905
0 0.5125274290711752 0.18123002574034358 0.3058026852728744 0.2652853962731288
1 0.7586937914366677 0.8608034150933902 0.33370036473976084 0.2586189022046277
1 0.5999244775009649 0.2958602115196183 0.1582624440483631 0.1828018656270504
1 0.29633751009563686 0.5682021492388782 0.29835389812585583 0.2774670612921568
1 0.5822128256141854 0.5282270425462576 0.2861266827655918 0.28633272532260173
0 0.2687162784380369 0.41533447581689326 0.3105523697543259 0.2139775642579064
0 0.2676037224863999 0.23851730783211572 0.31408654671393005 0.22816739825029514
0 0.060584495843364894 0.38386034684397 0.12116899168672979 0.2895956936879401
0 0.7011352880049484 0.20455873227986493 0.22177467775102694 0.3274087114824372
0 0.5133287818032491 0.6106774452079959 0.28721782132453627 0.32383272532260177
0 0.41942435444793363 0.7734546764249156 0.2333821159934022 0.24360671444818677
0 0.8052374854850306 0.6859280904925414 0.31986518527287444 0.26585839923887844
0 0.14515206096620198 0.5850819486308559 0.29030412193240396 0.28891389726171185