1 0.8234375 0.35625 0.16953125 0.1765625
1 0.64140625 0.35546875 0.1609375 0.21796875
1 0.31640625 0.75625 0.1703125 0.20625
0 0.86796875 0.48046875 0.2640625 0.2046875
1 0.62734375 0.87109375 0.1625 0.21015625
1 0.44140625 0.9296875 0.13125 0.140625
1 0.44296875 0.36171875 0.13359375 0.15546875
0 0.4640625 0.16171875 0.26796875 0.21328125
1 0.83046875 0.78046875 0.2984375 0.20078125
1 0.5703125 0.25703125 0.13046875 0.15859375
1 0.3234375 0.584375 0.2578125 0.228125
1 0.59609375 0.4890625 0.24296875 0.23984375
0 0.26796875 0.43984375 0.28359375 0.159375
0 0.234375 0.26640625 0.284375 0.17265625
0 0.046875 0.45234375 0.09375 0.27265625
0 0.653125 0.14765625 0.16875 0.2953125
0 0.54375 0.58359375 0.2375 0.278125
0 0.48203125 0.76171875 0.196875 0.20546875
0 0.84375 0.6 0.2828125 0.2109375
0 0.16640625 0.63359375 0.271875 0.23671875