1 0.41171875 0.79609375 0.059375 0.06875
1 0.46015625 0.740625 0.059375 0.0765625
1 0.490625 0.6890625 0.0578125 0.084375
1 0.54609375 0.5921875 0.0546875 0.0765625
1 0.45859375 0.86640625 0.05 0.0625
1 0.5015625 0.9375 0.0578125 0.0671875
1 0.50546875 0.8171875 0.046875 0.065625
1 0.54296875 0.8875 0.0546875 0.06875
1 0.58359375 0.66484375 0.0609375 0.06875
1 0.61875 0.734375 0.05625 0.071875
1 0.53671875 0.76953125 0.0578125 0.0578125
1 0.58125 0.84375 0.05625 0.0625
1 0.56015625 0.71875 0.0453125 0.059375
1 0.60390625 0.78984375 0.0578125 0.053125
1 0.63359375 0.59609375 0.0515625 0.065625
1 0.6625 0.678125 0.05 0.0625
1 0.6890625 0.76328125 0.046875 0.0703125
1 0.69453125 0.57265625 0.0484375 0.065625
1 0.71953125 0.66171875 0.0421875 0.0671875
1 0.73671875 0.753125 0.0453125 0.071875
1 0.7671875 0.58046875 0.05 0.059375
1 0.784375 0.67265625 0.0390625 0.0625
1 0.790625 0.7671875 0.0390625 0.075