1 0.762598104292153 0.34711051362536205 0.07660017401194459 0.07136905771188111
1 0.7185766537790629 0.4041616109929569 0.0844490416031249 0.0732043762235353
1 0.6757176597629865 0.4439706446582209 0.09066267401194458 0.07186013103285874
1 0.593724083774931 0.5156398027329216 0.08433993882958343 0.0685168762235353
1 0.8375805737069448 0.3773312377646464 0.0685331008736803 0.06015873920022674
1 0.9140528079393754 0.4043723982015999 0.07500130642076393 0.06975199400955016
1 0.8005540056026741 0.4325742984717523 0.07162173328249999 0.058705366604888454
1 0.8737375856747921 0.45269333631336756 0.07492857123840295 0.06662699400955034
1 0.6700508476426393 0.536430963169875 0.07663654160312508 0.07293155771188112
1 0.7424349939191671 0.5557960328626558 0.07965243882958344 0.06835318511654283
1 0.7607836439954171 0.47071170473235463 0.06558993882958344 0.06786211179556503
1 0.8396178120234378 0.4984522696158118 0.07024107123840295 0.06646330290255768
1 0.716961562023438 0.502735520248784 0.06529899810013902 0.05536211179556503
1 0.7926707300514588 0.5305852125369029 0.06086607123840295 0.06613592068857255
1 0.6144015661075005 0.5977975383049514 0.07169446846486113 0.061830366604888456
1 0.6975413744281255 0.608968162081416 0.06853310087368066 0.06015873920022692
1 0.7837152637707991 0.616123408453219 0.07630923328249999 0.05886905771188111
1 0.6041193359591326 0.6599255160724328 0.07162173328249999 0.058705366604888454
1 0.6933818577106255 0.665409135039574 0.07151263050895836 0.054017866604888456
1 0.7832619753018062 0.6638342221555498 0.07783536569131932 0.05736112141421188
1 0.6252325761754868 0.7272122197932971 0.06697060087368065 0.06010417549789597
1 0.715094509971077 0.7248560569092729 0.06671602773541671 0.049166675497895974
1 0.8062643706284035 0.7115078303229179 0.07928876291777778 0.05272818511654283