1 0.2387309377561097 0.5086524761107152 0.09640842721213971 0.09599431043863901
1 0.37419971091547355 0.5734191733528224 0.10592897642635143 0.09966534200867017
1 0.443544716292157 0.5065571680205633 0.10934507485477489 0.106097352532014
1 0.303497605043452 0.4438612049934406 0.10273120181924558 0.09792083148532651
1 0.37387857154500603 0.3825134522920175 0.10451202564056317 0.10269933674699842
1 0.4430052531003719 0.3109639469597585 0.11054370181924558 0.09837585779368574
1 0.5099337338699496 0.2424029337349917 0.11068925103345731 0.10150085779368574
1 0.6409140601724664 0.29444211782291924 0.1013142510334573 0.10095482622365459
1 0.5787458540099947 0.36483864683270156 0.10763702564056317 0.10288134727034208
1 0.50872876054397 0.4339988995341247 0.10592897642635143 0.09966534200867017
1 0.5826286410230974 0.56530137841685 0.11723034946188057 0.10811487884037305
1 0.6509740725784633 0.4937063704537552 0.11098034946188076 0.10775085779368573
1 0.717084916044488 0.4243186045981525 0.10302230024766904 0.1041708314853265
1 0.7766546610820892 0.34831681769586237 0.10124147642635144 0.0993923262236546
1 0.6193795860179174 0.7855984678652715 0.12882282092583353 0.12281441567207593