1 0.56171875 0.79140625 0.0875 0.0890625
1 0.48671875 0.6578125 0.090625 0.1
1 0.55390625 0.57265625 0.096875 0.1015625
1 0.6265625 0.71328125 0.0890625 0.096875
1 0.6890625 0.628125 0.09375 0.096875
1 0.76171875 0.5421875 0.0890625 0.1046875
1 0.83046875 0.459375 0.0921875 0.103125
1 0.76875 0.328125 0.0921875 0.0953125
1 0.696875 0.40546875 0.0921875 0.1
1 0.62734375 0.490625 0.090625 0.1
1 0.48515625 0.43359375 0.096875 0.109375
1 0.55703125 0.34765625 0.096875 0.103125
1 0.628125 0.2671875 0.096875 0.096875
1 0.70546875 0.190625 0.090625 0.0953125
1 0.24921875 0.4296875 0.1109375 0.121875