1 0.21640625 0.5269663709854706 0.096875 0.10038950361804452
1 0.35234375 0.581746803481759 0.10625 0.10556832654882306
1 0.4203125 0.5103088947299033 0.109375 0.11198210085908258
1 0.27890625 0.45758560719066066 0.103125 0.10227955223856355
1 0.34765625 0.3900948920163698 0.1046875 0.1070489393936934
1 0.41484375 0.3131472896869491 0.1109375 0.10425148801421233
1 0.4796875 0.23920185662483381 0.1109375 0.10737648801421243
1 0.6109375 0.281236627655733 0.103125 0.10540455223856364
1 0.5515625 0.3570311657608024 0.1078125 0.10721271370395283
1 0.48359375 0.4315940745126582 0.10625 0.10556832654882306
1 0.559375 0.5574406015364511 0.1171875 0.11395403663473154
1 0.6265625 0.48127424920703044 0.1125 0.11214587516934209
1 0.690625 0.4057253725673503 0.1046875 0.11017393939369344
1 0.74765625 0.3251205037295863 0.103125 0.10540455223856356
1 0.60234375 0.7768799983025193 0.1296875 0.12867163387576958