1 0.21796875 0.46640625 0.08359375 0.08203125
1 0.34375 0.53671875 0.09296875 0.084375
1 0.4234375 0.47421875 0.0953125 0.090625
1 0.2921875 0.40546875 0.090625 0.0828125
1 0.371875 0.34765625 0.090625 0.0875
1 0.45234375 0.2796875 0.0984375 0.0828125
1 0.5296875 0.21484375 0.09765625 0.0859375
1 0.653125 0.27265625 0.0890625 0.0859375
1 0.58046875 0.33984375 0.09453125 0.08671875
1 0.5 0.4046875 0.09296875 0.084375
1 0.55390625 0.53828125 0.103125 0.090625
1 0.63359375 0.47109375 0.09765625 0.09140625
1 0.71015625 0.4046875 0.08984375 0.08984375
1 0.78125 0.33203125 0.0890625 0.08515625
1 0.5578125 0.759375 0.11328125 0.10390625