0 0.552892778125 0.1947757078125 0.5439656875 0.23228689687499998 0.5785713875 0.3598214296875 0.590386525 0.41984263750000006 0.6064553125 0.453781253125 0.6421636703125 0.4716437046875 0.6671594109375001 0.453781253125 0.674301109375 0.403766403125 0.6403781421875 0.2555080703125 0.6225239640625 0.1983482109375 0.5832448265625 0.1786995765625 0.552892778125 0.1947757078125
0 0.5183035312500001 0.47589285937500003 0.47790514687499996 0.6145433171875 0.4868322359375 0.6591994453125001 0.5243259828125 0.6717033125 0.5582489500000001 0.6556269421875001 0.595742696875 0.55023851875 0.611811484375 0.4698574875 0.5993136140625 0.43949130625 0.5689614296875 0.42341507343749996 0.5350385984375 0.444850028125 0.5183035312500001 0.47589285937500003
0 0.87783890625 0.6127570999999999 0.772499090625 0.6020395875 0.7171513 0.596680865625 0.6921552875 0.6252608296875 0.7046531578125 0.6806345375 0.772499090625 0.696710634375 0.88498046875 0.7145730859375 0.9278303875 0.70206935625 0.9403285312499999 0.657413228125 0.926045134375 0.616329603125 0.87783890625 0.6127570999999999
0 0.776069871875 0.8181752921875001 0.7921387953125001 0.930708790625 0.8046366656249999 0.99679980625 0.8599847281249999 1 0.8921220312499999 0.9914410171875 0.867126290625 0.7806641703125 0.856413675 0.7342218921875 0.8189200624999999 0.718145521875 0.7814261796874999 0.7413667640625 0.776069871875 0.8181752921875001
0 0.713580246875 0.800312840625 0.6725157187499999 0.798526621875 0.5919642453125 0.8084821453125001 0.51539889375 0.8128165015625 0.4850468453125 0.8306789531250001 0.47433436562500003 0.8646176375 0.4886176265625 0.8949838874999999 0.5171844203125 0.9128463390625001 0.57788851875 0.9021287593749999 0.7189365546875 0.8860526609375 0.74750335 0.869976428125 0.7403615140625 0.828892734375 0.713580246875 0.800312840625
0 0.5011156328124999 0.677061896875 0.44576770625 0.709214296875 0.37256546562500004 0.737794259375 0.3422134171875 0.7699467265625 0.349355115625 0.8181752921875001 0.38684886406249996 0.8324653078124999 0.47790514687499996 0.8020990578125 0.592171915625 0.7431531171875 0.6010990046875 0.7038555750000001 0.576103128125 0.6734893937499999 0.54753646875 0.6717033125 0.5011156328124999 0.677061896875
0 0.199379990625 0.47700242656249997 0.17795503125 0.4466363140625 0.1422466734375 0.459139975 0.12082157812500001 0.48414743437499996 0.11546540624999999 0.5698871890625 0.1065383171875 0.616329603125 0.1029674 0.6752756796875 0.1136798796875 0.707428215625 0.1422466734375 0.7306492515625 0.1672424140625 0.718145521875 0.195809209375 0.6949243484375 0.195809209375 0.6466957156250001 0.2047362984375 0.544879796875 0.199379990625 0.47700242656249997
0 0.24937174374999999 0.4716437046875 0.26722592343749996 0.4662849828125 0.26383924531249997 0.4625000015625 0.294007190625 0.43234629843750005 0.27972379375 0.38947645625 0.2404446546875 0.33767531875 0.199379990625 0.276943025 0.1672424140625 0.26801179999999997 0.136890365625 0.2840879640625 0.1279632765625 0.3198128671875 0.1511737625 0.3555377703125 0.2261612578125 0.4609262625 0.24937174374999999 0.4716437046875
0 0.47611975624999997 0.49307866093749997 0.47969053749999996 0.455567540625 0.4707634484375 0.43056008125 0.4424106734375 0.41785714531249996 0.40291765156250003 0.41984263750000006 0.34578419843749997 0.43949130625 0.301148753125 0.4466363140625 0.2618696140625 0.4627124796875 0.23865912812499998 0.48593365312500003 0.2368737375 0.516299834375 0.2582988328125 0.5430935109374999 0.2993633625 0.54130729375 0.447553096875 0.5109411125000001 0.47611975624999997 0.49307866093749997
0 0.647965246875 0.279204365625 0.6568923375 0.3113567640625 0.6765319062499999 0.33457793750000003 0.7142854859375001 0.3129464296875 0.7675881890625 0.2309757328125 0.8300778125000001 0.13273225 0.8300778125000001 0.0934348421875 0.8068673265624999 0.07021363593749999 0.7747297515625 0.0719998875 0.7515192640625 0.10236606875000001 0.72830905 0.14344969375 0.6818882140625 0.21311328125 0.662248509375 0.2470518984375 0.647965246875 0.279204365625
0 0.7443777015624999 0.3488678859375 0.776515278125 0.3488678859375 0.8104381078125 0.33457793750000003 0.82650703125 0.3274329296875 0.9693404593749999 0.257769409375 0.980052803125 0.21311328125 0.9604133703125 0.1827471 0.9247050124999999 0.1756020921875 0.8800695671875 0.20060955156250002 0.8175799421875001 0.22740322812499997 0.7693734421875 0.2506244015625 0.7390213937500001 0.279204365625 0.73187983125 0.31314298281249997 0.7443777015624999 0.3488678859375
0 0.37836704375 0 0.3658690375 0.030916262500000003 0.3997920046875 0.0880760875 0.4908482875 0.2166857859375 0.5247712531250001 0.2309757328125 0.5426254312500001 0.22918944687499998 0.5533379109375 0.20239576874999998 0.5584821015625 0.1723214296875 0.44264205937499995 0.0041225859375 0.40871909375 0 0.37836704375 0
0 0.4729941078125 0.197037046875 0.33908777031250004 0.011267626562499999 0.2980232421875 0.0059088375 0.2730273640625 0.0219850359375 0.278383671875 0.061282409375 0.2908815421875 0.08986233906249999 0.406933703125 0.24169317656249997 0.4355003609375 0.24169317656249997 0.46942332656249997 0.23454823593750002 0.4729941078125 0.197037046875
0 0.2694565828125 0.02555750625 0.2391043984375 0.0273437578125 0.2194648296875 0.0541374359375 0.22125022031250002 0.0809311125 0.24803148749999998 0.141663475 0.30695033125000004 0.248838184375 0.3397321015625 0.2928571453125 0.36051286562499996 0.27563186093750003 0.36229825625 0.2506244015625 0.3926503046875 0.2452656796875 0.376581653125 0.21311328125 0.340873296875 0.1666708671875 0.3105211125 0.11665601562500001 0.2873107625 0.075572390625 0.2801690625 0.036274984375 0.2694565828125 0.02555750625
0 0.2516024046875 0.7007582609375 0.21410852187499999 0.68110945625 0.18197108125 0.7043306968749999 0.1534044234375 0.7275519390625 0.11874995937499999 0.7593750015625 0.081987709375 0.7936429546875 0.06413353125 0.8293678578125 0.0766314015625 0.8579477531249999 0.11055436874999999 0.8758102046875 0.148048115625 0.8615203250000001 0.1891127796875 0.82043663125 0.22125022031250002 0.784711728125 0.2516024046875 0.7579180515624999 0.264100275 0.725765584375 0.2516024046875 0.7007582609375