0 0.6608806953124999 0.18870195625 0.6240062765625 0.16590385937500002 0.5920639078125001 0.179468540625 0.5790524625 0.21615950156250002 0.599379678125 0.34619452968750003 0.6045019625 0.40702846406250004 0.6167296531249999 0.442191059375 0.650251896875 0.46291666249999996 0.6770673546875 0.4471339625 0.6896835875 0.3978250734375 0.672321234375 0.24717339843750002 0.6608806953124999 0.18870195625
0 0.5828120718750001 0.408847446875 0.5467292875 0.427466865625 0.52667058125 0.4570697859375 0.4712201125 0.5920857890625 0.475166853125 0.637357709375 0.5110548703125 0.6528834390625 0.54654663125 0.6396092859375 0.5954405281249999 0.537536046875 0.620279965625 0.45866342812500005 0.6112075265625 0.4273551453125 0.5828120718750001 0.408847446875
0 0.9261230046875 0.672502409375 0.9164581671875001 0.6303579609375001 0.86893701875 0.6228690968749999 0.765415365625 0.6036008296875 0.7109928156249999 0.5937486828125 0.68299473125 0.6202222078124999 0.6893083390625 0.6764757968749999 0.7549712546875 0.69803633125 0.864803134375 0.7250132703125 0.9087738328125001 0.7160297546875001 0.9261230046875 0.672502409375
0 0.83424110625 0.742287103125 0.7987473421875 0.7231977703125 0.7589179953125 0.743308253125 0.7451204984375 0.8194895328125 0.748677734375 0.9330514734375001 0.7514985640625 0.9698529125 0.841090759375 0.9662023109375 0.8397655484375001 0.78948611875 0.83424110625 0.742287103125
0 0.71101169375 0.8688357218749999 0.7084453203125001 0.8272727140624999 0.6849786328125 0.7965832328125 0.644359015625 0.7914577296875 0.5631954390625 0.794829484375 0.48661405156250004 0.79291863125 0.45447461562499997 0.8082651890625 0.440082678125 0.84124715625 0.45092972343750004 0.8727008843749999 0.477353509375 0.8928449781250001 0.5388735734375001 0.8870969671875001 0.6808437921875 0.8825458718749999 0.71101169375 0.8688357218749999
0 0.562322459375 0.6588810921875 0.5341252625 0.6547733796874999 0.487393453125 0.6563387609375 0.42883254062500004 0.6839043921875 0.35291918906249997 0.7064526671875 0.319203278125 0.7360536859375 0.3209812953125 0.784743778125 0.3566722640625 0.8020512125 0.45052895781249996 0.77917488125 0.57060895625 0.7296799078125 0.58381746875 0.6912070390625 0.562322459375 0.6588810921875
0 0.18727978750000002 0.60118819375 0.20738532968749998 0.5003524984375 0.20954958281249997 0.43220786718750004 0.19160393125 0.400172753125 0.1547316953125 0.409737709375 0.13067709375 0.432938384375 0.11589443906250001 0.5180286828125 0.10189770312499999 0.5636286453125 0.0918454078125 0.62213729375 0.0989461609375 0.6550821109375 0.1247787859375 0.68057145625 0.1510030703125 0.67013414375 0.181959203125 0.64929683125 0.18727978750000002 0.60118819375
0 0.1750343015625 0.3071201703125 0.237942728125 0.41835239687500003 0.25983077187500003 0.4309331140625 0.2781683625 0.4270415234375 0.275219684375 0.42299019375 0.3085321 0.3953679765625 0.2990643171875 0.3514417546875 0.2657369609375 0.29657115156249997 0.23162014062499997 0.23264622343750002 0.20066183125 0.22112037812500002 0.168719459375 0.23468509218750003 0.1559050796875 0.26959421093749997 0.1750343015625 0.3071201703125
0 0.3018353640625 0.5044940046875 0.4524806578125 0.48626990000000003 0.48284548125000004 0.47077796562499996 0.4905329375 0.43365092968749996 0.484418553125 0.407978790625 0.4576382984375 0.3929988015625 0.41816460781250003 0.39176358906250003 0.3592083578125 0.40671121093749996 0.31405408437500004 0.4102039484375 0.27323850156249996 0.423041765625 0.2476063484375 0.444315221875 0.2424817359375 0.47446047187499996 0.2608216359375 0.5029320484375 0.3018353640625 0.5044940046875
0 0.7182577546875 0.20826409687499997 0.6949924828125 0.24051908593750002 0.67724836875 0.2714285234375 0.6825745234375 0.304227825 0.6995337921875 0.328990396875 0.7394458890625 0.3104868390625 0.801469878125 0.23306032656250003 0.8744205515625 0.140149571875 0.8787558421874999 0.10094993593749998 0.8582472140625 0.0758965640625 0.8261065546875 0.0750615328125 0.7996861625 0.10346221874999999 0.77208369375 0.14255370625 0.7182577546875 0.20826409687499997
0 1 0.20370584374999998 0.9984517953125 0.2006527078125 0.9637472015625 0.1906178828125 0.9166223421874999 0.2119286265625 0.8515540109374999 0.2335673484375 0.8010767140624999 0.2528054734375 0.767754921875 0.2788428796875 0.75691235625 0.3121155453125 0.76539361875 0.348769215625 0.7973372203125 0.35138605625 0.83263176875 0.33989386875 0.8493919390625001 0.33407506875 0.9990485390625 0.2762152578125 1 0.2735471890625 1 0.20370584374999998
0 0.4246644328125 0 0.4242459765625 0.00078815625 0.45165831875 0.0605679828125 0.5279767828125 0.196272059375 0.5601185296875 0.21328866875000002 0.5780620078125 0.21296062500000001 0.5916657078124999 0.18710588749999998 0.6000966515624999 0.157525246875 0.514241659375 0 0.4246644328125 0
0 0.3333411109375 0 0.3339386578125 0.0239551515625 0.34320815625 0.053481626562499995 0.44180987031249996 0.2143843859375 0.4702041078125 0.216710459375 0.5047105515625 0.2123455140625 0.512398015625 0.175218409375 0.41184133125000005 0 0.3333411109375 0
0 0.2869249078125 0 0.276163671875 0.0120304171875 0.27498240625000003 0.0389028078125 0.29490203125000003 0.10166476093750001 0.3416417390625 0.2133703515625 0.36936947343750004 0.259949084375 0.391925103125 0.24445875625000002 0.39645854062499997 0.2196588953125 0.42721856562499994 0.21678495625 0.4147939546875 0.183404146875 0.3844246546875 0.13416968906249999 0.3597733078125 0.0818078140625 0.34123539687500004 0.0389364765625 0.3385307671875 0 0.2869249078125 0
0 0.2304661765625 0.7166768296875 0.246435675 0.6856220140625 0.236772046875 0.65965925625 0.20167212499999998 0.6370063546875 0.167166890625 0.657552990625 0.1362108859375 0.6783903828125 0.0982548671875 0.7073124859375 0.057934065624999996 0.7385017703125001 0.036246478124999995 0.7726839890625 0.045515978125 0.80221043125 0.077263609375 0.8227906578124999 0.1161075125 0.8115893046875 0.1614566734375 0.7739515671875 0.19734131093750001 0.74093238125 0.2304661765625 0.7166768296875