0 0.671831740625 0.24630103124999997 0.6387716453125 0.2181160046875 0.60530196875 0.22676147812499997 0.5871484546875 0.26121214843749996 0.5883366953125 0.393325365625 0.5845656765625 0.45447000624999995 0.5915253093749999 0.49120946718749997 0.6215799765625001 0.5168322859375001 0.650315040625 0.5052125875 0.6699087640625 0.45818015 0.6746345796875 0.306053775 0.671831740625 0.24630103124999997
0 0.5629107390625 0.453004784375 0.5246245890625 0.46604234375000003 0.5005488640625 0.492396175 0.42628080312499994 0.6180267984375 0.42360739374999995 0.66355026875 0.456749384375 0.6843693828124999 0.493677428125 0.676547409375 0.5567015375000001 0.5826209671875 0.5926377296875 0.5080921546875 0.5882308984375 0.47565350781250004 0.5629107390625 0.453004784375
0 0.8632549624999999 0.7664234953125 0.859835459375 0.7231415890624999 0.8140549859374999 0.708544309375 0.714753734375 0.673813253125 0.6625096687500001 0.6558300265625 0.6310577765625001 0.6778811078125 0.629125959375 0.7346597906250001 0.6907574984375 0.7659573765625 0.7951640703125 0.8092900671875001 0.8398319875 0.8070046296875001 0.8632549624999999 0.7664234953125
0 0.7430426421874999 1 0.7611208578124999 0.8694985031250001 0.7625177828124999 0.821824675 0.7302814421875 0.7975284453125 0.6880840890625 0.81148085 0.6634280671874999 0.8850036515624999 0.6504664140624999 0.9982402031250001 0.6503447046875 1 0.7430426421874999 1
0 0.6226324046875 0.9288324546875 0.6261292640625 0.8871978828125 0.6074367078125 0.8532029734375 0.56811994375 0.8419917375000001 0.487585321875 0.8331000515625 0.41233591093750005 0.81965675 0.37841345625 0.8300408640624999 0.35943637968750003 0.8606025328125 0.3655722796875 0.8934531 0.38871060156250004 0.9174285140625 0.4502169140625 0.9210001218749999 0.59089165625 0.937889846875 0.6226324046875 0.9288324546875
0 0.5064409671875 0.69805165625 0.47922790312499997 0.6897235390625001 0.432912759375 0.6842308140625 0.37116062968749997 0.702757446875 0.2930227453125 0.71368839375 0.25547820468750004 0.7379811000000001 0.25017020625 0.786569803125 0.282859465625 0.809127390625 0.378741115625 0.8005763765625 0.5043453687499999 0.7695626640625 0.5229516671875001 0.733373321875 0.5064409671875 0.69805165625
0 0.144931396875 0.584247578125 0.17938420625 0.48720857500000003 0.19140166875 0.4199073765625 0.17834925468750001 0.38540951093750003 0.1405976984375 0.38934228437499996 0.11350963437499999 0.4087399484375 0.0865899484375 0.49095562031249995 0.06617264375000001 0.5340991265625 0.047773296874999996 0.590648103125 0.04999825625 0.6244135749999999 0.0717783375 0.65360454375 0.099155128125 0.647200534375 0.132706903125 0.6311889125000001 0.144931396875 0.584247578125
0 0.175503278125 0.2905646734375 0.2214131796875 0.41043816875 0.241175153125 0.4262237 0.25982455625 0.42512658437499995 0.25750405781249996 0.42066139687500004 0.294363675 0.3982716359375 0.291396921875 0.35325118906249997 0.266486509375 0.2937718609375 0.24211065468749998 0.22518787968749998 0.2132503640625 0.20908160156250002 0.1797806796875 0.21772710625 0.1620799375 0.2504391703125 0.175503278125 0.2905646734375
0 0.27193262812499996 0.5055598406249999 0.42314595 0.5101883421875 0.45533931875 0.4993923765625 0.46830542187499996 0.46370619062499996 0.465998490625 0.437306934375 0.441759659375 0.4184026875 0.40300882812500005 0.41122500000000006 0.342696796875 0.417169765625 0.297657934375 0.41382763125000005 0.255542684375 0.420413853125 0.22717830156250002 0.437661059375 0.2177523109375 0.46680486718749997 0.23171036093750003 0.49782568437499997 0.27193262812499996 0.5055598406249999
0 0.7255813812499999 0.2743660453125 0.6979586249999999 0.30286833125 0.6759761265625001 0.330867759375 0.6764720343749999 0.36422124375 0.6896063859375 0.39135303125 0.7316522984375 0.37900783437499996 0.8040511296874999 0.31152084687500003 0.88947181875 0.23031464062499998 0.89943251875 0.19206614375 0.88283986875 0.164110590625 0.8512630265625001 0.1584357234375 0.8210876 0.1826372265625 0.7881958921875001 0.2172701703125 0.7255813812499999 0.2743660453125
0 0.92068219375 0.307912203125 0.8533718609375001 0.31957571093750003 0.800799740625 0.3310568796875 0.7641607234375 0.3518724390625 0.7486419671875 0.3832577765625 0.751690525 0.42091211250000005 0.782814609375 0.4283255546875 0.819289715625 0.422242290625 0.8366629328125 0.41899474531249997 0.9830930312499999 0.386274653125 0.9870344921875001 0.301649915625 0.9702486468749999 0.2938686625 0.92068219375 0.307912203125
0 0.484074503125 0.0875928109375 0.539660575 0.23377442187500003 0.568891678125 0.255508240625 0.5866355750000001 0.25788820625 0.6038016093749999 0.23428083125 0.6164065046875 0.2061958765625 0.5468529015625 0.0157647421875 0.5381492421875 0.0125255625 0.47528900625 0.011062474999999999 0.4657096125 0.0241333796875 0.484074503125 0.0875928109375
0 0.37814588437499996 0.0642081015625 0.45205371093749996 0.23875704999999997 0.47971948906249995 0.245346759375 0.514383684375 0.2462178203125 0.5273498046875 0.21053156718750002 0.44928922499999996 0.0104573234375 0.376278371875 0.0087579765625 0.3732862921875 0.033508028125 0.37814588437499996 0.0642081015625
0 0.312974253125 0.039452825000000004 0.32351713437499996 0.104742003125 0.3534123765625 0.2226473484375 0.37400286875 0.2730534171875 0.39849437656250003 0.261081575 0.40656209531250004 0.23715345625 0.43731523437500003 0.2389393265625 0.42990297968749996 0.2039384359375 0.407092465625 0.1504985015625 0.3903747171875 0.094817034375 0.3783097828125 0.0494758734375 0.381354003125 0.0095799421875 0.3809304046875 0.008866253125 0.3245160984375 0.007553195312499999 0.3180365515625 0.012962464062500002 0.312974253125 0.039452825000000004
0 0 0.7837604953125 0.0042915875 0.7875801906250001 0.04422498125 0.7823207265625001 0.094408096875 0.7518063500000001 0.1345872296875 0.7244484140624999 0.170773609375 0.70537149375 0.19102702031250002 0.6769602156250001 0.18526188125 0.6497373890625 0.15393078437500002 0.6219640171874999 0.1169209515625 0.6371520328125 0.0833692921875 0.6531637546875 0.0417415125 0.676143375 0 0.699585825 0 0.7837604953125