0 0.7673259600164946 0.5905008602579681 0.13447795157021042 0.11170109016268785
0 0.9078372997499379 0.5952252425751337 0.13746655925034226 0.10703177088084707
0 0.7506589487337234 0.4919497307694728 0.12947220282385158 0.10073631908544911
0 0.8885082897208079 0.507597977548019 0.12942673871722904 0.09917381908544912
0 0.7382702604913483 0.40748837235821644 0.12018813103709683 0.10380677693097126
0 0.8631793322781028 0.411340601084586 0.12768238229073817 0.09291472872636941
0 0.7221344466221524 0.3175355380492611 0.12313127461060631 0.09757495764913057
0 0.8528388773426803 0.337049128211949 0.12299488229073816 0.09288745764913058
0 0.7109218134734844 0.24636451999708436 0.1215233105039836 0.09600336729005096
0 0.8387058326738144 0.25882867944161303 0.12147784639736088 0.09444086729005097
0 0.49263481472712567 0.25603391490547767 0.11536423871722885 0.09909200585373253
0 0.4975065196625483 0.3302935715213359 0.13544941818411543 0.09139768052176755
0 0.5091821540648576 0.4124066347530525 0.12428459765100222 0.08352154800821018
0 0.1311002696625483 0.3281618823171656 0.11665395407749282 0.08972609621281205
0 0.11949752843803693 0.40466984016268787 0.11343802586424748 0.08658291549465283
0 0.11559362694696884 0.4851294998036083 0.11946070533113406 0.07880677693097127
0 0.10440842286947602 0.5741420028286703 0.12442098997087014 0.0882090480082102
0 0.0903793636191337 0.6803283703151131 0.13223348997087014 0.08825449980360833
0 0.3305019099373523 0.6184334000747548 0.13857441818411553 0.09141586123992677
0 0.32164035312778544 0.2784805657657993 0.11835284639736088 0.09442268657189175
0 0.3333614516367174 0.35903112899751594 0.12120506175762476 0.08506586729005097
0 0.33407685398571524 0.4418618097156751 0.13071645407749283 0.08980790944452863
0 0.3369541499082224 0.5309561259724538 0.13402331050398358 0.09607609016268803
0 0.5174600038274307 0.5038765172666098 0.13282452335696499 0.10856699980360815
0 0.5262463189502677 0.6047259449597069 0.12607441818411544 0.09134313836728972
0 0.6030722095542762 0.2738668304001305 0.08388691818411545 0.09109769867214013
0 0.6155518260098967 0.3552031888113869 0.08191524122451135 0.07702610831306052
0 0.62338940657214 0.4349497761454044 0.08168792069139794 0.0692136083130606
0 0.6341246666012699 0.5225270441975811 0.08370506175762493 0.08484769867214012
0 0.6457093727903338 0.6077651074292978 0.08370506175762493 0.08484769867214012
0 0.21875441620555844 0.6724800297596417 0.08687552586424747 0.08642837939029935
0 0.2317678593959916 0.3326544604778009 0.06298338479802065 0.0706670240041051
0 0.22938099379830082 0.4146857104778009 0.06302884890464337 0.0722295240041051
0 0.2223066282006101 0.4966896894005621 0.07575616943775669 0.08011474687674199
0 0.2239851369760987 0.5732749152982611 0.0737844924781526 0.06604315651766228
0 0.21879988031218112 0.6709175297596417 0.08017088479802066 0.07076701795398091