0 0.62109375 0.2296875 0.0984375 0.121875
0 0.6453125 0.08671875 0.09375 0.1265625
0 0.5171875 0.23515625 0.0875 0.11875
0 0.55234375 0.096875 0.0859375 0.11875
0 0.43046875 0.23828125 0.090625 0.109375
0 0.45078125 0.11171875 0.078125 0.11875
0 0.33515625 0.24453125 0.084375 0.1125
0 0.3734375 0.1140625 0.0796875 0.1125
0 0.2609375 0.2484375 0.0828125 0.1125
0 0.2921875 0.11953125 0.08125 0.1125
0 0.24140625 0.47109375 0.0875 0.10625
0 0.31796875 0.47421875 0.075 0.128125
0 0.403125 0.471875 0.06875 0.1171875
0 0.265625 0.84765625 0.078125 0.10625
0 0.3421875 0.8671875 0.075 0.10625
0 0.4234375 0.88125 0.065625 0.1125
0 0.51328125 0.90234375 0.075 0.115625
0 0.61953125 0.928125 0.071875 0.125
0 0.58984375 0.67734375 0.075 0.1296875
0 0.240625 0.64765625 0.08125 0.109375
0 0.32421875 0.6453125 0.071875 0.1125
0 0.409375 0.653125 0.075 0.1234375
0 0.5 0.66015625 0.08125 0.125
0 0.4984375 0.47421875 0.09375 0.121875
0 0.6015625 0.4765625 0.078125 0.115625
0 0.275 0.3609375 0.084375 0.071875
0 0.35859375 0.35703125 0.06875 0.071875
0 0.44140625 0.3578125 0.059375 0.075
0 0.5328125 0.35703125 0.078125 0.071875
0 0.621875 0.35546875 0.078125 0.075
0 0.62890625 0.796875 0.078125 0.0765625
0 0.28359375 0.7453125 0.065625 0.053125
0 0.3671875 0.75703125 0.0671875 0.053125
0 0.45 0.7734375 0.071875 0.065625
0 0.52890625 0.78125 0.059375 0.065625
0 0.6265625 0.796875 0.0625 0.071875