1 0.225 0.50625 0.028125 0.015625
1 0.21640625 0.48515625 0.025 0.015625
1 0.20390625 0.46328125 0.028125 0.015625
1 0.19296875 0.44140625 0.028125 0.015625
1 0.18203125 0.4203125 0.028125 0.015625
1 0.17109375 0.3984375 0.025 0.0140625
1 0.159375 0.3765625 0.028125 0.015625
1 0.25078125 0.478125 0.028125 0.0140625
1 0.2859375 0.47265625 0.028125 0.0140625
1 0.33046875 0.4890625 0.028125 0.015625
1 0.23984375 0.45703125 0.025 0.0140625
1 0.22890625 0.43515625 0.025 0.0140625
1 0.21640625 0.41328125 0.025 0.015625
1 0.20546875 0.3921875 0.025 0.015625
1 0.19453125 0.3703125 0.0265625 0.015625
1 0.22578125 0.36328125 0.025 0.015625
1 0.2578125 0.35546875 0.025 0.015625
1 0.26875 0.378125 0.025 0.015625
1 0.28046875 0.40078125 0.025 0.015625
1 0.2921875 0.42265625 0.025 0.015625
1 0.3046875 0.44453125 0.0265625 0.015625
1 0.3171875 0.4671875 0.028125 0.015625
1 0.27265625 0.45 0.025 0.015625
1 0.26171875 0.428125 0.025 0.015625
1 0.25 0.40625 0.025 0.0140625
1 0.2375 0.38515625 0.0265625 0.015625