1 0.49921875 0.24296875 0.01484375 0.0265625
1 0.51953125 0.23515625 0.01484375 0.02421875
1 0.53984375 0.2234375 0.01484375 0.02578125
1 0.5609375 0.21328125 0.0140625 0.0265625
1 0.58125 0.20234375 0.0140625 0.02578125
1 0.6015625 0.1921875 0.01328125 0.0234375
1 0.621875 0.18125 0.01484375 0.0265625
1 0.52578125 0.26796875 0.01328125 0.0265625
1 0.53125 0.30078125 0.01328125 0.0265625
1 0.51640625 0.3421875 0.01484375 0.0265625
1 0.54609375 0.25703125 0.01328125 0.02421875
1 0.5671875 0.246875 0.01328125 0.02421875
1 0.5875 0.23515625 0.0140625 0.0234375
1 0.6078125 0.225 0.0140625 0.0234375
1 0.628125 0.2140625 0.0140625 0.025
1 0.63515625 0.24375 0.0140625 0.02421875
1 0.6421875 0.27421875 0.01484375 0.02421875
1 0.6203125 0.284375 0.0140625 0.02421875
1 0.59921875 0.2953125 0.0140625 0.025
1 0.57890625 0.30703125 0.01484375 0.02421875
1 0.5578125 0.31796875 0.01484375 0.025
1 0.53671875 0.3296875 0.01484375 0.0265625
1 0.553125 0.28828125 0.01484375 0.02421875
1 0.5734375 0.278125 0.01484375 0.02421875
1 0.59453125 0.26640625 0.01328125 0.02265625
1 0.6140625 0.25546875 0.0140625 0.025