1 0.42211240550166823 0.25078125 0.02204159997176518 0.0296875
1 0.44080919759504306 0.23828125 0.021859589448421347 0.0265625
1 0.45895225284259744 0.221875 0.021950594710093262 0.028125
1 0.47778555282847995 0.20703125 0.02204159997176518 0.0296875
1 0.49588310544519854 0.19140625 0.021950594710093262 0.028125
1 0.513935155431081 0.1765625 0.020297089448421346 0.0265625
1 0.5320327080477996 0.1609375 0.02204159997176518 0.0296875
1 0.453097094992442 0.26875 0.02047909997176518 0.0296875
1 0.4646037423898409 0.29921875 0.02047909997176518 0.0296875
1 0.4581493450630291 0.34296875 0.02204159997176518 0.0296875
1 0.47119464760916047 0.253125 0.020297089448421346 0.0265625
1 0.49002794759504303 0.23828125 0.020297089448421346 0.0265625
1 0.5081710028425974 0.221875 0.020297089448421346 0.0265625
1 0.5262230528284799 0.20703125 0.020297089448421346 0.0265625
1 0.5443206054451986 0.19140625 0.021950594710093262 0.028125
1 0.5567905133659412 0.21875 0.020297089448421346 0.0265625
1 0.5692149186558477 0.246875 0.021859589448421347 0.0265625
1 0.5496003686699653 0.26171875 0.020297089448421346 0.0265625
1 0.5307215660532468 0.27734375 0.021950594710093262 0.028125
1 0.5125785108056924 0.29375 0.021859589448421347 0.0265625
1 0.4936997081889739 0.309375 0.02195059471009344 0.028125
1 0.4755566529414194 0.32578125 0.02204159997176518 0.0296875
1 0.48357355026823134 0.28203125 0.021859589448421347 0.0265625
1 0.5024068502541137 0.2671875 0.021859589448421347 0.0265625
1 0.5205499055016682 0.25078125 0.020206084186749608 0.025
1 0.5378662081183867 0.23515625 0.021950594710093262 0.028125