1 0.5119522026226765 0.2284429679340534 0.017017081637205677 0.027017141066226814
1 0.5318552668470277 0.22003943454795852 0.0169351944820761 0.025454641066226812
1 0.5515536131835546 0.20772965116186368 0.0169351944820761 0.025454641066226812
1 0.5721150966752111 0.19695963572245748 0.015454581637205677 0.02697167695960414
1 0.5918543865893028 0.18543110233636262 0.015372694482076099 0.02540917695960414
1 0.6116346200809595 0.1746838189502678 0.013728307326946344 0.02380121285298147
1 0.6313739099950512 0.1631552855641729 0.017017081637205677 0.027017141066226814
1 0.5398248971047523 0.2526700781214678 0.013892081637205678 0.026926212852981378
1 0.5470132773624773 0.28532345374828844 0.013892081637205678 0.026926212852981378
1 0.5343395369734157 0.3271616127612039 0.017017081637205677 0.027017141066226814
1 0.5595641870188441 0.24114154473537294 0.013810194482076099 0.025363712852981467
1 0.5801256705105008 0.23037152929596677 0.013810194482076099 0.025363712852981467
1 0.5998240168470277 0.21806174590987187 0.015290807326946165 0.023846676959604095
1 0.6196042503386843 0.20731446252377705 0.015290807326946343 0.023846676959604095
1 0.6393435402527761 0.1957859291376822 0.015372694482076099 0.02540917695960414
1 0.6479306462002412 0.22526884065788008 0.015372694482076099 0.025409176959604096
1 0.6565586957252714 0.25553300217807806 0.0169351944820761 0.025454641066226812
1 0.6352159622336149 0.26632574967079564 0.015372694482076099 0.025409176959604096
1 0.614695422319523 0.2778770151102018 0.015372694482076099 0.025409176959604096
1 0.5949970759829963 0.29018679849629664 0.0169351944820761 0.025454641066226812
1 0.5744765360689045 0.30173806393570285 0.0169351944820761 0.025454641066226812
1 0.5539969397323776 0.314070579375109 0.017017081637205677 0.027017141066226814
1 0.5682331801214392 0.2721869562555709 0.0169351944820761 0.025454641066226812
1 0.5880134136130959 0.261439672869476 0.0169351944820761 0.025454641066226812
1 0.6084930099496226 0.24910715743006984 0.013646420171816586 0.022238712852981467
1 0.6274510498637145 0.23760135609728633 0.015372694482076099 0.025409176959604096