1 0.2542550446660977 0.23042548603595286 0.11857452564056317 0.09820223734881746
1 0.2559202444184287 0.32893571137013466 0.1216267510334573 0.09667610001590835
1 0.26866849338497145 0.4244482060391346 0.13256425103345731 0.09680336935072642
1 0.2702973058337495 0.5237396813733163 0.12816784946188076 0.10299882535008997
1 0.2805198682825275 0.623131154041998 0.1263142510334573 0.09673064401654478
1 0.28769020533841144 0.7209237640435889 0.11970037799792799 0.08884541868236298
1 0.2974590035191659 0.8132748960454979 0.12140842721213971 0.09198860001590851
1 0.7369068012856356 0.7597628287714497 0.11991870181924558 0.0935329186823628
1 0.3979151534336034 0.2172453280553611 0.1343450748547749 0.10150905068427188
1 0.5348351106295325 0.1977333540738148 0.1265325748547749 0.1014181440165447
1 0.6874528424325674 0.17684069342772296 0.1247517510334573 0.09671246268299924
1 0.6888633310600278 0.28081966876190473 0.1234075748547749 0.10138178134945379
1 0.6961792173301236 0.3754872787634955 0.11813787799792799 0.08882723734881744
1 0.7086727551717957 0.4764685234324954 0.11239730024766903 0.09969201201463562
1 0.7189680922276797 0.5742974961011772 0.11530397642635144 0.09504087468172653
1 0.7262839784977753 0.668965106102768 0.11159677956950453 0.08250451201463563
1 0.5857787948754947 0.782236170751087 0.12384422249741008 0.1107567813494537
1 0.45149368610798907 0.7955254167329515 0.11842897642635145 0.09507723734881743
1 0.4220909381749037 0.6044549740610881 0.12831339867609248 0.10612382535009016
1 0.43167779983789345 0.7007123560629971 0.12602315260503386 0.09048064401654479
1 0.5778999824267167 0.6828719700827234 0.1265325748547749 0.10141814401654478
1 0.4209886646012551 0.5106413393936791 0.11395980024766902 0.09971019334818117
1 0.4035957650965932 0.31345725672340646 0.12013702564056317 0.09822041868236298
1 0.5450212857747576 0.2979060767424965 0.12489730024766903 0.09983746268299924
1 0.5514103728306414 0.3956895960773147 0.12126287799792798 0.08886360001590835
1 0.5626688964042901 0.4896214094127691 0.12028257485477489 0.10134541868236298
1 0.5664959096388564 0.592065156747269 0.14066784946188077 0.10314427601845359
1 0.4077138767595829 0.4096510040579064 0.13619867328319835 0.10777723201781737