1 0.3 0.20078125 0.1046875 0.084375
1 0.29375 0.29921875 0.109375 0.0828125
1 0.29921875 0.39609375 0.11875 0.08125
1 0.29375 0.4953125 0.1125 0.0890625
1 0.29609375 0.5953125 0.1125 0.08125
1 0.29609375 0.69375 0.1078125 0.075
1 0.2984375 0.78671875 0.1078125 0.078125
1 0.7390625 0.78203125 0.10625 0.0796875
1 0.44375 0.203125 0.11875 0.0859375
1 0.58125 0.19921875 0.1125 0.0875
1 0.734375 0.1953125 0.1125 0.08125
1 0.72734375 0.29921875 0.109375 0.0875
1 0.728125 0.39453125 0.10625 0.075
1 0.7328125 0.49609375 0.096875 0.0875
1 0.73515625 0.5953125 0.1015625 0.08125
1 0.7359375 0.690625 0.1 0.0703125
1 0.5875 0.7875 0.1078125 0.096875
1 0.453125 0.7859375 0.10625 0.08125
1 0.43828125 0.5921875 0.1125 0.0921875
1 0.440625 0.68984375 0.1125 0.075
1 0.5875 0.6875 0.1125 0.0875
1 0.44453125 0.4984375 0.1 0.0875
1 0.4421875 0.3 0.10625 0.084375
1 0.58359375 0.3 0.1109375 0.084375
1 0.5828125 0.3984375 0.109375 0.075
1 0.58671875 0.49296875 0.10625 0.0875
1 0.5828125 0.59609375 0.125 0.0875
1 0.4390625 0.396875 0.121875 0.090625