1 0.3109375 0.17421875 0.115625 0.09375
1 0.30390625 0.28203125 0.11875 0.090625
1 0.31015625 0.38828125 0.13125 0.090625
1 0.30390625 0.496875 0.125 0.096875
1 0.30625 0.60703125 0.125 0.090625
1 0.30703125 0.7140625 0.11875 0.08125
1 0.309375 0.81640625 0.11875 0.0859375
1 0.79296875 0.81171875 0.1171875 0.0875
1 0.46875 0.17734375 0.13125 0.09375
1 0.61953125 0.17265625 0.121875 0.0953125
1 0.7875 0.16796875 0.121875 0.090625
1 0.7796875 0.28203125 0.11875 0.0953125
1 0.78125 0.38671875 0.115625 0.08125
1 0.7859375 0.4984375 0.10625 0.0953125
1 0.78828125 0.60703125 0.1125 0.090625
1 0.78984375 0.71171875 0.109375 0.0765625
1 0.6265625 0.8171875 0.11875 0.10625
1 0.47890625 0.815625 0.115625 0.090625
1 0.4625 0.603125 0.125 0.1
1 0.46484375 0.71015625 0.125 0.0828125
1 0.6265625 0.70703125 0.1234375 0.096875
1 0.4703125 0.5 0.109375 0.0953125
1 0.4671875 0.28359375 0.115625 0.09375
1 0.62265625 0.28359375 0.121875 0.09375
1 0.62109375 0.390625 0.11875 0.08125
1 0.62578125 0.49453125 0.115625 0.096875
1 0.62109375 0.60703125 0.1375 0.096875
1 0.46328125 0.3890625 0.1328125 0.1