1 0.3929792013661116 0.5441411067344077 0.13470492116215294 0.15072847727182861
1 0.42119773318559084 0.6828587333576133 0.14767769984750015 0.1712591655834313
1 0.5001981682154522 0.8560428632272294 0.16559255167111128 0.20280917451188502
1 0.6227440090211465 0.7863361095737815 0.1543277433504862 0.1885557597392328
1 0.7358979724520146 0.7828446911476812 0.16224934612402803 0.19337962743398443
1 0.5366227114340978 0.6762832252399384 0.14458906743868064 0.1727671185055307
1 0.5015729513661116 0.5460366176914564 0.13303331838861113 0.14601370373287814
1 0.41047321304961837 0.4234019127407622 0.12983558320625016 0.14283415665497756
1 0.5076027861878823 0.4360303721556833 0.12027874525034736 0.13485801542127546
1 0.5755338621759378 0.3684940446389734 0.11689917211208342 0.12386596834337489
1 0.6762248464083684 0.39992705113179516 0.13103440729444457 0.12723643019392786
1 0.6085483435585768 0.47840087864850506 0.129762848023889 0.13970915665497757
1 0.7085308129733685 0.5129452483718516 0.13157992116215295 0.15067393019392786
1 0.8277535916587159 0.5353305373320774 0.13975609707395842 0.16643529788867967
1 0.7546635434060769 0.649632770692986 0.15258340539458343 0.18071598620028234
1 0.6224316184442019 0.6051542934211575 0.14593336189159736 0.163419392044481
1 0.13794882209142417 0.6591722228076018 0.13961062670923624 0.16018529788867966