0 0.806108340625 0.278333553125 0.7859108984375001 0.2735707890625 0.733531134375 0.3438447 0.7284935015625 0.364748815625 0.7363148546875 0.381591446875 0.7513705671875 0.3857497796875 0.7621034578125 0.3746040953125 0.8066952484375 0.30786047031249997 0.806108340625 0.278333553125
0 0.7238720640625 0.47168714375 0.7245066640625 0.44548846875 0.7048016265625 0.43759893749999995 0.6903424125 0.4518224 0.6560862968750001 0.517857528125 0.6510929187500001 0.5347860625 0.66075119375 0.5510484828125 0.6787076437499999 0.5515670687500001 0.68543904375 0.5426848359374999 0.7238720640625 0.47168714375
0 0.6897262 0.599835703125 0.690966703125 0.58087376875 0.6808160203125 0.567738115625 0.6651447265625 0.5674881593750001 0.614857678125 0.6244733671875 0.6094507390625 0.647722559375 0.6192763828125 0.659227646875 0.6286191140625 0.662714425 0.6378483421875 0.65583775625 0.6897262 0.599835703125
0 0.5065287578125 0.6435852718749999 0.5151614906249999 0.6183267828125001 0.5053800640625 0.6028460921875001 0.48248395000000005 0.604135365625 0.42761696562499996 0.6717283734375 0.423475703125 0.6943302015625 0.43770441875 0.7111298953125 0.45207528750000003 0.70485765 0.46250917031250005 0.6925765890625 0.5065287578125 0.6435852718749999
0 0.6027849890625 0.5409277593749999 0.6418133578125 0.5050334656250001 0.6462796640625 0.48406217500000004 0.63771979375 0.47190967656250005 0.619886434375 0.47060947343750004 0.57164784375 0.5182815578125 0.5605721453125 0.536883565625 0.5605184296875 0.5520042734375 0.5749586375 0.56007105 0.5870000906249999 0.5575057718750001 0.6027849890625 0.5409277593749999
0 0.490268534375 0.37734870468750004 0.5221961640624999 0.4429077515625 0.5275824171875 0.45816644375 0.5404855796875 0.45012933593750004 0.551542228125 0.4538175625 0.5583631078125 0.4474539625 0.5593574640625001 0.4300553296875 0.523545959375 0.3581719484375 0.5095538984375 0.350954 0.49624676093750003 0.35416667031250004 0.490268534375 0.37734870468750004
0 0.43692297187499995 0.43158586874999993 0.44616166249999994 0.4135640625 0.446505796875 0.39290437031250003 0.43186355781249997 0.38242536875 0.3635350578125 0.3950932296875 0.35078966562499997 0.40951815937499997 0.3538290890625 0.4345564015625 0.3668805171875 0.4440522484375 0.3925011625 0.43960044062500003 0.43692297187499995 0.43158586874999993
0 0.5827582140625001 0.50684905 0.6081163484375 0.4899259984375 0.6075987765625 0.474738134375 0.598221328125 0.46408185468749996 0.536038325 0.448810396875 0.5248048562500001 0.4610245828125 0.525032009375 0.4817514328125 0.53694080625 0.49111301875 0.5521985593750001 0.497683515625 0.5827582140625001 0.50684905
0 0.64638446875 0.3614658484375 0.6590855999999999 0.35101651562499997 0.66506378125 0.3278344921875 0.6296814578125 0.2790902 0.6147046296875 0.2781257765625 0.6012648515625 0.29326522499999996 0.6009207125 0.31392493125 0.6324742734375 0.35240134375 0.64638446875 0.3614658484375
0 0.410229115625 0.578922115625 0.42082190781250006 0.5523017703125 0.4080609 0.5372669375 0.3901391546875 0.5439179140625 0.3417523 0.5740570468749999 0.33642424531250004 0.6005001625 0.34572280625 0.60796255 0.36641261406250003 0.609598509375 0.3747454171875 0.6010241703125 0.410229115625 0.578922115625
1 0.393357118915863 0.5054790952710067 0.05920345048646727 0.08103310087368065
1 0.4695065616916926 0.48262151709874956 0.06375458279171564 0.07332970364722229
1 0.6545224898570255 0.4416113913394438 0.07033186525911965 0.09222517401194459
1 0.5156218567409984 0.5697935555677426 0.05602390340856669 0.0778353656913195
1 0.528934334419864 0.6124349972471176 0.03393071509696384 0.06482621941479164
1 0.5740088754086847 0.40131500608083287 0.0496102621748646 0.06831489532659721
1 0.6038833360414217 0.34517345564399254 0.06032957386326192 0.05606946846486114