1 0.265625 0.73828125 0.015625 0.025
1 0.30859375 0.44609375 0.015625 0.03125
1 0.33046875 0.43125 0.0171875 0.03125
1 0.3515625 0.41796875 0.015625 0.028125
1 0.3734375 0.4046875 0.015625 0.0296875
1 0.27578125 0.5125 0.01875 0.028125
1 0.29765625 0.49921875 0.015625 0.028125
1 0.31796875 0.48671875 0.015625 0.0296875
1 0.3390625 0.471875 0.015625 0.03125
1 0.3609375 0.45859375 0.015625 0.028125
1 0.38203125 0.4453125 0.015625 0.03125
1 0.2859375 0.55234375 0.01875 0.0359375
1 0.30546875 0.53984375 0.01875 0.034375
1 0.32734375 0.5265625 0.01875 0.0375
1 0.3484375 0.51171875 0.01875 0.034375
1 0.37109375 0.4984375 0.01875 0.034375
1 0.390625 0.48515625 0.01875 0.0328125