0 0.229371196875 0.2595588015625 0.20789030625 0.2619956578125 0.20252012812500003 0.292050303125 0.2374689140625 0.36549406093750003 0.24667518125000001 0.3781527703125 0.2627858046875 0.3757159140625 0.2735262484375 0.35947016249999997 0.271736159375 0.337538409375 0.229371196875 0.2595588015625
0 0.2860567828125 0.43663748125 0.2645758921875 0.4423234984375 0.26099580625 0.46912898125 0.28894200625 0.5461743265625 0.2944104125 0.5560438171875 0.3129078515625 0.5576683375 0.32543829375 0.5422348609375 0.3230515703125 0.5243645296875 0.2985872265625 0.45288323124999996 0.2860567828125 0.43663748125
0 0.289636871875 0.57228956875 0.277106428125 0.58447388125 0.2753163375 0.6039687015624999 0.319471390625 0.66732715625 0.3278251109375 0.67545003125 0.33796882968749997 0.67301314375 0.3499026375 0.6624534421875 0.34811254687500004 0.6380848171875 0.305747584375 0.5739140875000001 0.289636871875 0.57228956875
0 0.4638704921875 0.629149665625 0.45134000468749996 0.6437708046874999 0.4561135453125 0.6705763171875 0.493342396875 0.7258395359375001 0.5020586859375 0.7396207593749999 0.515782584375 0.747743634375 0.5330866140625 0.732310159375 0.5324898874999999 0.7087538078125 0.4871414265625 0.6332111031250001 0.4638704921875 0.629149665625
0 0.34930591093749996 0.4796887140625 0.33856555625 0.4910607515625 0.33975891874999997 0.512992521875 0.3739845046875 0.5542947890625001 0.38749415 0.57310178125 0.3994279578125 0.57716321875 0.41553857968749996 0.570664925 0.4179253515625 0.55523148125 0.40957167656250004 0.5349242921874999 0.3678033484375 0.48050102031249997 0.34930591093749996 0.4796887140625
0 0.45253341249999995 0.46912898125 0.46446722031250004 0.47887643906250005 0.47245476562500005 0.46395465625 0.515782584375 0.400896846875 0.5133958140625 0.3765282203125 0.5002686421875 0.3716544765625 0.48475465624999997 0.3773404953125 0.43642274375 0.44638493749999997 0.4346327 0.46425526875 0.4405996046875 0.47156583750000003 0.45253341249999995 0.46912898125
0 0.5581475921875 0.4220163109375 0.555164140625 0.443135775 0.5617277265625 0.4626306875 0.6059864078125 0.47613534843750005 0.6315405281250001 0.4837501515625 0.6464577890625 0.4756272765625 0.6536180546875 0.450446375 0.6428776093749999 0.4342006234375 0.5748549421875 0.413081159375 0.5581475921875 0.4220163109375
0 0.37973715625 0.48618703906249994 0.37675370468749997 0.501620484375 0.40002463906249996 0.5219276734375 0.4328426109375 0.516241653125 0.449549959375 0.5113680015625001 0.46327381093750003 0.5032450640625 0.46685394375 0.4821256015625 0.4573069078125 0.4683167078125 0.3910742828125 0.4764395828125 0.37973715625 0.48618703906249994
0 0.346919184375 0.3537841453125 0.358256265625 0.3659684578125 0.3739845046875 0.358388659375 0.412555128125 0.3229172234375 0.41553857968749996 0.3017977453125 0.4042014546875 0.28473971875 0.3886875125 0.283927428125 0.3445324609375 0.3294155328125 0.346919184375 0.3537841453125
0 0.574258215625 0.5739140875000001 0.5587442734375 0.58772298125 0.565307859375 0.6161530156249999 0.5981258296874999 0.6429585296875 0.6052861421875 0.6527059546875 0.6267669875 0.6535182921875 0.6375074328125 0.6470199671875 0.636314025 0.619402178125 0.5915622453125 0.5828492390625 0.574258215625 0.5739140875000001
1 0.59453125 0.54375 0.05 0.075
1 0.51953125 0.5109375 0.05625 0.0671875
1 0.3375 0.446875 0.059375 0.084375
1 0.45859375 0.59375 0.0453125 0.0734375
1 0.4375 0.63515625 0.025 0.0625
1 0.42578125 0.415625 0.0421875 0.0625
1 0.40390625 0.35390625 0.05625 0.05