0 0.7181634140625001 0.32903825000000003 0.7164284046875 0.35028176875 0.726838375 0.3660177171875 0.7424532859374999 0.368378103125 0.7513762828125 0.3561166328125 0.785249721875 0.2849775953125 0.7800447796875 0.2558660875 0.7592248406250001 0.2535057015625 0.7181634140625001 0.32903825000000003
0 0.692138534375 0.4407634640625 0.6684269406250001 0.510001625 0.666113653125 0.527311171875 0.6782585453125 0.542260334375 0.69618683125 0.5406867937500001 0.7014869796875 0.531127015625 0.7285732968749999 0.4564994109375 0.725103365625 0.4305351046875 0.7042834250000001 0.4250275171875 0.692138534375 0.4407634640625
0 0.6851984953125 0.55799628125 0.64413706875 0.620153284375 0.642402059375 0.6437572046875 0.6539686734375 0.6539855343750001 0.6638002765625 0.6563459515625001 0.6718969593749999 0.6484779765625001 0.7146933953125 0.587107759375 0.7129583859374999 0.5682247015625 0.70081349375 0.556422740625 0.6851984953125 0.55799628125
0 0.5093860015625 0.6154325125 0.465432878125 0.6886046296874999 0.4648545125 0.7114217640625 0.48162611093749996 0.7263709265625 0.49492773437500004 0.718502953125 0.50337583125 0.7051541953125 0.5394591796875 0.651625178125 0.5440858421875 0.6256608421875 0.53194090625 0.611498525 0.5093860015625 0.6154325125
0 0.6250521390625 0.4675145875 0.584568990625 0.5202300140625 0.5764723515625 0.5398999484375 0.578785684375 0.55484908125 0.5944005953125 0.5611434531249999 0.6059672078125 0.5572094671875 0.6190611734375 0.5389926515625 0.6522336625 0.4989864796875 0.65339030625 0.47774294531250006 0.642980425 0.4667277703125 0.6250521390625 0.4675145875
0 0.5544957687500001 0.458859796875 0.560279075 0.4517786390625 0.558544109375 0.4344690921875 0.5116993328125 0.3675913171875 0.4966627 0.3620837296875 0.4839394421875 0.36680453125 0.48162611093749996 0.39040845156250004 0.523620765625 0.45148746093750003 0.531362540625 0.4659409859375 0.5429291546874999 0.4564994109375 0.5544957687500001 0.458859796875
0 0.4243713640625 0.4022104125 0.3584417015625 0.42266713125 0.34803173125 0.438403078125 0.35497168125 0.46279378437499996 0.36942995 0.47066175781249997 0.3941977890625 0.46328591250000006 0.437094665625 0.4502050390625 0.44345629531249997 0.43132189062500004 0.440564640625 0.410865171875 0.4243713640625 0.4022104125
0 0.6024972328125 0.46358059999999995 0.5383025359375 0.45571262656249995 0.529049253125 0.4690881875 0.5325192296875 0.48954490625 0.5458208078125 0.49741293906250006 0.5620140859375 0.5021336515625 0.5938222734374999 0.5076412390625 0.616377178125 0.48797130468749994 0.613485525 0.4730221734375 0.6024972328125 0.46358059999999995
0 0.647607 0.3211702765625 0.6048105640625 0.277109621875 0.5897739750000001 0.277896421875 0.578785684375 0.2944191546875 0.5816773375000001 0.3148758875 0.6190611734375 0.34923420312500003 0.634305465625 0.3565761421875 0.6452937125 0.34477418125 0.647607 0.3211702765625
0 0.40817813125 0.5666510406249999 0.3648033296875 0.602056921875 0.3636466421875 0.6288080421875 0.3740566125 0.6351024453125 0.3948765078125 0.6343156 0.40181650312499995 0.62487405625 0.43362469062500003 0.5989097203125 0.43998631875000005 0.5713718421875 0.4249497296875 0.55799628125 0.40817813125 0.5666510406249999
1 0.40546875 0.528125 0.04765625 0.0734375
1 0.47734375 0.496875 0.05390625 0.065625
1 0.6546875 0.43515625 0.0578125 0.0828125
1 0.53671875 0.57734375 0.04453125 0.07109375
1 0.55703125 0.61796875 0.02421875 0.0609375
1 0.56875 0.4046875 0.040625 0.06171875
1 0.58984375 0.3453125 0.05390625 0.0484375