1 0.2935308482195817 0.7698648679583201 0.019213650162155815 0.026780676002545432
1 0.2947247500032953 0.47772282129218374 0.02088524431795715 0.03304885733609062
1 0.3153508957012242 0.459517713956093 0.02088524431795715 0.033048857336090795
1 0.3336060178602028 0.4429023786203203 0.020857970779006772 0.0314863573360908
1 0.35264239001918135 0.426277952617775 0.019295470779006774 0.03146817600254544
1 0.27241732752000514 0.5474995192950471 0.022393197240056485 0.029942038669636163
1 0.2914536996789837 0.5308750932925019 0.020830697240056484 0.0299238573360908
1 0.30968154829901196 0.5158222579567292 0.01929547077900686 0.03146817600254544
1 0.3287451939969409 0.49763533195418397 0.02088524431795715 0.03304885733609062
1 0.34857645292539463 0.48022056528486584 0.020857970779006772 0.0314863573360908
1 0.3668043015454229 0.4651677299490933 0.02088524431795715 0.033048857336090795
1 0.287387762585197 0.5848177059595928 0.024119338473758488 0.0393352200031817
1 0.30561561120522523 0.5697648706238201 0.0256545649348082 0.037790901336727245
1 0.3246519833642038 0.5531404446212749 0.02568183847375849 0.039353401336727246
1 0.3429480158316079 0.5341813592855023 0.0256545649348082 0.037790901336727065
1 0.3627656379905865 0.5175478426161841 0.02406479139585782 0.036210220003181706
1 0.38178837338008986 0.5017046666136388 0.024037517856907442 0.034647720003181705