1 0.7390625 0.2640625 0.025 0.015625
1 0.44765625 0.30625 0.03125 0.015625
1 0.4328125 0.32890625 0.03125 0.015625
1 0.41953125 0.34921875 0.028125 0.015625
1 0.40703125 0.37109375 0.0296875 0.015625
1 0.5140625 0.27421875 0.028125 0.01875
1 0.50078125 0.2953125 0.028125 0.015625
1 0.48828125 0.315625 0.0296875 0.015625
1 0.4734375 0.33671875 0.03125 0.015625
1 0.46015625 0.35859375 0.028125 0.015625
1 0.446875 0.3796875 0.03125 0.015625
1 0.55390625 0.28359375 0.0359375 0.01875
1 0.54140625 0.30390625 0.034375 0.01875
1 0.528125 0.325 0.0375 0.01875
1 0.51328125 0.34609375 0.034375 0.01875
1 0.5 0.36875 0.034375 0.01875
1 0.48671875 0.38828125 0.03125 0.01875