1 0.40234375 0.41328125 0.1328125 0.2078125
1 0.29375 0.534375 0.13125 0.20703125
1 0.1859375 0.65703125 0.14375 0.20390625
1 0.07578125 0.77890625 0.1328125 0.20859375
1 0.30390625 0.8375 0.1359375 0.190625
1 0.4109375 0.72734375 0.13125 0.20546875
1 0.51796875 0.6046875 0.1359375 0.2046875
1 0.62734375 0.48515625 0.13203125 0.2125
1 0.784375 0.27890625 0.13984375 0.22109375
1 0.8890625 0.15703125 0.12734375 0.20859375
1 0.665625 0.09453125 0.1375 0.1890625
1 0.9546875 0.54609375 0.090625 0.20703125
1 0.86328125 0.6671875 0.1359375 0.2109375
1 0.7578125 0.78828125 0.1375 0.21015625
1 0.18203125 0.14296875 0.14140625 0.21328125
1 0.0484375 0.35546875 0.096875 0.2265625
1 0.2953125 0.0640625 0.14375 0.128125
1 0.9546875 0.84296875 0.090625 0.17109375