1 0.5625 0.571875 0.221875 0.1421875
1 0.4328125 0.68828125 0.221875 0.140625
1 0.3015625 0.80390625 0.21875 0.153125
1 0.17109375 0.921875 0.2234375 0.1421875
1 0.109375 0.678125 0.203125 0.1453125
1 0.2265625 0.56328125 0.21875 0.140625
1 0.3578125 0.44921875 0.21875 0.1453125
1 0.4859375 0.33203125 0.228125 0.140625
1 0.70546875 0.1640625 0.2359375 0.15
1 0.8375 0.0609375 0.225 0.121875
1 0.90078125 0.29296875 0.1984375 0.15
1 0.4203125 0.015625 0.221875 0.03125
1 0.29140625 0.0796875 0.225 0.1453125
1 0.1609375 0.19296875 0.225 0.146875
1 0.85078125 0.8078125 0.228125 0.1515625
1 0.62421875 0.95 0.240625 0.1
1 0.93359375 0.68828125 0.1328125 0.1546875
1 0.10390625 0.015625 0.1828125 0.03125