1 0.39921875 0.404790170757905 0.140625 0.21659176959604132
1 0.2953125 0.5328135338483133 0.1390625 0.2149838054894186
1 0.19140625 0.6623993969387216 0.15 0.21373955423577726
1 0.0859375 0.7912494741357525 0.140625 0.21659176959604132
1 0.315625 0.8345662504622183 0.1421875 0.19944973370266403
1 0.41875 0.7182843694251215 0.1390625 0.2134213054894186
1 0.521875 0.5887212383880245 0.14375 0.21355769780928674
1 0.6265625 0.46223764324430483 0.1390625 0.2212338054894186
1 0.7765625 0.2461543390085275 0.146875 0.230836126022532
1 0.8765625 0.11824463618467589 0.134375 0.21640991316955055
1 0.6515625 0.08453515822149264 0.14375 0.16907031644298529
1 0.953125 0.5019543949601645 0.09375 0.21210284639736088
1 0.86875 0.6294094567177894 0.14375 0.21980769780928675
1 0.76796875 0.7565606415949522 0.1453125 0.2182906619159093
1 0.16953125 0.1489733944314391 0.1484375 0.2230690901291547
1 0.04765625 0.3697070947480082 0.0953125 0.2324608105039836
1 0.28046875 0.06574936896290304 0.1484375 0.13149873792580608
1 0.95859375 0.7978890205869851 0.0828125 0.1758470976510022